%YAML:1.0
image_width: 2048
image_height: 1536
camera_matrix: !!opencv-matrix
   rows: 3
   cols: 3
   dt: d
   data: [ 2.306271239869685e+03 ,0.000625660686505e+03, 1.036064556028612e+03, 0.0, 2.306233828259955e+03, 0.797775219290470e+03, 0.0, 0.0, 1.0 ]
distortion_coefficients: !!opencv-matrix
   rows: 1
   cols: 5
   dt: d
   data: [-2.40537610779083e-01, 2.30409642391842e-01, -1.11811529174325e-01, -0.103732395821058e-03, 0.163870021052567e-03]
