%YAML:1.0
image_width: 2048
image_height: 1536
camera_matrix: !!opencv-matrix
   rows: 3
   cols: 3
   dt: d
   data: [ 2.1742285497994644e+03 ,0.0, 1.0585124352335515e+03, 0.0, 2.1834371437552527e+03, 8.3380515034517452e+02, 0.0, 0.0, 1.0 ]
distortion_coefficients: !!opencv-matrix
   rows: 1
   cols: 5
   dt: d
   data: [-2.3646638455924696e-01, 1.8538700606070738e-01, -1.4635424579430090e-03, 3.6616013209817078e-03, -8.9736280250555356e-02]
