%YAML:1.0
---
aruco_bc_dict: ARUCO_MIP_36h12
aruco_bc_nmarkers: 6
aruco_bc_mInfoType: 1
aruco_bc_markers:
   - { id:1, corners:[ [ -2.1060001850128174e-01, 0., 0. ], [
       -7.0200003683567047e-02, 0., 0. ], [ -7.0200003683567047e-02,
       -1.4040000736713409e-01, 0. ], [ -2.1060001850128174e-01,
       -1.4040000736713409e-01, 0. ] ] }
   - { id:2, corners:[ [ -5.6160002946853638e-02, 0., 0. ], [
       8.4240004420280457e-02, 0., 0. ], [ 8.4240004420280457e-02,
       -1.4040000736713409e-01, 0. ], [ -5.6160002946853638e-02,
       -1.4040000736713409e-01, 0. ] ] }
   - { id:3, corners:[ [ 9.8280005156993866e-02, 0., 0. ], [
       2.3868001997470856e-01, 0., 0. ], [ 2.3868001997470856e-01,
       -1.4040000736713409e-01, 0. ], [ 9.8280005156993866e-02,
       -1.4040000736713409e-01, 0. ] ] }
   - { id:4, corners:[ [ -2.1060001850128174e-01, 1.5444001555442810e-01,
       0. ], [ -7.0200003683567047e-02, 1.5444001555442810e-01, 0. ], [
       -7.0200003683567047e-02, 1.4040000736713409e-02, 0. ], [
       -2.1060001850128174e-01, 1.4040000736713409e-02, 0. ] ] }
   - { id:5, corners:[ [ -5.6160002946853638e-02, 1.5444001555442810e-01,
       0. ], [ 8.4240004420280457e-02, 1.5444001555442810e-01, 0. ], [
       8.4240004420280457e-02, 1.4040000736713409e-02, 0. ], [
       -5.6160002946853638e-02, 1.4040000736713409e-02, 0. ] ] }
   - { id:6, corners:[ [ 9.8280005156993866e-02, 1.5444001555442810e-01,
       0. ], [ 2.3868001997470856e-01, 1.5444001555442810e-01, 0. ], [
       2.3868001997470856e-01, 1.4040000736713409e-02, 0. ], [
       9.8280005156993866e-02, 1.4040000736713409e-02, 0. ] ] }
