%YAML:1.0
---
aruco_bc_dict: ARUCO_MIP_36h12
aruco_bc_nmarkers: 6
aruco_bc_mInfoType: 1
aruco_bc_markers:
   - { id:1, corners:[ [ -5.3811800479888916e-01,
       -3.1654000282287598e-02, 0. ], [ -2.2157800197601318e-01,
       -3.1654000282287598e-02, 0. ], [ -2.2157800197601318e-01,
       -3.4819400310516357e-01, 0. ], [ -5.3811800479888916e-01,
       -3.4819400310516357e-01, 0. ] ] }
   - { id:2, corners:[ [ -1.5827000141143799e-01,
       -3.1654000282287598e-02, 0. ], [ 1.5827000141143799e-01,
       -3.1654000282287598e-02, 0. ], [ 1.5827000141143799e-01,
       -3.4819400310516357e-01, 0. ], [ -1.5827000141143799e-01,
       -3.4819400310516357e-01, 0. ] ] }
   - { id:3, corners:[ [ 2.2157800197601318e-01, -3.1654000282287598e-02,
       0. ], [ 5.3811800479888916e-01, -3.1654000282287598e-02, 0. ], [
       5.3811800479888916e-01, -3.4819400310516357e-01, 0. ], [
       2.2157800197601318e-01, -3.4819400310516357e-01, 0. ] ] }
   - { id:4, corners:[ [ -5.3811800479888916e-01, 3.4819400310516357e-01,
       0. ], [ -2.2157800197601318e-01, 3.4819400310516357e-01, 0. ], [
       -2.2157800197601318e-01, 3.1654000282287598e-02, 0. ], [
       -5.3811800479888916e-01, 3.1654000282287598e-02, 0. ] ] }
   - { id:5, corners:[ [ -1.5827000141143799e-01, 3.4819400310516357e-01,
       0. ], [ 1.5827000141143799e-01, 3.4819400310516357e-01, 0. ], [
       1.5827000141143799e-01, 3.1654000282287598e-02, 0. ], [
       -1.5827000141143799e-01, 3.1654000282287598e-02, 0. ] ] }
   - { id:6, corners:[ [ 2.2157800197601318e-01, 3.4819400310516357e-01,
       0. ], [ 5.3811800479888916e-01, 3.4819400310516357e-01, 0. ], [
       5.3811800479888916e-01, 3.1654000282287598e-02, 0. ], [
       2.2157800197601318e-01, 3.1654000282287598e-02, 0. ] ] }
