%YAML:1.0
---
aruco_bc_dict: ARUCO_MIP_36h12
aruco_bc_nmarkers: 6
aruco_bc_mInfoType: 1
aruco_bc_markers:
   - { id:1, corners:[ [ -5.8988159894943237e-01,
       -1.6758000478148460e-02, 0. ], [ -2.2120560705661774e-01,
       -1.6758000478148460e-02, 0. ], [ -2.2120560705661774e-01,
       -3.8543400168418884e-01, 0. ], [ -5.8988159894943237e-01,
       -3.8543400168418884e-01, 0. ] ] }
   - { id:2, corners:[ [ -1.8433800339698792e-01,
       -1.6758000478148460e-02, 0. ], [ 1.8433800339698792e-01,
       -1.6758000478148460e-02, 0. ], [ 1.8433800339698792e-01,
       -3.8543400168418884e-01, 0. ], [ -1.8433800339698792e-01,
       -3.8543400168418884e-01, 0. ] ] }
   - { id:3, corners:[ [ 2.2120560705661774e-01, -1.6758000478148460e-02,
       0. ], [ 5.8988159894943237e-01, -1.6758000478148460e-02, 0. ], [
       5.8988159894943237e-01, -3.8543400168418884e-01, 0. ], [
       2.2120560705661774e-01, -3.8543400168418884e-01, 0. ] ] }
   - { id:4, corners:[ [ -5.8988159894943237e-01, 3.8506162166595459e-01,
       0. ], [ -1.8433800339698792e-01, 3.8506162166595459e-01, 0. ], [
       -1.8433800339698792e-01, 1.6385599970817566e-02, 0. ], [
       -5.8988159894943237e-01, 1.6385599970817566e-02, 0. ] ] }
   - { id:5, corners:[ [ -1.8433800339698792e-01, 3.8506162166595459e-01,
       0. ], [ 2.2120560705661774e-01, 3.8506162166595459e-01, 0. ], [
       2.2120560705661774e-01, 1.6385599970817566e-02, 0. ], [
       -1.8433800339698792e-01, 1.6385599970817566e-02, 0. ] ] }
   - { id:6, corners:[ [ 2.2120560705661774e-01, 3.8506162166595459e-01,
       0. ], [ 5.8988159894943237e-01, 3.8506162166595459e-01, 0. ], [
       5.8988159894943237e-01, 1.6385599970817566e-02, 0. ], [
       2.2120560705661774e-01, 1.6385599970817566e-02, 0. ] ] }
