%YAML:1.0
---
aruco_bc_dict: ARUCO_MIP_36h12
aruco_bc_nmarkers: 6
aruco_bc_mInfoType: 1
aruco_bc_markers:
   - { id:1, corners:[ [ -4.4580000638961792e-01, 0., 0. ], [
       -1.4859999716281891e-01, 0., 0. ], [ -1.4859999716281891e-01,
       -2.9719999432563782e-01, 0. ], [ -4.4580000638961792e-01,
       -2.9719999432563782e-01, 0. ] ] }
   - { id:2, corners:[ [ -8.9160002768039703e-02, 0., 0. ], [
       2.0803999900817871e-01, 0., 0. ], [ 2.0803999900817871e-01,
       -2.9719999432563782e-01, 0. ], [ -8.9160002768039703e-02,
       -2.9719999432563782e-01, 0. ] ] }
   - { id:3, corners:[ [ 2.6748001575469971e-01, 0., 0. ], [
       5.6467998027801514e-01, 0., 0. ], [ 5.6467998027801514e-01,
       -2.9719999432563782e-01, 0. ], [ 2.6748001575469971e-01,
       -2.9719999432563782e-01, 0. ] ] }
   - { id:4, corners:[ [ -4.4580000638961792e-01, 3.5664001107215881e-01,
       0. ], [ -1.4859999716281891e-01, 3.5664001107215881e-01, 0. ], [
       -1.4859999716281891e-01, 5.9440001845359802e-02, 0. ], [
       -4.4580000638961792e-01, 5.9440001845359802e-02, 0. ] ] }
   - { id:5, corners:[ [ -8.9160002768039703e-02, 3.5664001107215881e-01,
       0. ], [ 2.0803999900817871e-01, 3.5664001107215881e-01, 0. ], [
       2.0803999900817871e-01, 5.9440001845359802e-02, 0. ], [
       -8.9160002768039703e-02, 5.9440001845359802e-02, 0. ] ] }
   - { id:6, corners:[ [ 2.6748001575469971e-01, 3.5664001107215881e-01,
       0. ], [ 5.6467998027801514e-01, 3.5664001107215881e-01, 0. ], [
       5.6467998027801514e-01, 5.9440001845359802e-02, 0. ], [
       2.6748001575469971e-01, 5.9440001845359802e-02, 0. ] ] }
