%YAML:1.0
---
aruco_bc_dict: ARUCO_MIP_36h12
aruco_bc_nmarkers: 6
aruco_bc_mInfoType: 0
aruco_bc_markers:
   - { id:1, corners:[ [ -1500., 0., 0. ], [ -500., 0., 0. ], [ -500.,
       -1000., 0. ], [ -1500., -1000., 0. ] ] }
   - { id:2, corners:[ [ -400., 0., 0. ], [ 600., 0., 0. ], [ 600.,
       -1000., 0. ], [ -400., -1000., 0. ] ] }
   - { id:3, corners:[ [ 700., 0., 0. ], [ 1700., 0., 0. ], [ 1700.,
       -1000., 0. ], [ 700., -1000., 0. ] ] }
   - { id:4, corners:[ [ -1500., 1100., 0. ], [ -500., 1100., 0. ], [
       -500., 100., 0. ], [ -1500., 100., 0. ] ] }
   - { id:5, corners:[ [ -400., 1100., 0. ], [ 600., 1100., 0. ], [ 600.,
       100., 0. ], [ -400., 100., 0. ] ] }
   - { id:6, corners:[ [ 700., 1100., 0. ], [ 1700., 1100., 0. ], [
       1700., 100., 0. ], [ 700., 100., 0. ] ] }
