%YAML:1.0
---
aruco_bc_dict: ARUCO_MIP_36h12
aruco_bc_nmarkers: 6
aruco_bc_mInfoType: 1
aruco_bc_markers:
   - { id:1, corners:[ [ -1.8524999916553497e-01, 0., 0. ], [
       -6.1749998480081558e-02, 0., 0. ], [ -6.1749998480081558e-02,
       -1.2349999696016312e-01, 0. ], [ -1.8524999916553497e-01,
       -1.2349999696016312e-01, 0. ] ] }
   - { id:2, corners:[ [ -4.9399998039007187e-02, 0., 0. ], [
       7.4099995195865631e-02, 0., 0. ], [ 7.4099995195865631e-02,
       -1.2349999696016312e-01, 0. ], [ -4.9399998039007187e-02,
       -1.2349999696016312e-01, 0. ] ] }
   - { id:3, corners:[ [ 8.6449995636940002e-02, 0., 0. ], [
       2.0994998514652252e-01, 0., 0. ], [ 2.0994998514652252e-01,
       -1.2349999696016312e-01, 0. ], [ 8.6449995636940002e-02,
       -1.2349999696016312e-01, 0. ] ] }
   - { id:4, corners:[ [ -1.8524999916553497e-01, 1.3584999740123749e-01,
       0. ], [ -6.1749998480081558e-02, 1.3584999740123749e-01, 0. ], [
       -6.1749998480081558e-02, 1.2349999509751797e-02, 0. ], [
       -1.8524999916553497e-01, 1.2349999509751797e-02, 0. ] ] }
   - { id:5, corners:[ [ -4.9399998039007187e-02, 1.3584999740123749e-01,
       0. ], [ 7.4099995195865631e-02, 1.3584999740123749e-01, 0. ], [
       7.4099995195865631e-02, 1.2349999509751797e-02, 0. ], [
       -4.9399998039007187e-02, 1.2349999509751797e-02, 0. ] ] }
   - { id:6, corners:[ [ 8.6449995636940002e-02, 1.3584999740123749e-01,
       0. ], [ 2.0994998514652252e-01, 1.3584999740123749e-01, 0. ], [
       2.0994998514652252e-01, 1.2349999509751797e-02, 0. ], [
       8.6449995636940002e-02, 1.2349999509751797e-02, 0. ] ] }
