CCD_timestamp(epoch);CCD_pos(x);y; z;CCD_quat(q_w);q_x;q_y;q_z;Monitor_timestamp(epoch);Monitor_pos_(x);y;z;Monitor_quat(q_w);q_x;q_y;q_z;Image_seq;Image_framestamp(epoch);Image_frameID
1620231166.4855000973;-0.0230474068;-1.2756622388;1.6368223489;0.7196853453;-0.0120854913;0.0059330851;0.6941698230;1620231166.4775230885;-0.0537097973;5.2450362996;1.4840689414;0.7068016056;0.0062571013;0.0071629774;-0.7073478852;1;1620231166.513518369;1
1620231166.4936289787;-0.0230480697;-1.2757426318;1.6375502919;0.7195869099;-0.0121922098;0.0060270313;0.6942691870;1620231166.4855210781;-0.0537306418;5.2450458409;1.4840749706;0.7068032796;0.0062589107;0.0071679867;-0.7073461458;1;1620231166.513518369;1
1620231166.5020051003;-0.0230903053;-1.2757968837;1.6383280715;0.7195166215;-0.0119618510;0.0062489263;0.6943440764;1620231166.4936530590;-0.0537164830;5.2450413525;1.4840677706;0.7068009613;0.0062574263;0.0071680633;-0.7073484746;1;1620231166.513518369;1
1620231166.5107269287;-0.0230421000;-1.2758434568;1.6389934285;0.7196388841;-0.0117876203;0.0065227760;0.6942178202;1620231166.5020270348;-0.0537324857;5.2450376325;1.4840760862;0.7068001602;0.0062491522;0.0071608485;-0.7073494214;2;1620231166.539489809;2
1620231166.5199110508;-0.0231951826;-1.2759020566;1.6397025871;0.7194913940;-0.0115681538;0.0068032762;0.6943716780;1620231166.5107479095;-0.0537022303;5.2450410830;1.4840731283;0.7067974153;0.0062515510;0.0071621664;-0.7073521296;2;1620231166.539489809;2
1620231166.5284430981;-0.0233135067;-1.2760072796;1.6403768078;0.7193289188;-0.0113661999;0.0072505359;0.6945388008;1620231166.5199339390;-0.0537091648;5.2450427082;1.4840725985;0.7068001752;0.0062565257;0.0071709657;-0.7073492387;2;1620231166.539489809;2
1620231166.5452530384;-0.0233931948;-1.2761152287;1.6417585466;0.7191756744;-0.0114241768;0.0074215483;0.6946947230;1620231166.5284669399;-0.0537354382;5.2450300924;1.4840779551;0.7068018051;0.0062429998;0.0071551392;-0.7073478898;2;1620231166.539489809;2
1620231166.5538539886;-0.0233210363;-1.2761520354;1.6424648532;0.7193483507;-0.0113502348;0.0075690854;0.6945155372;1620231166.5453081131;-0.0537087728;5.2450466620;1.4840721688;0.7067996034;0.0062626171;0.0071734418;-0.7073497311;3;1620231166.591432521;3
1620231166.5617620945;-0.0233894187;-1.2762134826;1.6430856494;0.7192898835;-0.0114454099;0.0077775968;0.6945722245;1620231166.5538771152;-0.0537069188;5.2450416644;1.4840721394;0.7068002465;0.0062583785;0.0071654720;-0.7073492068;3;1620231166.591432521;3
1620231166.5774669647;-0.0235481805;-1.2763670772;1.6443695795;0.7190410513;-0.0121636398;0.0078512871;0.6948167885;1620231166.5618169308;-0.0537047864;5.2450389887;1.4840664786;0.7068019713;0.0062606327;0.0071649803;-0.7073474683;3;1620231166.591432521;3
1620231166.5847160816;-0.0235747310;-1.2764382228;1.6449860048;0.7190193861;-0.0126544738;0.0076088722;0.6948331395;1620231166.5774800777;-0.0537136043;5.2450306122;1.4840699311;0.7068013794;0.0062495761;0.0071591770;-0.7073482162;4;1620231166.617403817;4
1620231166.5932219028;-0.0234643563;-1.2764817138;1.6456126732;0.7191957993;-0.0129834409;0.0074969564;0.6946456854;1620231166.5847280025;-0.0537102661;5.2450404144;1.4840695224;0.7068042329;0.0062611057;0.0071679347;-0.7073451743;4;1620231166.617403817;4
1620231166.6014070511;-0.0235205177;-1.2765484715;1.6462653057;0.7191751680;-0.0129769720;0.0075195584;0.6946669217;1620231166.5932340622;-0.0537022411;5.2450403443;1.4840687946;0.7068019674;0.0062599302;0.0071658055;-0.7073474700;4;1620231166.617403817;4
1620231166.6095240116;-0.0236116550;-1.2766425632;1.6469433549;0.7191445105;-0.0129151255;0.0075521255;0.6946994587;1620231166.6014349461;-0.0537066194;5.2450379492;1.4840705190;0.7068036254;0.0062564299;0.0071630018;-0.7073458727;4;1620231166.617403817;4
1620231166.6264309883;-0.0236263824;-1.2768204431;1.6482704814;0.7190788614;-0.0129085288;0.0073196720;0.6947700220;1620231166.6095490456;-0.0537069009;5.2450428460;1.4840690511;0.7068027646;0.0062584782;0.0071668809;-0.7073466754;5;1620231166.643375241;5
1620231166.6348168850;-0.0234953246;-1.2769016126;1.6489431791;0.7192610692;-0.0127799759;0.0072480110;0.6945845182;1620231166.6264419556;-0.0537086662;5.2450423968;1.4840722345;0.7068014221;0.0062548798;0.0071635674;-0.7073480823;5;1620231166.643375241;5
1620231166.6430349350;-0.0234739361;-1.2769855047;1.6495744493;0.7193652031;-0.0125222603;0.0072452493;0.6944813921;1620231166.6348381042;-0.0537028951;5.2450382061;1.4840692490;0.7068020309;0.0062608548;0.0071659542;-0.7073473969;5;1620231166.643375241;5
1620231166.6514298916;-0.0235278200;-1.2770815394;1.6501951364;0.7193591562;-0.0122201363;0.0073854758;0.6944915603;1620231166.6430590153;-0.0537118684;5.2450428687;1.4840698381;0.7068001189;0.0062607387;0.0071701304;-0.7073492661;6;1620231166.695317905;6
1620231166.6596379280;-0.0235523594;-1.2771775968;1.6508269353;0.7192797591;-0.0120078711;0.0073874111;0.6945774725;1620231166.6514420509;-0.0537083784;5.2450357745;1.4840712283;0.7068000776;0.0062481556;0.0071610718;-0.7073495104;6;1620231166.695317905;6
1620231166.6762468815;-0.0234410277;-1.2773459969;1.6519903730;0.7193711173;-0.0117972213;0.0075961384;0.6944842114;1620231166.6596500874;-0.0537323357;5.2450348636;1.4840719801;0.7068028316;0.0062556217;0.0071636408;-0.7073466666;6;1620231166.695317905;6
1620231166.6847479343;-0.0233025768;-1.2774038483;1.6525311155;0.7195855011;-0.0118284277;0.0076920509;0.6942604895;1620231166.6762590408;-0.0537066738;5.2450290361;1.4840685775;0.7068012689;0.0062486952;0.0071558344;-0.7073483683;6;1620231166.695317905;6
1620231166.6928091049;-0.0233011447;-1.2774533148;1.6530314338;0.7195999748;-0.0119815661;0.0078347581;0.6942412656;1620231166.6847729683;-0.0537103942;5.2450359088;1.4840719827;0.7068005304;0.0062507985;0.0071621565;-0.7073490236;7;1620231166.721289305;7
1620231166.7015559673;-0.0232702423;-1.2775436286;1.6534959628;0.7196106494;-0.0124668820;0.0079404296;0.6942204547;1620231166.6928210258;-0.0537101955;5.2450377463;1.4840688839;0.7068014699;0.0062564220;0.0071645580;-0.7073480108;7;1620231166.721289305;7
1620231166.7094779015;-0.0233410644;-1.2775886179;1.6539747682;0.7194744900;-0.0129018018;0.0079511178;0.6943534989;1620231166.7015678883;-0.0537118825;5.2450336834;1.4840687482;0.7068035128;0.0062547722;0.0071613705;-0.7073460164;7;1620231166.721289305;7
1620231166.7263169289;-0.0233423043;-1.2776849959;1.6548948297;0.7194209129;-0.0140829124;0.0079698033;0.6943858466;1620231166.7094900608;-0.0537146289;5.2450396304;1.4840683626;0.7068023993;0.0062575563;0.0071677920;-0.7073470393;7;1620231166.721289305;7
1620231166.7347550392;-0.0232644729;-1.2777485414;1.6553128341;0.7195126934;-0.0146671561;0.0080081112;0.6942782070;1620231166.7263278961;-0.0537038848;5.2450333834;1.4840719848;0.7067978746;0.0062462895;0.0071593593;-0.7073517456;8;1620231166.773231961;8
1620231166.7429559231;-0.0233111304;-1.2778193433;1.6557860617;0.7194962607;-0.0152057973;0.0079767667;0.6942840095;1620231166.7347669601;-0.0537071598;5.2450345881;1.4840688980;0.7068003803;0.0062493898;0.0071595602;-0.7073492124;8;1620231166.773231961;8
1620231166.7515869141;-0.0233015991;-1.2778660985;1.6562657948;0.7195711485;-0.0156226288;0.0080069166;0.6941967913;1620231166.7429680824;-0.0537151053;5.2450398737;1.4840684981;0.7068012774;0.0062566575;0.0071695912;-0.7073481501;8;1620231166.773231961;8
1620231166.7594959736;-0.0232082147;-1.2779126923;1.6567632571;0.7196025806;-0.0161912509;0.0077381059;0.6941542272;1620231166.7515990734;-0.0537296376;5.2450401777;1.4840718721;0.7068013267;0.0062529600;0.0071626760;-0.7073482036;9;1620231166.799203353;9
1620231166.7759709358;-0.0232977450;-1.2780512346;1.6578118178;0.7195255481;-0.0167919550;0.0073161080;0.6942243805;1620231166.7595069408;-0.0537108302;5.2450400751;1.4840681615;0.7068027822;0.0062603350;0.0071686403;-0.7073466235;9;1620231166.799203353;9
1620231166.7847249508;-0.0232058510;-1.2781182198;1.6583720590;0.7196683952;-0.0170156621;0.0068900191;0.6940752090;1620231166.7759830952;-0.0537283607;5.2450344827;1.4840738371;0.7068014560;0.0062503230;0.0071586974;-0.7073481379;9;1620231166.799203353;9
1620231166.7937901020;-0.0232324644;-1.2781879075;1.6589947650;0.7197499336;-0.0167791264;0.0064267600;0.6940008579;1620231166.7847371101;-0.0537117787;5.2450371646;1.4840667698;0.7068011153;0.0062544417;0.0071636424;-0.7073483920;9;1620231166.799203353;9
1620231166.8021910191;-0.0232239310;-1.2782500236;1.6596015854;0.7197919450;-0.0166073443;0.0061927320;0.6939635452;1620231166.7938010693;-0.0537103079;5.2450340564;1.4840726601;0.7068010839;0.0062522958;0.0071612093;-0.7073484669;10;1620231166.825174641;10
1620231166.8101639748;-0.0230916346;-1.2783219782;1.6601649271;0.7199991388;-0.0164771681;0.0060028242;0.6937533489;1620231166.8022160530;-0.0537193296;5.2450440558;1.4840677556;0.7068027184;0.0062616048;0.0071750540;-0.7073466111;10;1620231166.825174641;10
1620231166.8267591000;-0.0231236002;-1.2784433308;1.6614525661;0.7199998665;-0.0158936534;0.0053165045;0.6937718060;1620231166.8101871014;-0.0537155453;5.2450304045;1.4840697954;0.7068027576;0.0062486428;0.0071583234;-0.7073468561;10;1620231166.825174641;10
1620231166.8445620537;-0.0230349491;-1.2786040429;1.6627036070;0.7205825691;-0.0154684325;0.0046045997;0.6931812795;1620231166.8267810345;-0.0537150987;5.2450432886;1.4840670483;0.7068040896;0.0062647542;0.0071712880;-0.7073452512;11;1620231166.877117329;11
1620231166.8525450230;-0.0230078053;-1.2786598178;1.6632929044;0.7207090254;-0.0153325422;0.0043470907;0.6930544832;1620231166.8445858955;-0.0537036234;5.2450336024;1.4840669501;0.7067983063;0.0062462928;0.0071566963;-0.7073513410;11;1620231166.877117329;11
1620231166.8604359627;-0.0230275868;-1.2787200504;1.6639015675;0.7207127750;-0.0152441610;0.0041294941;0.6930538643;1620231166.8525700569;-0.0537131575;5.2450389515;1.4840646453;0.7068044548;0.0062600633;0.0071685632;-0.7073449555;11;1620231166.877117329;11
1620231166.8773529530;-0.0229824415;-1.2788171049;1.6650620058;0.7207987528;-0.0151034328;0.0039845645;0.6929683741;1620231166.8604590893;-0.0537114442;5.2450318599;1.4840701435;0.7068026053;0.0062501355;0.0071624947;-0.7073469528;12;1620231166.903088697;12
1620231166.8861629963;-0.0230961793;-1.2788865534;1.6656969585;0.7207689604;-0.0149464200;0.0039083355;0.6930032000;1620231166.8773639202;-0.0537085747;5.2450370251;1.4840709711;0.7068001183;0.0062499843;0.0071621973;-0.7073494422;12;1620231166.903088697;12
1620231166.8946158886;-0.0231223520;-1.2789169335;1.6663145186;0.7206176632;-0.0150300461;0.0037362951;0.6931596651;1620231166.8861858845;-0.0537053103;5.2450367258;1.4840674263;0.7068004913;0.0062574059;0.0071632792;-0.7073489930;12;1620231166.903088697;12
1620231166.9029910564;-0.0231129782;-1.2789487637;1.6668872900;0.7206775665;-0.0148866664;0.0037598183;0.6931003507;1620231166.8946390152;-0.0537109740;5.2450412250;1.4840667509;0.7067997769;0.0062618646;0.0071685060;-0.7073496144;12;1620231166.903088697;12
1620231166.9116849899;-0.0231365385;-1.2790087539;1.6674445485;0.7207119160;-0.0147536500;0.0039153958;0.6930666156;1620231166.9030160904;-0.0537055584;5.2450420420;1.4840703321;0.7068004599;0.0062563563;0.0071660225;-0.7073490058;13;1620231166.955031465;13
1620231166.9191100597;-0.0232208797;-1.2790664859;1.6680616209;0.7204541847;-0.0145303853;0.0039663684;0.6933389529;1620231166.9116959572;-0.0537041254;5.2450429793;1.4840661814;0.7068014752;0.0062629485;0.0071690109;-0.7073479027;13;1620231166.955031465;13
1620231166.9360449314;-0.0233171450;-1.2791949180;1.6692482508;0.7201670613;-0.0137417314;0.0045663340;0.6936495637;1620231166.9191329479;-0.0537134158;5.2450419133;1.4840687001;0.7068005162;0.0062557313;0.0071676498;-0.7073489385;13;1620231166.955031465;13
1620231166.9441208839;-0.0233349955;-1.2792515103;1.6698728971;0.7200792287;-0.0133765163;0.0047106145;0.6937469159;1620231166.9360690117;-0.0537170206;5.2450397558;1.4840687148;0.7068027899;0.0062572713;0.0071651354;-0.7073466785;14;1620231166.981002745;14
1620231166.9526669979;-0.0233386404;-1.2793126424;1.6704463250;0.7200026948;-0.0130198165;0.0051033687;0.6938303535;1620231166.9441330433;-0.0537105368;5.2450394303;1.4840706691;0.7067994071;0.0062566635;0.0071655467;-0.7073500599;14;1620231166.981002745;14
1620231166.9604659081;-0.0235004626;-1.2793521405;1.6710860592;0.7197885427;-0.0123528986;0.0054777716;0.6940618515;1620231166.9526910782;-0.0537030714;5.2450384784;1.4840678015;0.7067984596;0.0062530663;0.0071615978;-0.7073510784;14;1620231166.981002745;14
1620231166.9690330029;-0.0234786881;-1.2794549548;1.6715389067;0.7197401428;-0.0124665869;0.0058643479;0.6941068509;1620231166.9604890347;-0.0537240633;5.2450436066;1.4840687438;0.7068027347;0.0062604863;0.0071682258;-0.7073466739;14;1620231166.981002745;14
1620231166.9857249260;-0.0237572755;-1.2795562350;1.6727348241;0.7193104901;-0.0117371907;0.0066675297;0.6945575579;1620231166.9690570831;-0.0537368091;5.2450350901;1.4840725960;0.7068022603;0.0062484418;0.0071576055;-0.7073473620;15;1620231167.006974121;15
1620231166.9944999218;-0.0237403241;-1.2795854677;1.6732881392;0.7191934769;-0.0117455591;0.0067967497;0.6946773271;1620231166.9857490063;-0.0537347314;5.2450411738;1.4840707957;0.7068030814;0.0062554352;0.0071665778;-0.7073463889;15;1620231167.006974121;15
1620231167.0029048920;-0.0237818390;-1.2796437959;1.6738369459;0.7191043052;-0.0119568053;0.0069258507;0.6947647557;1620231166.9945240021;-0.0537124220;5.2450308897;1.4840700857;0.7068017501;0.0062511148;0.0071594562;-0.7073478295;15;1620231167.006974121;15
1620231167.0111100674;-0.0237270690;-1.2796703455;1.6744135784;0.7193016475;-0.0120979854;0.0069051738;0.6945582029;1620231167.0029299259;-0.0537309969;5.2450494202;1.4840692964;0.7068012898;0.0062670494;0.0071766169;-0.7073479745;16;1620231167.058916817;16
1620231167.0192480087;-0.0238977057;-1.2797842692;1.6748822442;0.7191877373;-0.0124600497;0.0072830608;0.6946658929;1620231167.0111329556;-0.0537089047;5.2450397015;1.4840681647;0.7067997891;0.0062554560;0.0071657549;-0.7073496868;16;1620231167.058916817;16
1620231167.0359060764;-0.0238359613;-1.2799136021;1.6760737584;0.7193012953;-0.0128020189;0.0070591595;0.6945443997;1620231167.0192708969;-0.0537083300;5.2450354688;1.4840677494;0.7068012454;0.0062515711;0.0071623280;-0.7073483006;16;1620231167.058916817;16
1620231167.0439651012;-0.0237298910;-1.2799631237;1.6767339322;0.7196145270;-0.0128429765;0.0067266068;0.6942224019;1620231167.0359299183;-0.0537122311;5.2450368677;1.4840676882;0.7067993443;0.0062532528;0.0071646073;-0.7073501623;16;1620231167.058916817;16
1620231167.0525751114;-0.0237009807;-1.2800375685;1.6773570534;0.7196886354;-0.0128461267;0.0065207185;0.6941474810;1620231167.0439751148;-0.0537113142;5.2450475681;1.4840678121;0.7068019165;0.0062666623;0.0071746837;-0.7073473713;17;1620231167.084888193;17
1620231167.0616459846;-0.0237221888;-1.2801245874;1.6779663007;0.7197850320;-0.0127110876;0.0064841435;0.6940503525;1620231167.0526220798;-0.0537150888;5.2450345678;1.4840696617;0.7068003876;0.0062494340;0.0071602056;-0.7073491982;17;1620231167.084888193;17
1620231167.0706479549;-0.0238802122;-1.2802649110;1.6785484071;0.7196814178;-0.0126007516;0.0066666036;0.6941580759;1620231167.0616669655;-0.0537120961;5.2450386804;1.4840665314;0.7068017823;0.0062576519;0.0071666969;-0.7073476661;17;1620231167.084888193;17
1620231167.0855410099;-0.0236711180;-1.2804151990;1.6798356587;0.7202258258;-0.0124444270;0.0061590352;0.6936007225;1620231167.0706720352;-0.0537105979;5.2450390873;1.4840697440;0.7068007381;0.0062545727;0.0071647579;-0.7073487564;17;1620231167.084888193;17
1620231167.0941801071;-0.0237286284;-1.2805183552;1.6804857549;0.7202181377;-0.0124063620;0.0059096502;0.6936115573;1620231167.0855650902;-0.0537054761;5.2450423523;1.4840670854;0.7068013822;0.0062607902;0.0071664001;-0.7073480412;18;1620231167.136830889;18
1620231167.1023809910;-0.0235686360;-1.2805926751;1.6811341481;0.7205937161;-0.0123769379;0.0057443433;0.6932232759;1620231167.0942039490;-0.0537067736;5.2450363671;1.4840670170;0.7068037984;0.0062606987;0.0071636501;-0.7073456555;18;1620231167.136830889;18
1620231167.1107161045;-0.0235567340;-1.2806894651;1.6816581214;0.7207543866;-0.0125146997;0.0056762773;0.6930543098;1620231167.1024050713;-0.0537308408;5.2450444815;1.4840694088;0.7068020307;0.0062605191;0.0071710211;-0.7073473488;18;1620231167.136830889;18
1620231167.1198680401;-0.0235552510;-1.2807729336;1.6822024580;0.7207458820;-0.0127979559;0.0057344187;0.6930575030;1620231167.1107380390;-0.0537086718;5.2450399927;1.4840661719;0.7068027976;0.0062608314;0.0071670296;-0.7073466201;19;1620231167.162802321;19
1620231167.1272540092;-0.0236254422;-1.2808436606;1.6827884101;0.7207942933;-0.0129169889;0.0058189752;0.6930042407;1620231167.1198899746;-0.0537335122;5.2450379214;1.4840699284;0.7068006048;0.0062522486;0.0071673984;-0.7073488834;19;1620231167.162802321;19
1620231167.1446270943;-0.0236923898;-1.2809799346;1.6838658845;0.7206855737;-0.0136397351;0.0057925247;0.6931036777;1620231167.1272759438;-0.0537172935;5.2450409081;1.4840677788;0.7068011756;0.0062552381;0.0071685008;-0.7073482755;19;1620231167.162802321;19
1620231167.1526100636;-0.0236474453;-1.2810534152;1.6843896395;0.7207351325;-0.0140319795;0.0058089730;0.6930441747;1620231167.1446490288;-0.0537116095;5.2450329666;1.4840666394;0.7068007892;0.0062531799;0.0071629495;-0.7073487359;19;1620231167.162802321;19
1620231167.1612370014;-0.0237266324;-1.2811188046;1.6849732883;0.7206562615;-0.0141515469;0.0057854083;0.6931239540;1620231167.1526210308;-0.0537366240;5.2450376680;1.4840722439;0.7068035948;0.0062534682;0.0071663334;-0.7073458957;20;1620231167.188773641;20
1620231167.1774759293;-0.0240223822;-1.2813223856;1.6861150756;0.7202756845;-0.0141591921;0.0062918747;0.6935148649;1620231167.1612589359;-0.0537120888;5.2450359418;1.4840697968;0.7068013265;0.0062540860;0.0071630400;-0.7073481902;20;1620231167.188773641;20
1620231167.1861119270;-0.0240615716;-1.2814023689;1.6867947999;0.7201404034;-0.0140998354;0.0062953124;0.6936565166;1620231167.1774969101;-0.0537082802;5.2450463645;1.4840684513;0.7068033648;0.0062662677;0.0071702442;-0.7073459726;20;1620231167.188773641;20
1620231167.1939830780;-0.0240244727;-1.2814848617;1.6874304760;0.7201555161;-0.0140340015;0.0063459831;0.6936417000;1620231167.1861360073;-0.0537097357;5.2450414802;1.4840650927;0.7068040295;0.0062652333;0.0071729838;-0.7073452898;20;1620231167.188773641;20
1620231167.2032148838;-0.0238937674;-1.2815756971;1.6880709444;0.7204206777;-0.0139683484;0.0061778671;0.6933691415;1620231167.1940040588;-0.0537341957;5.2450431785;1.4840713129;0.7068012641;0.0062578809;0.0071687562;-0.7073481610;21;1620231167.240716409;21
1620231167.2117249966;-0.0239808872;-1.2816831354;1.6886852445;0.7202515028;-0.0137924601;0.0062319672;0.6935479099;1620231167.2032370567;-0.0537122005;5.2450312684;1.4840668478;0.7068027848;0.0062520586;0.0071618679;-0.7073467628;21;1620231167.240716409;21
1620231167.2192220688;-0.0241976825;-1.2818299570;1.6893409167;0.7198755997;-0.0135887424;0.0064209238;0.6939403712;1620231167.2117791176;-0.0537304679;5.2450386973;1.4840683942;0.7068004054;0.0062564323;0.0071700613;-0.7073490186;21;1620231167.240716409;21
1620231167.2276411057;-0.0243166140;-1.2818951586;1.6900554899;0.7198192336;-0.0131685694;0.0063728180;0.6940073825;1620231167.2192449570;-0.0537079250;5.2450295847;1.4840665155;0.7068006855;0.0062503492;0.0071593394;-0.7073489011;22;1620231167.266687673;22
1620231167.2360100746;-0.0241794513;-1.2819562228;1.6907751566;0.7199510153;-0.0130856971;0.0061516166;0.6938742377;1620231167.2276649475;-0.0537103058;5.2450337463;1.4840641827;0.7068017709;0.0062576487;0.0071634629;-0.7073477103;22;1620231167.266687673;22
1620231167.2528951168;-0.0243430382;-1.2821624312;1.6920968202;0.7197693237;-0.0130853193;0.0060772097;0.6940633707;1620231167.2360339165;-0.0537068048;5.2450385060;1.4840658349;0.7068046082;0.0062645264;0.0071679389;-0.7073447689;22;1620231167.266687673;22
1620231167.2613129616;-0.0243156711;-1.2822457767;1.6927674747;0.7198631606;-0.0130599146;0.0060899448;0.6939664121;1620231167.2529230118;-0.0537120295;5.2450394636;1.4840671304;0.7068025301;0.0062566271;0.0071646402;-0.7073469489;22;1620231167.266687673;22
1620231167.2771189213;-0.0243824634;-1.2824581868;1.6940975302;0.7197856348;-0.0131354953;0.0060291018;0.6940459269;1620231167.2613379955;-0.0537334501;5.2450391485;1.4840725993;0.7068020992;0.0062577470;0.0071679047;-0.7073473364;23;1620231167.292659105;23
1620231167.2855958939;-0.0244569499;-1.2825692156;1.6947274146;0.7197202916;-0.0131886760;0.0060461043;0.6941125307;1620231167.2771420479;-0.0537121164;5.2450327401;1.4840746451;0.7068013602;0.0062514226;0.0071612216;-0.7073481985;23;1620231167.292659105;23
1620231167.2942299843;-0.0244402573;-1.2826511277;1.6954541650;0.7196875828;-0.0130705349;0.0059113255;0.6941498401;1620231167.2856199741;-0.0537125688;5.2450318462;1.4840695456;0.7068019553;0.0062498937;0.0071574448;-0.7073476555;23;1620231167.292659105;23
1620231167.3027479649;-0.0244294833;-1.2827350144;1.6961428636;0.7197311519;-0.0128052689;0.0058745989;0.6941099216;1620231167.2942540646;-0.0537102168;5.2450358778;1.4840638470;0.7068009833;0.0062508486;0.0071605964;-0.7073485864;24;1620231167.344601785;24
1620231167.3109979630;-0.0244466413;-1.2828311525;1.6968816866;0.7197087234;-0.0123707592;0.0060041608;0.6941399483;1620231167.3027720451;-0.0537075393;5.2450298608;1.4840578760;0.7068033774;0.0062537558;0.0071610489;-0.7073461639;24;1620231167.344601785;24
1620231167.3196270466;-0.0245599273;-1.2829586556;1.6975257259;0.7195763722;-0.0119761185;0.0064036083;0.6942804987;1620231167.3110210896;-0.0537101938;5.2450375492;1.4840614644;0.7068016390;0.0062563667;0.0071614662;-0.7073478736;24;1620231167.344601785;24
1620231167.3358979225;-0.0244705127;-1.2831566254;1.6989073621;0.7196062068;-0.0113970538;0.0066983172;0.6942565426;1620231167.3196489811;-0.0537326349;5.2450473780;1.4840682606;0.7068025760;0.0062631239;0.0071738163;-0.7073467524;24;1620231167.344601785;24
1620231167.3442790508;-0.0244861556;-1.2832552936;1.6995765784;0.7196008287;-0.0110881985;0.0070064742;0.6942640769;1620231167.3359200954;-0.0537149156;5.2450347225;1.4840756175;0.7068010886;0.0062511888;0.0071609863;-0.7073484742;25;1620231167.370573121;25
1620231167.3524899483;-0.0245650656;-1.2833734952;1.7002139158;0.7194520633;-0.0108941108;0.0072495813;0.6944188149;1620231167.3443009853;-0.0537344596;5.2450303351;1.4840799298;0.7068025159;0.0062482849;0.0071596094;-0.7073470877;25;1620231167.370573121;25
1620231167.3610289097;-0.0245680665;-1.2834844407;1.7008334008;0.7193571120;-0.0109530262;0.0074992139;0.6945135984;1620231167.3525140285;-0.0537110291;5.2450322803;1.4840709115;0.7068029944;0.0062549021;0.0071608201;-0.7073465388;25;1620231167.370573121;25
1620231167.3777410984;-0.0244287942;-1.2836705583;1.7019692532;0.7196073918;-0.0113775727;0.0082856406;0.6942385042;1620231167.3610510826;-0.0537146558;5.2450380722;1.4840640347;0.7068031905;0.0062633152;0.0071717918;-0.7073461573;26;1620231167.422515865;26
1620231167.3858020306;-0.0245033918;-1.2837340299;1.7025842956;0.7194523302;-0.0115726056;0.0082960123;0.6943958494;1620231167.3777639866;-0.0537047025;5.2450317168;1.4840574578;0.7067983873;0.0062490875;0.0071585739;-0.7073512164;26;1620231167.422515865;26
1620231167.3941709995;-0.0244561847;-1.2838348647;1.7030951118;0.7195249520;-0.0122293970;0.0084486367;0.6943075010;1620231167.3858249187;-0.0537133654;5.2450429099;1.4840612365;0.7068026938;0.0062645518;0.0071718867;-0.7073466417;26;1620231167.422515865;26
1620231167.4024009705;-0.0245572304;-1.2839283872;1.7037157486;0.7194172343;-0.0126883103;0.0085438710;0.6944097148;1620231167.3941938877;-0.0537060164;5.2450386179;1.4840634593;0.7068020540;0.0062584987;0.0071647135;-0.7073474072;26;1620231167.422515865;26
1620231167.4107971191;-0.0244872621;-1.2840826178;1.7042959650;0.7195790479;-0.0133548654;0.0087016857;0.6942275723;1620231167.4024240971;-0.0537050411;5.2450397265;1.4840711390;0.7068011425;0.0062569077;0.0071597724;-0.7073483822;27;1620231167.448487249;27
1620231167.4278860092;-0.0245161695;-1.2842304839;1.7055065259;0.7195162834;-0.0142911330;0.0083973143;0.6942777301;1620231167.4108200073;-0.0537061668;5.2450498615;1.4840723998;0.7068043521;0.0062695074;0.0071738769;-0.7073449205;27;1620231167.448487249;27
1620231167.4374120235;-0.0244302453;-1.2843160511;1.7061777525;0.7197053658;-0.0145380393;0.0082281167;0.6940786194;1620231167.4279088974;-0.0537164594;5.2450386341;1.4840764073;0.7068039041;0.0062578901;0.0071699319;-0.7073455111;27;1620231167.448487249;27
1620231167.4446809292;-0.0245757204;-1.2843723854;1.7067879077;0.7195478802;-0.0147505168;0.0081011223;0.6942388942;1620231167.4374339581;-0.0537124713;5.2450337064;1.4840729212;0.7068029396;0.0062496500;0.0071616759;-0.7073466313;27;1620231167.448487249;27
1620231167.4542319775;-0.0245025296;-1.2845144837;1.7074161026;0.7197413496;-0.0148767507;0.0082171678;0.6940342572;1620231167.4447040558;-0.0537090917;5.2450296810;1.4840671564;0.7068018678;0.0062488344;0.0071602796;-0.7073477237;28;1620231167.474458473;28
1620231167.4615569115;-0.0243410010;-1.2845647669;1.7081181184;0.7198998510;-0.0150772848;0.0077252349;0.6938711701;1620231167.4542551041;-0.0537313686;5.2450370672;1.4840659268;0.7068013998;0.0062504686;0.0071641755;-0.7073481374;28;1620231167.474458473;28
1620231167.4710710049;-0.0243412272;-1.2847860593;1.7087987355;0.7199571865;-0.0149838217;0.0077298003;0.6938136529;1620231167.4615778923;-0.0537055830;5.2450413278;1.4840537712;0.7068007820;0.0062603917;0.0071682246;-0.7073486259;28;1620231167.474458473;28
1620231167.4786410332;-0.0243804332;-1.2847823262;1.7095099254;0.7199748205;-0.0144793983;0.0075162687;0.6938084106;1620231167.4710938931;-0.0537038311;5.2450399891;1.4840563166;0.7068007826;0.0062587489;0.0071631653;-0.7073486912;29;1620231167.526401265;29
1620231167.4948360920;-0.0244586296;-1.2849701754;1.7109041570;0.7199963840;-0.0138832083;0.0073670461;0.6937998200;1620231167.4786639214;-0.0537105664;5.2450413159;1.4840637619;0.7068032010;0.0062618023;0.0071680838;-0.7073461977;29;1620231167.526401265;29
1620231167.5040400028;-0.0243000297;-1.2850794036;1.7115223290;0.7202716178;-0.0139314628;0.0073554393;0.6935132360;1620231167.4948580265;-0.0537098926;5.2450389548;1.4840782755;0.7068020021;0.0062536738;0.0071634227;-0.7073475148;29;1620231167.526401265;29
1620231167.5116930008;-0.0241795371;-1.2851853414;1.7121402641;0.7204067614;-0.0140341051;0.0072168033;0.6933722375;1620231167.5040628910;-0.0537191214;5.2450471436;1.4840799275;0.7068037927;0.0062655491;0.0071734764;-0.7073455187;29;1620231167.526401265;29
1620231167.5275580883;-0.0241385344;-1.2853180367;1.7133772430;0.7203788486;-0.0141573984;0.0071815052;0.6933990976;1620231167.5117158890;-0.0537120194;5.2450346518;1.4840756640;0.7068041759;0.0062516481;0.0071584759;-0.7073454107;30;1620231167.552372561;30
1620231167.5372331142;-0.0241707598;-1.2854055945;1.7138817564;0.7202951278;-0.0145368057;0.0072546149;0.6934774551;1620231167.5276141167;-0.0537143881;5.2450431811;1.4840640105;0.7068051556;0.0062625446;0.0071686682;-0.7073442322;30;1620231167.552372561;30
1620231167.5443758965;-0.0242141923;-1.2854616963;1.7144322450;0.7202629923;-0.0148559258;0.0072743750;0.6935038622;1620231167.5372550488;-0.0537084381;5.2450355323;1.4840575542;0.7068016079;0.0062570085;0.0071641777;-0.7073478717;30;1620231167.552372561;30
1620231167.5537331104;-0.0242114094;-1.2855295664;1.7149503816;0.7201827596;-0.0154179956;0.0072409551;0.6935752639;1620231167.5444269180;-0.0537144055;5.2450330906;1.4840596879;0.7068014403;0.0062527713;0.0071623529;-0.7073480950;31;1620231167.578344025;31
1620231167.5612080097;-0.0243196534;-1.2855740767;1.7155331046;0.7200979995;-0.0156433901;0.0072962603;0.6936576390;1620231167.5537559986;-0.0537042194;5.2450312988;1.4840597072;0.7068027908;0.0062506964;0.0071569552;-0.7073468185;31;1620231167.578344025;31
1620231167.5717658997;-0.0242424622;-1.2856340688;1.7160014177;0.7202355327;-0.0162955361;0.0071176105;0.6935016745;1620231167.5612289906;-0.0537168189;5.2450348476;1.4840685735;0.7068045412;0.0062556987;0.0071642266;-0.7073449516;31;1620231167.578344025;31
1620231167.5782520771;-0.0241735662;-1.2857009935;1.7165315133;0.7203471886;-0.0168343753;0.0069768146;0.6933742537;1620231167.5717880726;-0.0537136676;5.2450352603;1.4840720042;0.7068017647;0.0062484206;0.0071601099;-0.7073478320;31;1620231167.578344025;31
1620231167.5950019360;-0.0243317978;-1.2858027662;1.7177392674;0.7200877718;-0.0171894366;0.0066562229;0.6936381036;1620231167.5782809258;-0.0537115145;5.2450428598;1.4840732834;0.7068029953;0.0062565218;0.0071682323;-0.7073464485;32;1620231167.630286657;32
1620231167.6031448841;-0.0244281456;-1.2858822949;1.7183516950;0.7199273792;-0.0172743477;0.0063511013;0.6938053251;1620231167.5950379372;-0.0537333117;5.2450481499;1.4840797968;0.7068029175;0.0062574879;0.0071716095;-0.7073464834;32;1620231167.630286657;32
1620231167.6110019684;-0.0243982517;-1.2859376859;1.7190302001;0.7199676565;-0.0171881928;0.0059246993;0.6937694412;1620231167.6031780243;-0.0537075496;5.2450425196;1.4840712431;0.7068016783;0.0062577903;0.0071658228;-0.7073477777;32;1620231167.630286657;32
1620231167.6274869442;-0.0243124864;-1.2861277706;1.7202907967;0.7203634542;-0.0169067875;0.0054399703;0.6933693540;1620231167.6110250950;-0.0537066989;5.2450378205;1.4840624552;0.7068028560;0.0062560619;0.0071609170;-0.7073466659;33;1620231167.656257993;33
1620231167.6364319324;-0.0241840274;-1.2861674601;1.7210093021;0.7205318726;-0.0166129277;0.0050936029;0.6932040727;1620231167.6275110245;-0.0537151076;5.2450404149;1.4840564136;0.7068037859;0.0062590216;0.0071676081;-0.7073456427;33;1620231167.656257993;33
1620231167.6439189911;-0.0244525688;-1.2862419877;1.7217324662;0.7201733370;-0.0161518604;0.0048768176;0.6935889984;1620231167.6364529133;-0.0537111409;5.2450381525;1.4840614977;0.7068021015;0.0062584531;0.0071670910;-0.7073473361;33;1620231167.656257993;33
1620231167.6526188850;-0.0244005703;-1.2862387481;1.7223910344;0.7202451240;-0.0159926927;0.0045012127;0.6935206805;1620231167.6439421177;-0.0537043375;5.2450435045;1.4840660638;0.7068041688;0.0062624120;0.0071680507;-0.7073452256;33;1620231167.656257993;33
1620231167.6607949734;-0.0243477656;-1.2863395779;1.7230734795;0.7204635746;-0.0158756272;0.0041454798;0.6932986493;1620231167.6526429653;-0.0537046222;5.2450367543;1.4840693612;0.7068015178;0.0062513265;0.0071590453;-0.7073480639;34;1620231167.708200697;34
1620231167.6694569588;-0.0243729883;-1.2863940308;1.7236698243;0.7204461194;-0.0159095809;0.0039861812;0.6933169439;1620231167.6608181000;-0.0537044710;5.2450363808;1.4840770744;0.7068001058;0.0062487760;0.0071574059;-0.7073495139;34;1620231167.708200697;34
1620231167.6858808994;-0.0246477475;-1.2865168300;1.7248376200;0.7202306158;-0.0157785680;0.0043712714;0.6935414832;1620231167.6694810390;-0.0537321042;5.2450466362;1.4840767860;0.7068029977;0.0062590453;0.0071705354;-0.7073464005;34;1620231167.708200697;34
1620231167.6943960190;-0.0246275215;-1.2864809781;1.7254344690;0.7201776043;-0.0158886134;0.0042984406;0.6935944735;1620231167.6859040260;-0.0537161607;5.2450420730;1.4840702333;0.7068037767;0.0062607086;0.0071696693;-0.7073456161;34;1620231167.708200697;34
1620231167.7028698921;-0.0245840665;-1.2864743397;1.7260956333;0.7202395301;-0.0158111983;0.0041060799;0.6935331034;1620231167.6944189072;-0.0537090985;5.2450378576;1.4840676657;0.7068026941;0.0062592829;0.0071657258;-0.7073467504;35;1620231167.734172009;35
1620231167.7101650238;-0.0245970571;-1.2865455826;1.7267727321;0.7202438353;-0.0157118910;0.0041153628;0.6935308342;1620231167.7028939724;-0.0537056681;5.2450335570;1.4840617515;0.7067999166;0.0062498725;0.0071599138;-0.7073496679;35;1620231167.734172009;35
1620231167.7273569107;-0.0249313553;-1.2866397712;1.7278624316;0.7199506042;-0.0156294116;0.0048237778;0.6938325303;1620231167.7101759911;-0.0537269495;5.2450448177;1.4840643929;0.7068015963;0.0062611476;0.0071693007;-0.7073477947;35;1620231167.734172009;35
1620231167.7359321117;-0.0249686241;-1.2866546401;1.7285856890;0.7199861958;-0.0152798659;0.0048357155;0.6938033002;1620231167.7273800373;-0.0537113723;5.2450375775;1.4840653845;0.7068052360;0.0062585131;0.0071640314;-0.7073442345;36;1620231167.760143401;36
1620231167.7445509434;-0.0250049271;-1.2866707168;1.7293410408;0.7199793564;-0.0149135447;0.0045314851;0.6938204222;1620231167.7359540462;-0.0537076495;5.2450304683;1.4840742734;0.7068015379;0.0062482392;0.0071555026;-0.7073481069;36;1620231167.760143401;36
1620231167.7525100708;-0.0250631891;-1.2867405252;1.7300373689;0.7199597660;-0.0145832986;0.0046209462;0.6938471802;1620231167.7445750237;-0.0537103661;5.2450288421;1.4840734660;0.7068024315;0.0062456323;0.0071556134;-0.7073472359;36;1620231167.760143401;36
1620231167.7610070705;-0.0251190851;-1.2868825418;1.7306925416;0.7200143599;-0.0144416869;0.0046812219;0.6937930854;1620231167.7525210381;-0.0537049905;5.2450357347;1.4840703237;0.7068035195;0.0062571961;0.0071633543;-0.7073459682;36;1620231167.760143401;36
1620231167.7695751190;-0.0251321921;-1.2869209773;1.7313807268;0.7200886625;-0.0142138813;0.0047860076;0.6937199564;1620231167.7610309124;-0.0537113317;5.2450316330;1.4840683787;0.7068035047;0.0062509217;0.0071591041;-0.7073460815;37;1620231167.812086169;37
1620231167.7858490944;-0.0254323807;-1.2869435512;1.7327857455;0.7200226321;-0.0136512729;0.0048894962;0.6937990666;1620231167.7695989609;-0.0537124694;5.2450440823;1.4840691380;0.7068016175;0.0062624894;0.0071727986;-0.7073477261;37;1620231167.812086169;37
1620231167.7946960926;-0.0253474759;-1.2870610503;1.7334555936;0.7201881867;-0.0138542174;0.0044917431;0.6936258794;1620231167.7858738899;-0.0537134702;5.2450469102;1.4840599385;0.7068006607;0.0062643665;0.0071711927;-0.7073486818;37;1620231167.812086169;37
1620231167.8033440113;-0.0254051155;-1.2871345105;1.7341164534;0.7202502768;-0.0138093859;0.0045355003;0.6935620152;1620231167.7947180271;-0.0537103818;5.2450361715;1.4840618920;0.7068027491;0.0062569571;0.0071627191;-0.7073467465;38;1620231167.838057449;38
1620231167.8116009235;-0.0256136124;-1.2871777454;1.7348524518;0.7200859233;-0.0133905288;0.0045967660;0.6937404605;1620231167.8033680916;-0.0537096991;5.2450307799;1.4840682519;0.7068029599;0.0062473159;0.0071563734;-0.7073466853;38;1620231167.838057449;38
1620231167.8275411129;-0.0256139874;-1.2872662990;1.7361559851;0.7202682595;-0.0132874589;0.0047254323;0.6935522677;1620231167.8116230965;-0.0537135847;5.2450333435;1.4840748765;0.7068036883;0.0062520258;0.0071600688;-0.7073458785;38;1620231167.838057449;38
1620231167.8356850147;-0.0257155523;-1.2873289775;1.7367763318;0.7202151320;-0.0131471577;0.0049417479;0.6936086036;1620231167.8275640011;-0.0537285413;5.2450301041;1.4840769267;0.7068014665;0.0062445739;0.0071564820;-0.7073482007;38;1620231167.838057449;38
1620231167.8445041180;-0.0258182329;-1.2873792715;1.7374371988;0.7201007151;-0.0128533234;0.0051887028;0.6937310932;1620231167.8356959820;-0.0537118270;5.2450354350;1.4840675633;0.7068023935;0.0062556496;0.0071639367;-0.7073471010;39;1620231167.890000161;39
1620231167.8524780273;-0.0257822702;-1.2874481725;1.7380896143;0.7201496275;-0.0127235122;0.0054280390;0.6936808795;1620231167.8445279598;-0.0537132475;5.2450351070;1.4840674949;0.7068018255;0.0062533008;0.0071636794;-0.7073476921;39;1620231167.890000161;39
1620231167.8610959053;-0.0260235100;-1.2874727110;1.7387912433;0.7198297729;-0.0121948572;0.0056958556;0.6940201299;1620231167.8525168896;-0.0537378564;5.2450377362;1.4840658811;0.7068021172;0.0062562420;0.0071677618;-0.7073473332;39;1620231167.890000161;39
1620231167.8697690964;-0.0260900538;-1.2875388731;1.7394060334;0.7197970170;-0.0119684994;0.0060221915;0.6940552878;1620231167.8611199856;-0.0537011243;5.2450420504;1.4840629235;0.7068017491;0.0062610523;0.0071686399;-0.7073476495;39;1620231167.890000161;39
1620231167.8869800568;-0.0263063058;-1.2876783240;1.7405545328;0.7196602720;-0.0116637871;0.0070139487;0.6941929512;1620231167.8697800636;-0.0537077850;5.2450387088;1.4840677398;0.7068020798;0.0062556647;0.0071655211;-0.7073473983;40;1620231167.915971553;40
1620231167.8940460682;-0.0263199056;-1.2877278896;1.7411659854;0.7196684810;-0.0115462809;0.0071879334;0.6941846256;1620231167.8870019913;-0.0537364037;5.2450411062;1.4840717406;0.7068015675;0.0062541549;0.0071675914;-0.7073479027;40;1620231167.915971553;40
1620231167.9036769867;-0.0263754427;-1.2877840853;1.7418047606;0.7196587988;-0.0115016032;0.0073517358;0.6941936894;1620231167.8940680027;-0.0537129286;5.2450354539;1.4840694212;0.7068006118;0.0062466840;0.0071572504;-0.7073490283;40;1620231167.915971553;40
1620231167.9107689857;-0.0264337797;-1.2878113022;1.7424103886;0.7196631297;-0.0114715099;0.0076028908;0.6941869923;1620231167.9037001133;-0.0537166168;5.2450433332;1.4840727081;0.7068000357;0.0062524675;0.0071668368;-0.7073494558;41;1620231167.941942889;41
1620231167.9274950027;-0.0267726727;-1.2879655787;1.7436146938;0.7192600996;-0.0117892394;0.0082761997;0.6945915544;1620231167.9107930660;-0.0537122090;5.2450357249;1.4840710575;0.7068011613;0.0062540484;0.0071635416;-0.7073483505;41;1620231167.941942889;41
1620231167.9364199638;-0.0267386426;-1.2880281471;1.7441818083;0.7194243483;-0.0122056070;0.0080439050;0.6944169682;1620231167.9275169373;-0.0537358313;5.2450440407;1.4840705402;0.7068032694;0.0062587303;0.0071697170;-0.7073461401;41;1620231167.941942889;41
1620231167.9443669319;-0.0267301956;-1.2880979367;1.7447763142;0.7194190529;-0.0125479792;0.0079615167;0.6944173016;1620231167.9364430904;-0.0537109095;5.2450394402;1.4840664557;0.7068018024;0.0062603642;0.0071675354;-0.7073476136;41;1620231167.941942889;41
1620231167.9524910450;-0.0269362189;-1.2881477408;1.7455064694;0.7190896800;-0.0123969942;0.0078251381;0.6947626313;1620231167.9443900585;-0.0537340002;5.2450415027;1.4840671506;0.7068000947;0.0062547035;0.0071648559;-0.7073493971;42;1620231167.993885617;42
1620231167.9611990452;-0.0270075262;-1.2882346532;1.7461468281;0.7190895448;-0.0123314978;0.0077709059;0.6947645456;1620231167.9525139332;-0.0537107452;5.2450311486;1.4840628262;0.7068016587;0.0062517801;0.0071597123;-0.7073479123;42;1620231167.993885617;42
1620231167.9694581032;-0.0270938027;-1.2882959993;1.7468093032;0.7193555434;-0.0117843745;0.0077071788;0.6944993377;1620231167.9612219334;-0.0537084223;5.2450432445;1.4840640989;0.7068027086;0.0062657767;0.0071728604;-0.7073466061;42;1620231167.993885617;42
1620231167.9858489037;-0.0270571260;-1.2884465808;1.7480129813;0.7192680982;-0.0116585209;0.0082211262;0.6945861321;1620231167.9694809914;-0.0537030844;5.2450349767;1.4840674641;0.7067998012;0.0062544555;0.0071618870;-0.7073497227;43;1620231168.019856905;43
1620231167.9948570728;-0.0270595208;-1.2885258647;1.7486193289;0.7192420607;-0.0114574726;0.0083179947;0.6946152859;1620231167.9858710766;-0.0537048648;5.2450348375;1.4840674321;0.7068028660;0.0062558429;0.0071619378;-0.7073466475;43;1620231168.019856905;43
1620231168.0031440258;-0.0271276312;-1.2886054230;1.7492162001;0.7191920576;-0.0111260438;0.0086434090;0.6946684727;1620231167.9948809147;-0.0537131095;5.2450468714;1.4840692774;0.7068005608;0.0062617122;0.0071733908;-0.7073487829;43;1620231168.019856905;43
1620231168.0108358860;-0.0272233863;-1.2886934273;1.7498139591;0.7192792996;-0.0106501592;0.0090074903;0.6945809733;1620231168.0031681061;-0.0537142912;5.2450391141;1.4840667050;0.7068034686;0.0062564499;0.0071659521;-0.7073459994;43;1620231168.019856905;43
1620231168.0194530487;-0.0271551879;-1.2887202506;1.7503826791;0.7191195370;-0.0107279168;0.0090898727;0.6947441093;1620231168.0108599663;-0.0537145842;5.2450443610;1.4840673411;0.7068008531;0.0062580202;0.0071680470;-0.7073485777;44;1620231168.045828337;44
1620231168.0359590054;-0.0271668345;-1.2888489181;1.7514123838;0.7194468704;-0.0106027707;0.0098096065;0.6943972592;1620231168.0194759369;-0.0537067799;5.2450387479;1.4840688144;0.7068032810;0.0062568271;0.0071618007;-0.7073462255;44;1620231168.045828337;44
1620231168.0447590351;-0.0271682195;-1.2889027636;1.7518483450;0.7192571688;-0.0112261420;0.0101450695;0.6945791362;1620231168.0359699726;-0.0537070143;5.2450351213;1.4840627523;0.7068022869;0.0062579295;0.0071642055;-0.7073471847;44;1620231168.045828337;44
1620231168.0526449680;-0.0271952937;-1.2889563506;1.7523370974;0.7192287457;-0.0116068489;0.0102634641;0.6946005714;1620231168.0447819233;-0.0537093721;5.2450415724;1.4840632028;0.7068010909;0.0062586382;0.0071675738;-0.7073483394;45;1620231168.097771073;45
1620231168.0606110096;-0.0271988333;-1.2890162505;1.7528118492;0.7192559473;-0.0122063196;0.0102789441;0.6945618989;1620231168.0526680946;-0.0537143961;5.2450341442;1.4840671104;0.7068024062;0.0062533335;0.0071625588;-0.7073471229;45;1620231168.097771073;45
1620231168.0777590275;-0.0272762393;-1.2890987835;1.7537713427;0.7191902033;-0.0132873432;0.0100810747;0.6946130361;1620231168.0606238842;-0.0537109453;5.2450443283;1.4840660093;0.7068031821;0.0062646213;0.0071726242;-0.7073461456;45;1620231168.097771073;45
1620231168.0861349106;-0.0272921786;-1.2891591580;1.7542893976;0.7192233453;-0.0136195690;0.0099313605;0.6945744417;1620231168.0777699947;-0.0537322246;5.2450420187;1.4840741866;0.7068013034;0.0062554147;0.0071671923;-0.7073481594;45;1620231168.097771073;45
1620231168.0942039490;-0.0273307876;-1.2892168679;1.7547897674;0.7191977314;-0.0139841313;0.0098242101;0.6945952433;1620231168.0861580372;-0.0537120143;5.2450426196;1.4840694210;0.7068028721;0.0062601629;0.0071691557;-0.7073465301;46;1620231168.123742401;46
1620231168.1027410030;-0.0272511270;-1.2893180758;1.7552080212;0.7193835538;-0.0144570469;0.0098393511;0.6943928884;1620231168.0942270756;-0.0537122894;5.2450392989;1.4840659334;0.7067999171;0.0062544937;0.0071640256;-0.7073495849;46;1620231168.123742401;46
1620231168.1114950180;-0.0271972010;-1.2893751425;1.7557186765;0.7194709009;-0.0146539153;0.0096096677;0.6943014762;1620231168.1027660370;-0.0537238378;5.2450359968;1.4840675089;0.7068001307;0.0062503099;0.0071605418;-0.7073494437;46;1620231168.123742401;46
1620231168.1194970608;-0.0271777605;-1.2894352208;1.7562081463;0.7195017375;-0.0147370802;0.0095436997;0.6942686699;1620231168.1115179062;-0.0537284267;5.2450496520;1.4840662456;0.7068024338;0.0062680549;0.0071756282;-0.7073468325;46;1620231168.123742401;46
1620231168.1364090443;-0.0271882580;-1.2895705333;1.7573256167;0.7194761844;-0.0143947140;0.0089707855;0.6943099721;1620231168.1195199490;-0.0537068724;5.2450493500;1.4840660212;0.7068010303;0.0062656677;0.0071727111;-0.7073482857;47;1620231168.175685161;47
1620231168.1446950436;-0.0271362734;-1.2896333567;1.7578988661;0.7195403000;-0.0141239780;0.0086963900;0.6942525785;1620231168.1364328861;-0.0537086207;5.2450368406;1.4840691492;0.7068012806;0.0062554870;0.0071639443;-0.7073482145;47;1620231168.175685161;47
1620231168.1531569958;-0.0270687511;-1.2897032679;1.7583984332;0.7196294199;-0.0139571056;0.0085435120;0.6941654743;1620231168.1447179317;-0.0537051926;5.2450477143;1.4840674614;0.7068011944;0.0062617172;0.0071725026;-0.7073481588;47;1620231168.175685161;47
1620231168.1611840725;-0.0269427427;-1.2897511797;1.7588815315;0.7198788540;-0.0137772151;0.0084245642;0.6939118465;1620231168.1531810760;-0.0537118535;5.2450371305;1.4840706682;0.7068008302;0.0062494966;0.0071610078;-0.7073487473;47;1620231168.175685161;47
1620231168.1697189808;-0.0269859482;-1.2897848301;1.7593737925;0.7198455096;-0.0135032482;0.0085174818;0.6939506878;1620231168.1612069607;-0.0537310487;5.2450389461;1.4840706401;0.7068017332;0.0062541653;0.0071635877;-0.7073477775;48;1620231168.201656473;48
1620231168.1872520447;-0.0268536612;-1.2898324432;1.7603204415;0.7199927845;-0.0136570252;0.0082259742;0.6937983924;1620231168.1697430611;-0.0537148792;5.2450337529;1.4840637940;0.7068029307;0.0062508662;0.0071598459;-0.7073466480;48;1620231168.201656473;48
1620231168.1949400902;-0.0268841002;-1.2898643320;1.7607575139;0.7199200144;-0.0140399496;0.0080007477;0.6938688930;1620231168.1872680187;-0.0537308906;5.2450454594;1.4840713446;0.7068015753;0.0062631503;0.0071726114;-0.7073477644;48;1620231168.201656473;48
1620231168.2039330006;-0.0268496693;-1.2898749852;1.7611193275;0.7199697882;-0.0145863821;0.0078138436;0.6938081042;1620231168.1949620247;-0.0537144189;5.2450340070;1.4840702734;0.7068026948;0.0062508059;0.0071590716;-0.7073468921;49;1620231166.437874969;49
1620231168.2113499641;-0.0268660257;-1.2899155773;1.7614908421;0.7199352919;-0.0150835052;0.0077758385;0.6938336974;1620231168.2039570808;-0.0537076052;5.2450368941;1.4840670847;0.7068033247;0.0062553848;0.0071629726;-0.7073461827;49;1620231166.437874969;49
1620231168.2204279900;-0.0268011313;-1.2899138591;1.7618485263;0.7199552647;-0.0156813705;0.0075087033;0.6938026599;1620231168.2113730907;-0.0537104487;5.2450411628;1.4840714783;0.7068010835;0.0062542701;0.0071638431;-0.7073484232;49;1620231166.437874969;49
1620231168.2370400429;-0.0267626366;-1.2899892037;1.7624583875;0.7200300732;-0.0168887011;0.0074661531;0.6936971400;1620231168.2204580307;-0.0537087313;5.2450284201;1.4840718415;0.7067987842;0.0062439280;0.0071532719;-0.7073509191;49;1620231166.437874969;49
1620231168.2444100380;-0.0267256203;-1.2900082942;1.7628503356;0.7200398645;-0.0173995321;0.0071841397;0.6936773298;1620231168.2370510101;-0.0537059931;5.2450419306;1.4840666257;0.7067992769;0.0062582004;0.0071650998;-0.7073501809;50;1620231168.279570489;50
1620231168.2543160915;-0.0267603528;-1.2899701803;1.7633485681;0.7199382659;-0.0175610563;0.0067324104;0.6937832351;1620231168.2444529533;-0.0537094816;5.2450358860;1.4840632872;0.7068024690;0.0062576829;0.0071646733;-0.7073470002;50;1620231168.279570489;50
1620231168.2616829872;-0.0266090743;-1.2899730757;1.7638298964;0.7201821921;-0.0177526765;0.0063714019;0.6935285559;1620231168.2543439865;-0.0537263538;5.2450385674;1.4840679845;0.7068014935;0.0062563362;0.0071645100;-0.7073479885;50;1620231168.279570489;50
1620231168.2713539600;-0.0266784828;-1.2900200741;1.7642156919;0.7200716369;-0.0178819015;0.0061993348;0.6936415815;1620231168.2617049217;-0.0537084178;5.2450379806;1.4840634262;0.7068032454;0.0062606560;0.0071672274;-0.7073461722;50;1620231168.279570489;50
1620231168.2876260281;-0.0267428119;-1.2900760923;1.7651002923;0.7199928450;-0.0176593392;0.0056708562;0.6937335888;1620231168.2713758945;-0.0537093358;5.2450388495;1.4840652179;0.7068038854;0.0062604860;0.0071692254;-0.7073455139;51;1620231168.305541825;51
1620231168.2954270840;-0.0267187429;-1.2901084331;1.7655727383;0.7200604652;-0.0174051775;0.0054067237;0.6936719352;1620231168.2876489162;-0.0537009296;5.2450392649;1.4840707904;0.7068022176;0.0062546974;0.0071624152;-0.7073473007;51;1620231168.305541825;51
1620231168.3037760258;-0.0267173368;-1.2901086239;1.7660683089;0.7200140257;-0.0171107429;0.0050839032;0.6937299036;1620231168.2954480648;-0.0537313399;5.2450375158;1.4840732957;0.7068019712;0.0062550539;0.0071660004;-0.7073475074;51;1620231168.305541825;51
1620231168.3122229576;-0.0267022512;-1.2901176966;1.7665475681;0.7200627794;-0.0168361608;0.0048395594;0.6936877656;1620231168.3038001060;-0.0537082045;5.2450369755;1.4840684387;0.7068032483;0.0062554982;0.0071633365;-0.7073462543;51;1620231168.305541825;51
1620231168.3203220367;-0.0267227593;-1.2901260969;1.7670688011;0.7201267117;-0.0164608554;0.0046303744;0.6936318325;1620231168.3122439384;-0.0537083584;5.2450328724;1.4840660656;0.7068014191;0.0062508647;0.0071616968;-0.7073481397;52;1620231168.357484601;52
1620231168.3368580341;-0.0266244680;-1.2901197119;1.7680584320;0.7203212551;-0.0161850858;0.0039652001;0.6934404153;1620231168.3203449249;-0.0537276673;5.2450407868;1.4840656544;0.7068028841;0.0062598863;0.0071666978;-0.7073465454;52;1620231168.357484601;52
1620231168.3446989059;-0.0266633621;-1.2901492201;1.7684272208;0.7202594667;-0.0162159512;0.0039548994;0.6935039311;1620231168.3368809223;-0.0537067304;5.2450506356;1.4840630172;0.7068040813;0.0062701863;0.0071757896;-0.7073451657;52;1620231168.357484601;52
1620231168.3536930084;-0.0267147505;-1.2901396739;1.7688499437;0.7202400763;-0.0160844347;0.0039909614;0.6935269250;1620231168.3447210789;-0.0537070879;5.2450401004;1.4840651975;0.7068014906;0.0062563704;0.0071654556;-0.7073479815;53;1620231168.383455993;53
1620231168.3615229130;-0.0268006880;-1.2901517046;1.7692735768;0.7201410917;-0.0159362577;0.0041131225;0.6936324142;1620231168.3537158966;-0.0537102351;5.2450332510;1.4840698450;0.7068021709;0.0062502405;0.0071624880;-0.7073473860;53;1620231168.383455993;53
1620231168.3708438873;-0.0267946472;-1.2901497726;1.7696665485;0.7201470865;-0.0158656365;0.0041626287;0.6936275138;1620231168.3615450859;-0.0537039590;5.2450402357;1.4840688578;0.7068027470;0.0062601683;0.0071690238;-0.7073466563;53;1620231168.383455993;53
1620231168.3867759705;-0.0269277380;-1.2901150058;1.7705225460;0.7198894038;-0.0154883799;0.0043737518;0.6939021737;1620231168.3708660603;-0.0537155518;5.2450373888;1.4840649190;0.7068035931;0.0062567917;0.0071652071;-0.7073458794;53;1620231168.383455993;53
1620231168.4031109810;-0.0270133043;-1.2900922091;1.7713842909;0.7197088890;-0.0148151186;0.0047936378;0.6941013243;1620231168.3868100643;-0.0537086852;5.2450349410;1.4840654675;0.7068027262;0.0062545798;0.0071612483;-0.7073468053;54;1620231168.435398577;54
1620231168.4122350216;-0.0269809560;-1.2900764400;1.7717949493;0.7197150198;-0.0145679686;0.0049857946;0.6940988448;1620231168.4031379223;-0.0537056385;5.2450405611;1.4840652065;0.7067991093;0.0062561827;0.0071639350;-0.7073503780;54;1620231168.435398577;54
1620231168.4212388992;-0.0269975668;-1.2900776598;1.7721729860;0.7197251962;-0.0142289351;0.0053763788;0.6940924102;1620231168.4122579098;-0.0537013819;5.2450411097;1.4840655120;0.7068003004;0.0062573797;0.0071629891;-0.7073491869;54;1620231168.435398577;54
1620231168.4371509552;-0.0271748442;-1.2900826524;1.7730066283;0.7194657588;-0.0134818208;0.0060684340;0.6943705325;1620231168.4212620258;-0.0537129838;5.2450396034;1.4840658732;0.7068041949;0.0062637179;0.0071714433;-0.7073451536;55;1620231168.461369953;55
1620231168.4444630146;-0.0272526561;-1.2900665437;1.7734275001;0.7193131174;-0.0133020663;0.0061705742;0.6945312218;1620231168.4371740818;-0.0537353594;5.2450390030;1.4840707737;0.7068020916;0.0062550591;0.0071683715;-0.7073473631;55;1620231168.461369953;55
1620231168.4531080723;-0.0272060260;-1.2900454840;1.7738288977;0.7193274153;-0.0132729190;0.0062174199;0.6945165534;1620231168.4444870949;-0.0537085942;5.2450357353;1.4840678863;0.7068008471;0.0062556612;0.0071625094;-0.7073486606;55;1620231168.461369953;55
1620231168.4608950615;-0.0272771479;-1.2900365592;1.7742326176;0.7192712654;-0.0131978871;0.0063600457;0.6945748429;1620231168.4531319141;-0.0537138507;5.2450426058;1.4840674531;0.7068025443;0.0062616781;0.0071717554;-0.7073468179;56;1620231168.513312697;56
1620231168.4697570801;-0.0272720466;-1.2900294077;1.7746643992;0.7193179845;-0.0132616723;0.0063226274;0.6945255860;1620231168.4609179497;-0.0537055814;5.2450316936;1.4840666993;0.7068009596;0.0062495132;0.0071571244;-0.7073486571;56;1620231168.513312697;56
1620231168.4782390594;-0.0272776870;-1.2900356202;1.7750699031;0.7194040259;-0.0132741840;0.0064246046;0.6944352872;1620231168.4697809219;-0.0537095299;5.2450390534;1.4840675334;0.7068011749;0.0062563264;0.0071651552;-0.7073483004;56;1620231168.513312697;56
1620231168.4864320755;-0.0273413769;-1.2900285896;1.7754669493;0.7193416236;-0.0132414792;0.0065441078;0.6944994359;1620231168.4782710075;-0.0537074631;5.2450334396;1.4840653351;0.7068011586;0.0062563298;0.0071601557;-0.7073483673;56;1620231168.513312697;56
1620231168.5040209293;-0.0274670286;-1.2900329616;1.7762822364;0.7193118961;-0.0130018211;0.0069031396;0.6945312775;1620231168.4864559174;-0.0537122260;5.2450358801;1.4840659611;0.7068017707;0.0062538782;0.0071632947;-0.7073477455;57;1620231168.539283977;57
1620231168.5113999844;-0.0274895780;-1.2900219197;1.7766953603;0.7193243732;-0.0128703047;0.0070113305;0.6945197209;1620231168.5040431023;-0.0537280110;5.2450324038;1.4840738554;0.7068002443;0.0062457006;0.0071585372;-0.7073493912;57;1620231168.539283977;57
1620231168.5206680298;-0.0275357935;-1.2900252538;1.7771130488;0.7192490728;-0.0126748996;0.0071472878;0.6945999097;1620231168.5114219189;-0.0537149867;5.2450409270;1.4840686202;0.7068037469;0.0062606362;0.0071710632;-0.7073456324;57;1620231168.539283977;57
1620231168.5369520187;-0.0275066141;-1.2900465849;1.7779521979;0.7192868215;-0.0121698929;0.0072952295;0.6945683132;1620231168.5206899643;-0.0537098177;5.2450388298;1.4840700910;0.7067991489;0.0062557793;0.0071654019;-0.7073503272;57;1620231168.539283977;57
1620231168.5447289944;-0.0275173204;-1.2900646589;1.7783940723;0.7193107039;-0.0118017674;0.0074318151;0.6945484847;1620231168.5369760990;-0.0537087005;5.2450420004;1.4840665461;0.7068022196;0.0062619291;0.0071676701;-0.7073471814;58;1620231168.565255353;58
1620231168.5542271137;-0.0275139074;-1.2900788822;1.7787833545;0.7193923036;-0.0114003393;0.0077669169;0.6944670048;1620231168.5447530746;-0.0537093340;5.2450380322;1.4840664152;0.7068014251;0.0062563018;0.0071632311;-0.7073480701;58;1620231168.565255353;58
1620231168.5610599518;-0.0275468167;-1.2900826669;1.7791738108;0.7193671105;-0.0109360087;0.0081669450;0.6944959792;1620231168.5542550087;-0.0537142550;5.2450510262;1.4840658408;0.7068007787;0.0062716266;0.0071788309;-0.7073484221;58;1620231168.565255353;58
1620231168.5704340935;-0.0275351196;-1.2900742614;1.7795033321;0.7193281181;-0.0107971854;0.0084594140;0.6945350370;1620231168.5610818863;-0.0537268685;5.2450384222;1.4840719019;0.7068003550;0.0062498371;0.0071637687;-0.7073491911;58;1620231168.565255353;58
1620231168.5782990456;-0.0275161060;-1.2900775846;1.7798182191;0.7193244021;-0.0107585371;0.0087245676;0.6945362052;1620231168.5704569817;-0.0537121953;5.2450382025;1.4840667793;0.7068001523;0.0062530548;0.0071624403;-0.7073493786;59;1620231168.617198089;59
1620231168.5875039101;-0.0275830748;-1.2900723634;1.7801305844;0.7192349407;-0.0107263163;0.0090685878;0.6946249398;1620231168.5783209801;-0.0537093819;5.2450341805;1.4840654210;0.7068035981;0.0062563628;0.0071655527;-0.7073458747;59;1620231168.617198089;59
1620231168.6028060913;-0.0275631521;-1.2900375226;1.7806181648;0.7193208277;-0.0112911191;0.0096001883;0.6945199017;1620231168.5875270367;-0.0537027691;5.2450303652;1.4840650872;0.7068013790;0.0062511915;0.0071541859;-0.7073482529;59;1620231168.617198089;59
1620231168.6110749245;-0.0276648492;-1.2900232775;1.7808350889;0.7192162703;-0.0116443342;0.0099197014;0.6946178557;1620231168.6028299332;-0.0537100244;5.2450392471;1.4840683639;0.7068029608;0.0062580947;0.0071640793;-0.7073465112;60;1620231168.643169401;60
1620231168.6212279797;-0.0275744353;-1.2899908573;1.7810639563;0.7193127739;-0.0122862799;0.0099421747;0.6945065398;1620231168.6111049652;-0.0537099633;5.2450413230;1.4840647147;0.7068031446;0.0062573861;0.0071645371;-0.7073463292;60;1620231168.643169401;60
1620231168.6362109184;-0.0276443764;-1.2899864746;1.7814785113;0.7192117793;-0.0135541812;0.0100641165;0.6945857861;1620231168.6212499142;-0.0537007796;5.2450466330;1.4840666705;0.7067998109;0.0062612019;0.0071685417;-0.7073495859;60;1620231168.643169401;60
1620231168.6455430984;-0.0275966927;-1.2899546603;1.7817216723;0.7193437986;-0.0140399974;0.0099217685;0.6944414564;1620231168.6362440586;-0.0537364479;5.2450389640;1.4840715127;0.7068010140;0.0062517369;0.0071642777;-0.7073485106;60;1620231168.643169401;60
1620231168.6537990570;-0.0276000017;-1.2899636811;1.7819031484;0.7193451469;-0.0146394878;0.0098353593;0.6944289098;1620231168.6455650330;-0.0537095454;5.2450406944;1.4840667919;0.7068021002;0.0062589743;0.0071667449;-0.7073473362;61;1620231168.695112201;61
1620231168.6613938808;-0.0275863477;-1.2899598338;1.7821291317;0.7194090581;-0.0150381975;0.0096607246;0.6943566303;1620231168.6538240910;-0.0537058263;5.2450410857;1.4840643693;0.7068017446;0.0062597845;0.0071666624;-0.7073476853;61;1620231168.695112201;61
1620231168.6696689129;-0.0275821674;-1.2899514422;1.7823987048;0.7193939526;-0.0152804484;0.0093332057;0.6943714712;1620231168.6614170074;-0.0537112513;5.2450422113;1.4840678639;0.7068001954;0.0062553757;0.0071666110;-0.7073492729;61;1620231168.695112201;61
1620231168.6864678860;-0.0274893491;-1.2899422551;1.7829582619;0.7195755899;-0.0153558609;0.0086625091;0.6941902685;1620231168.6696920395;-0.0537133920;5.2450411298;1.4840672181;0.7068007474;0.0062562657;0.0071679931;-0.7073486994;61;1620231168.695112201;61
1620231168.6945118904;-0.0274381102;-1.2899349854;1.7832671775;0.7196922038;-0.0152911093;0.0082777593;0.6940754948;1620231168.6864910126;-0.0537099001;5.2450458932;1.4840671690;0.7068008857;0.0062583022;0.0071676865;-0.7073485462;62;1620231168.721083545;62
1620231168.7033538818;-0.0274033710;-1.2899269897;1.7835265151;0.7197505066;-0.0151519859;0.0080508573;0.6940207556;1620231168.6945331097;-0.0537350187;5.2450379682;1.4840713319;0.7068008283;0.0062520216;0.0071641013;-0.7073486955;62;1620231168.721083545;62
1620231168.7110269070;-0.0273696936;-1.2899143853;1.7838093045;0.7198376789;-0.0148771484;0.0078714640;0.6939383450;1620231168.7033789158;-0.0537354687;5.2450384851;1.4840709048;0.7068022983;0.0062574477;0.0071673309;-0.7073471459;62;1620231168.721083545;62
1620231168.7197000980;-0.0273906402;-1.2899064939;1.7840912328;0.7198371346;-0.0147498325;0.0075896063;0.6939447673;1620231168.7110500336;-0.0537088545;5.2450362133;1.4840683168;0.7068011801;0.0062560647;0.0071630940;-0.7073483184;62;1620231168.721083545;62
1620231168.7364559174;-0.0273099033;-1.2898904555;1.7845128646;0.7200915882;-0.0148481979;0.0070961752;0.6936838473;1620231168.7197229862;-0.0537106136;5.2450418335;1.4840663336;0.7068025447;0.0062576367;0.0071681549;-0.7073468897;63;1620231168.773026225;63
1620231168.7444798946;-0.0272680465;-1.2898663492;1.7847036100;0.7201507037;-0.0150028050;0.0069422491;0.6936207069;1620231168.7364780903;-0.0537138148;5.2450420429;1.4840647741;0.7068038003;0.0062625661;0.0071690553;-0.7073455823;63;1620231168.773026225;63
1620231168.7531800270;-0.0272262468;-1.2898184492;1.7848651829;0.7202126563;-0.0152461600;0.0068301262;0.6935521853;1620231168.7445030212;-0.0537050966;5.2450398904;1.4840656681;0.7068025260;0.0062578445;0.0071641725;-0.7073469468;63;1620231168.773026225;63
1620231168.7613320351;-0.0272164534;-1.2897831111;1.7850176327;0.7202093921;-0.0155484892;0.0067724301;0.6935494288;1620231168.7531919479;-0.0537089836;5.2450414803;1.4840653467;0.7068017318;0.0062571914;0.0071662180;-0.7073477256;64;1620231168.798997601;64
1620231168.7700600624;-0.0272068509;-1.2897313464;1.7851543452;0.7202075512;-0.0158488473;0.0067752518;0.6935445142;1620231168.7613539696;-0.0537061033;5.2450406191;1.4840662040;0.7068030349;0.0062597525;0.0071642855;-0.7073464203;64;1620231168.798997601;64
1620231168.7864990234;-0.0272424514;-1.2896405041;1.7854294453;0.7200499220;-0.0165627258;0.0067306864;0.6936919228;1620231168.7700929642;-0.0537175349;5.2450369402;1.4840672449;0.7068030556;0.0062551058;0.0071647896;-0.7073464357;64;1620231168.798997601;64
1620231168.7949988842;-0.0272217139;-1.2895968698;1.7855904813;0.7200190448;-0.0168845934;0.0066052325;0.6937174183;1620231168.7865209579;-0.0537097519;5.2450388488;1.4840687774;0.7068028544;0.0062566642;0.0071648748;-0.7073466220;64;1620231168.798997601;64
1620231168.8034329414;-0.0272618575;-1.2895483668;1.7857819840;0.7199399964;-0.0169105036;0.0065350550;0.6937994880;1620231168.7950220108;-0.0537039382;5.2450381719;1.4840672678;0.7068030298;0.0062619685;0.0071672539;-0.7073463757;65;1620231168.824968961;65
1620231168.8111939430;-0.0272551611;-1.2895025940;1.7859887642;0.7198751988;-0.0169974745;0.0062670055;0.6938670685;1620231168.8034570217;-0.0537089032;5.2450396866;1.4840683278;0.7068037957;0.0062638213;0.0071680729;-0.7073455858;65;1620231168.824968961;65
1620231168.8197519779;-0.0272211707;-1.2894647346;1.7862041770;0.7199367881;-0.0168673572;0.0061947713;0.6938069891;1620231168.8112170696;-0.0537153652;5.2450322742;1.4840646366;0.7068031703;0.0062504414;0.0071594457;-0.7073464164;65;1620231168.824968961;65
1620231168.8366649151;-0.0271815208;-1.2893824669;1.7867261723;0.7199194623;-0.0165009680;0.0058330391;0.6938369127;1620231168.8197729588;-0.0537299592;5.2450442498;1.4840707490;0.7068028076;0.0062582550;0.0071660097;-0.7073466432;65;1620231168.824968961;65
1620231168.8445260525;-0.0272521691;-1.2893454126;1.7870055442;0.7198409105;-0.0161513814;0.0058181908;0.6939267577;1620231168.8366889954;-0.0537087915;5.2450425623;1.4840655248;0.7068021520;0.0062583263;0.0071646431;-0.7073473115;66;1620231168.876911593;66
1620231168.8529229164;-0.0271818326;-1.2892948302;1.7872603859;0.7199045409;-0.0160727467;0.0054997651;0.6938651680;1620231168.8445498943;-0.0537367250;5.2450499427;1.4840680944;0.7068016463;0.0062660394;0.0071764949;-0.7073476284;66;1620231168.876911593;66
1620231168.8614239693;-0.0272502599;-1.2892436056;1.7875342405;0.7197852298;-0.0159623536;0.0052555754;0.6939933754;1620231168.8529460430;-0.0537109655;5.2450403931;1.4840636514;0.7068042821;0.0062629617;0.0071704158;-0.7073450836;66;1620231168.876911593;66
1620231168.8695418835;-0.0272331552;-1.2891965175;1.7877925095;0.7198346115;-0.0158974873;0.0050484107;0.6939451820;1620231168.8614459038;-0.0537083628;5.2450426853;1.4840658426;0.7068031777;0.0062654910;0.0071677602;-0.7073461916;67;1620231168.902882961;67
1620231168.8863580227;-0.0272339319;-1.2891250607;1.7882792035;0.7198424575;-0.0157891331;0.0047986577;0.6939412889;1620231168.8695640564;-0.0537083963;5.2450378293;1.4840641107;0.7068027053;0.0062573808;0.0071638844;-0.7073467747;67;1620231168.902882961;67
1620231168.8943190575;-0.0272787455;-1.2890711583;1.7885217959;0.7197897196;-0.0156086326;0.0048467428;0.6939997401;1620231168.8863799572;-0.0537356094;5.2450434739;1.4840695986;0.7068028605;0.0062596351;0.0071696251;-0.7073465415;67;1620231168.902882961;67
1620231168.9030621052;-0.0272963031;-1.2890088242;1.7887946546;0.7197781448;-0.0153540175;0.0048712562;0.6940172529;1620231168.8943419456;-0.0537366829;5.2450415564;1.4840667862;0.7068036526;0.0062585704;0.0071675803;-0.7073457802;67;1620231168.902882961;67
1620231168.9110469818;-0.0273258108;-1.2889268626;1.7891152908;0.7197140126;-0.0150092983;0.0047967456;0.6940918183;1620231168.9030849934;-0.0537089968;5.2450422908;1.4840645344;0.7068025617;0.0062550357;0.0071648943;-0.7073469287;68;1620231168.954825697;68
1620231168.9191560745;-0.0273538624;-1.2888372647;1.7894374579;0.7196763601;-0.0145429361;0.0048384611;0.6941404966;1620231168.9110569954;-0.0537159041;5.2450480752;1.4840609548;0.7068027491;0.0062640165;0.0071740393;-0.7073465693;68;1620231168.954825697;68
1620231168.9365460873;-0.0274119583;-1.2887318166;1.7899389141;0.7196413462;-0.0137223002;0.0051221267;0.6941914686;1620231168.9191670418;-0.0537141511;5.2450396185;1.4840638758;0.7068023173;0.0062593436;0.0071687288;-0.7073470960;68;1620231168.954825697;68
1620231168.9531528950;-0.0273480610;-1.2886606499;1.7903292842;0.7196289065;-0.0129714849;0.0058116641;0.6942133693;1620231168.9365689754;-0.0537126119;5.2450426844;1.4840637220;0.7068021204;0.0062588007;0.0071676860;-0.7073473081;69;1620231168.980797025;69
1620231168.9610269070;-0.0273123837;-1.2886015742;1.7905433889;0.7194860248;-0.0126701527;0.0062265643;0.6943634187;1620231168.9531700611;-0.0537103795;5.2450383068;1.4840652920;0.7068039760;0.0062531346;0.0071612890;-0.7073455688;69;1620231168.980797025;69
1620231168.9778280258;-0.0273823826;-1.2884667203;1.7909354047;0.7192846914;-0.0119968311;0.0069413037;0.6945771570;1620231168.9610509872;-0.0537223447;5.2450407476;1.4840648943;0.7068034153;0.0062582411;0.0071683386;-0.7073460126;69;1620231168.980797025;69
1620231168.9944109917;-0.0274652473;-1.2883142920;1.7913196037;0.7190677516;-0.0118460310;0.0072470603;0.6948012092;1620231168.9778499603;-0.0537109371;5.2450380395;1.4840646205;0.7068038894;0.0062580309;0.0071648531;-0.7073455760;70;1620231169.032739721;70
1620231169.0039200783;-0.0275784807;-1.2882559331;1.7914945668;0.7189526758;-0.0118140559;0.0075573483;0.6949175235;1620231168.9944341183;-0.0537142321;5.2450388845;1.4840601143;0.7068045848;0.0062625321;0.0071707455;-0.7073447816;70;1620231169.032739721;70
1620231169.0116069317;-0.0275903577;-1.2882000946;1.7916307237;0.7189272443;-0.0120470324;0.0076500572;0.6949388196;1620231169.0039451122;-0.0537008076;5.2450353847;1.4840609948;0.7068014036;0.0062543362;0.0071592289;-0.7073481495;70;1620231169.032739721;70
1620231169.0195500851;-0.0275383515;-1.2881349399;1.7917610793;0.7189722985;-0.0123875655;0.0075621147;0.6948871827;1620231169.0116279125;-0.0537067611;5.2450417834;1.4840628754;0.7067997176;0.0062566808;0.0071654500;-0.7073497505;71;1620231169.058711145;71
1620231169.0364909172;-0.0275780027;-1.2880576276;1.7920281725;0.7189626488;-0.0127584917;0.0076507470;0.6948894852;1620231169.0195620060;-0.0537322908;5.2450500497;1.4840632880;0.7068029820;0.0062664542;0.0071755612;-0.7073462996;71;1620231169.058711145;71
1620231169.0537650585;-0.0275745510;-1.2879827440;1.7923309858;0.7190116515;-0.0129131159;0.0077007144;0.6948353729;1620231169.0365450382;-0.0537129390;5.2450480308;1.4840639831;0.7068037087;0.0062645068;0.0071752582;-0.7073455937;71;1620231169.058711145;71
1620231169.0612120628;-0.0275575893;-1.2879386278;1.7925057755;0.7190772348;-0.0127903353;0.0076947687;0.6947698383;1620231169.0537919998;-0.0537109667;5.2450326409;1.4840672887;0.7068022761;0.0062523519;0.0071623638;-0.7073472635;72;1620231169.084682489;72
1620231169.0781340599;-0.0275276342;-1.2878423517;1.7929265128;0.7191672587;-0.0121522232;0.0075648903;0.6946895349;1620231169.0612359047;-0.0537124477;5.2450481288;1.4840640915;0.7068023763;0.0062644883;0.0071739040;-0.7073469390;72;1620231169.084682489;72
1620231169.0863749981;-0.0274692879;-1.2877911095;1.7931050170;0.7192514548;-0.0118131602;0.0076632474;0.6946071326;1620231169.0781550407;-0.0537147745;5.2450446959;1.4840660863;0.7068031686;0.0062589246;0.0071674317;-0.7073462622;72;1620231169.084682489;72
1620231169.0941290855;-0.0274212211;-1.2877113736;1.7933003416;0.7193127867;-0.0114823206;0.0077715510;0.6945479639;1620231169.0863969326;-0.0537058136;5.2450443776;1.4840623323;0.7068032644;0.0062635320;0.0071675277;-0.7073461248;73;1620231169.136625209;73
1620231169.1033039093;-0.0273687888;-1.2876578827;1.7934229988;0.7193644434;-0.0113573721;0.0080017773;0.6944939015;1620231169.0941500664;-0.0537086194;5.2450459066;1.4840645300;0.7068047022;0.0062674326;0.0071727679;-0.7073446003;73;1620231169.136625209;73
1620231169.1112089157;-0.0273815326;-1.2876702362;1.7933567906;0.7193017084;-0.0116967724;0.0085459696;0.6945467617;1620231169.1033270359;-0.0537071560;5.2450508249;1.4840648724;0.7068025524;0.0062653434;0.0071716842;-0.7073467780;73;1620231169.136625209;73
1620231169.1276249886;-0.0273493582;-1.2875586879;1.7933559042;0.7192652872;-0.0124782668;0.0090994601;0.6945638483;1620231169.1112310886;-0.0537102586;5.2450500250;1.4840697405;0.7068043229;0.0062657340;0.0071742552;-0.7073449794;73;1620231169.136625209;73
1620231169.1362268925;-0.0273374118;-1.2874736587;1.7933869993;0.7193078107;-0.0129032225;0.0092387616;0.6945102055;1620231169.1276469231;-0.0537129144;5.2450462003;1.4840648416;0.7068040402;0.0062613079;0.0071708585;-0.7073453354;74;1620231169.162596561;74
1620231169.1450729370;-0.0273290118;-1.2873936311;1.7934157549;0.7192924929;-0.0134268124;0.0092140583;0.6945164731;1620231169.1362490654;-0.0537121232;5.2450369229;1.4840634448;0.7068036498;0.0062555800;0.0071644716;-0.7073458409;74;1620231169.162596561;74
1620231169.1532959938;-0.0273291227;-1.2872624075;1.7934557091;0.7192593983;-0.0139136266;0.0090566470;0.6945432356;1620231169.1450879574;-0.0537349871;5.2450565296;1.4840666458;0.7068041857;0.0062739199;0.0071807857;-0.7073449776;74;1620231169.162596561;74
1620231169.1610391140;-0.0272126231;-1.2872640590;1.7935040547;0.7195030243;-0.0144365800;0.0089407375;0.6942816765;1620231169.1533188820;-0.0537046211;5.2450448050;1.4840637833;0.7068039420;0.0062619770;0.0071674309;-0.7073454624;74;1620231169.162596561;74
1620231169.1777889729;-0.0271746972;-1.2870660901;1.7936878703;0.7195193076;-0.0148777714;0.0084387270;0.6942617704;1620231169.1610720158;-0.0537035922;5.2450398775;1.4840639995;0.7068027239;0.0062560168;0.0071629860;-0.7073467773;75;1620231169.214539241;75
1620231169.1862640381;-0.0270995850;-1.2870591160;1.7938264716;0.7196984019;-0.0149805768;0.0080970710;0.6940779712;1620231169.1778459549;-0.0537040655;5.2450478480;1.4840673075;0.7068029699;0.0062639128;0.0071693030;-0.7073463977;75;1620231169.214539241;75
1620231169.1941680908;-0.0270392854;-1.2869949567;1.7939564892;0.7197586761;-0.0150363858;0.0076485026;0.6940193482;1620231169.1862859726;-0.0537037149;5.2450332519;1.4840709965;0.7068015346;0.0062499810;0.0071575275;-0.7073480743;75;1620231169.214539241;75
1620231169.2026960850;-0.0270030977;-1.2869528541;1.7940432165;0.7198067128;-0.0150983342;0.0072750305;0.6939721971;1620231169.1941900253;-0.0537120650;5.2450446334;1.4840694809;0.7068038288;0.0062583568;0.0071676683;-0.7073456052;75;1620231169.214539241;75
1620231169.2110469341;-0.0269775988;-1.2868338588;1.7941278354;0.7198368113;-0.0151393845;0.0069031404;0.6939438816;1620231169.2027211189;-0.0537003480;5.2450386702;1.4840694283;0.7068003530;0.0062521116;0.0071594119;-0.7073492170;76;1620231169.240510561;76
1620231169.2195279598;-0.0269653438;-1.2867739949;1.7941877853;0.7198435392;-0.0152640971;0.0066734854;0.6939364171;1620231169.2110700607;-0.0537038746;5.2450387868;1.4840662197;0.7068021129;0.0062585708;0.0071650120;-0.7073473447;76;1620231169.240510561;76
1620231169.2358460426;-0.0268615496;-1.2866359114;1.7943090211;0.7199515145;-0.0154741193;0.0063234284;0.6938230196;1620231169.2195529938;-0.0537100233;5.2450483883;1.4840616579;0.7068033592;0.0062687575;0.0071745199;-0.7073459128;76;1620231169.240510561;76
1620231169.2449650764;-0.0268615577;-1.2865333216;1.7943823708;0.7199588320;-0.0155468764;0.0061347769;0.6938154937;1620231169.2358698845;-0.0537403944;5.2450468318;1.4840674408;0.7068032202;0.0062643115;0.0071748912;-0.7073460873;76;1620231169.240510561;76
1620231169.2534680367;-0.0268256974;-1.2864115083;1.7944791281;0.7199832330;-0.0156541309;0.0059108361;0.6937897047;1620231169.2449901104;-0.0536995011;5.2450447340;1.4840658263;0.7068014291;0.0062635435;0.0071672668;-0.7073479612;77;1620231169.292453297;77
1620231169.2611219883;-0.0268290899;-1.2863277462;1.7945118327;0.7199130353;-0.0158476220;0.0058685143;0.6938585122;1620231169.2534840107;-0.0537340453;5.2450384918;1.4840740615;0.7068023847;0.0062502327;0.0071640165;-0.7073471570;77;1620231169.292453297;77
1620231169.2698149681;-0.0268480669;-1.2862660545;1.7945105802;0.7198691030;-0.0160966591;0.0058514712;0.6938985029;1620231169.2611570358;-0.0537063483;5.2450369669;1.4840687361;0.7068023026;0.0062500120;0.0071604671;-0.7073472769;77;1620231169.292453297;77
1620231169.2855930328;-0.0268302088;-1.2861296795;1.7946406282;0.7199557763;-0.0162039402;0.0054991091;0.6938089595;1620231169.2698400021;-0.0537109012;5.2450405954;1.4840712627;0.7068005268;0.0062551033;0.0071648111;-0.7073489623;77;1620231169.292453297;77
1620231169.2931170464;-0.0268157539;-1.2860514749;1.7947445318;0.7200120398;-0.0161206740;0.0052545072;0.6937544065;1620231169.2856080532;-0.0537103076;5.2450487950;1.4840647333;0.7068033316;0.0062667548;0.0071744984;-0.7073459583;78;1620231169.318424721;78
1620231169.3017520905;-0.0268729398;-1.2859865918;1.7948321734;0.7199060704;-0.0160395905;0.0050724721;0.6938676036;1620231169.2931320667;-0.0537042253;5.2450405391;1.4840642636;0.7068031165;0.0062572762;0.0071631842;-0.7073463718;78;1620231169.318424721;78
1620231169.3106389046;-0.0268774385;-1.2859227457;1.7949458657;0.7199273630;-0.0158913698;0.0048671503;0.6938503925;1620231169.3017671108;-0.0537112732;5.2450444206;1.4840664033;0.7068023690;0.0062599308;0.0071672023;-0.7073470546;78;1620231169.318424721;78
1620231169.3271079063;-0.0268593466;-1.2857693755;1.7951660714;0.7199577058;-0.0156333433;0.0045393390;0.6938269920;1620231169.3106501102;-0.0537332517;5.2450399415;1.4840680601;0.7068048320;0.0062600604;0.0071664940;-0.7073445995;79;1620231169.370367313;79
1620231169.3355538845;-0.0268995890;-1.2856837992;1.7952917197;0.7199134996;-0.0155242794;0.0043152842;0.6938767385;1620231169.3271219730;-0.0537112329;5.2450376653;1.4840660962;0.7068028974;0.0062560454;0.0071628818;-0.7073466047;79;1620231169.370367313;79
1620231169.3438260555;-0.0268679762;-1.2856075302;1.7953833769;0.7199598992;-0.0154228896;0.0042044271;0.6938315364;1620231169.3355679512;-0.0537076492;5.2450426739;1.4840684578;0.7068027328;0.0062602941;0.0071672674;-0.7073466872;79;1620231169.370367313;79
1620231169.3527200222;-0.0268840331;-1.2855282773;1.7954994758;0.7198871211;-0.0152704908;0.0040915172;0.6939110927;1620231169.3438398838;-0.0537077077;5.2450435656;1.4840703757;0.7068009540;0.0062585339;0.0071663276;-0.7073484898;79;1620231169.370367313;79
1620231169.3604390621;-0.0269108409;-1.2854546364;1.7956144580;0.7198048041;-0.0150102798;0.0040766318;0.6940022453;1620231169.3527309895;-0.0537162938;5.2450414627;1.4840692152;0.7068041830;0.0062578300;0.0071667725;-0.7073452649;80;1620231169.396338777;80
1620231169.3694379330;-0.0269273450;-1.2853866279;1.7957004202;0.7197730253;-0.0146430484;0.0042754983;0.6940418527;1620231169.3604540825;-0.0537092444;5.2450345690;1.4840651047;0.7068026621;0.0062536118;0.0071607447;-0.7073468830;80;1620231169.396338777;80
1620231169.3859829903;-0.0269927595;-1.2852086242;1.7958779734;0.7194989463;-0.0138548300;0.0047749715;0.6943389011;1620231169.3694639206;-0.0537058187;5.2450424428;1.4840661738;0.7068023341;0.0062594008;0.0071623692;-0.7073471431;80;1620231169.396338777;80
1620231169.3938410282;-0.0270346589;-1.2851279813;1.7959522760;0.7194753405;-0.0133368201;0.0051227883;0.6943710252;1620231169.3859970570;-0.0537158974;5.2450398207;1.4840661409;0.7068034172;0.0062593810;0.0071676450;-0.7073460076;80;1620231169.396338777;80
1620231169.4028730392;-0.0270414445;-1.2850348827;1.7960114248;0.7193117245;-0.0131017348;0.0055644683;0.6945415929;1620231169.3938550949;-0.0537079663;5.2450377926;1.4840672357;0.7068027516;0.0062528075;0.0071608009;-0.7073468001;81;1620231169.422310105;81
1620231169.4106578827;-0.0271668559;-1.2849528764;1.7960411869;0.7191187903;-0.0128491492;0.0060737085;0.6947418044;1620231169.4029130936;-0.0537057445;5.2450368564;1.4840709788;0.7068021809;0.0062499462;0.0071596802;-0.7073474071;81;1620231169.422310105;81
1620231169.4274740219;-0.0271822768;-1.2847585627;1.7960768681;0.7190525099;-0.0128807318;0.0066882063;0.6948041757;1620231169.4106719494;-0.0537441860;5.2450434224;1.4840726890;0.7068045974;0.0062575462;0.0071703329;-0.7073448173;81;1620231169.422310105;81
1620231169.4358899593;-0.0271552285;-1.2846678569;1.7961095681;0.7190621790;-0.0130002354;0.0069196128;0.6947896772;1620231169.4275140762;-0.0537093933;5.2450430015;1.4840658664;0.7068041288;0.0062598918;0.0071696601;-0.7073452716;82;1620231169.474252745;82
1620231169.4440560341;-0.0272773872;-1.2845904158;1.7961372603;0.7188862927;-0.0131653345;0.0070247603;0.6949674991;1620231169.4359049797;-0.0537089253;5.2450433544;1.4840637277;0.7068047707;0.0062664577;0.0071725119;-0.7073445431;82;1620231169.474252745;82
1620231169.4529950619;-0.0271609961;-1.2845159512;1.7961851765;0.7190935932;-0.0133989263;0.0070444704;0.6947483346;1620231169.4440720081;-0.0537140424;5.2450426478;1.4840681431;0.7068044810;0.0062585911;0.0071680922;-0.7073449470;82;1620231169.474252745;82
1620231169.4605109692;-0.0272684478;-1.2844156894;1.7962471028;0.7189760380;-0.0134286444;0.0071390227;0.6948684499;1620231169.4530119896;-0.0537091520;5.2450399550;1.4840644319;0.7068031622;0.0062586528;0.0071639815;-0.7073463059;82;1620231169.474252745;82
1620231169.4774990082;-0.0272546402;-1.2842695261;1.7964055706;0.7191469035;-0.0135563809;0.0069937899;0.6946906093;1620231169.4605391026;-0.0537336458;5.2450446863;1.4840698035;0.7068026785;0.0062588365;0.0071694120;-0.7073467326;83;1620231169.500224121;83
1620231169.4862759113;-0.0272362794;-1.2841982843;1.7965141903;0.7193042133;-0.0134695205;0.0068471583;0.6945308756;1620231169.4775319099;-0.0537087713;5.2450344807;1.4840670456;0.7068024711;0.0062524608;0.0071589174;-0.7073471026;83;1620231169.500224121;83
1620231169.5028190613;-0.0272897781;-1.2840946341;1.7967042537;0.7194850216;-0.0133019136;0.0064136742;0.6943509398;1620231169.4862949848;-0.0537030479;5.2450351466;1.4840642964;0.7068027292;0.0062540620;0.0071610216;-0.7073468092;83;1620231169.500224121;83
1620231169.5103480816;-0.0272317393;-1.2840248217;1.7967853260;0.7196395513;-0.0132865318;0.0061731239;0.6941932561;1620231169.5028359890;-0.0537291938;5.2450404461;1.4840711224;0.7067993780;0.0062513223;0.0071623271;-0.7073501688;84;1620231169.552166833;84
1620231169.5272619724;-0.0272678647;-1.2838862551;1.7969580762;0.7198212299;-0.0131088038;0.0060800916;0.6940090697;1620231169.5103609562;-0.0537120421;5.2450403239;1.4840639505;0.7068035402;0.0062557201;0.0071634967;-0.7073459591;84;1620231169.552166833;84
1620231169.5360438824;-0.0272615762;-1.2838123547;1.7969909765;0.7199289386;-0.0132341255;0.0060807680;0.6938949528;1620231169.5272710323;-0.0537132694;5.2450422633;1.4840667196;0.7068028126;0.0062596215;0.0071692672;-0.7073465932;84;1620231169.552166833;84
1620231169.5437300205;-0.0272786559;-1.2837302501;1.7970373415;0.7199820563;-0.0134111830;0.0059943077;0.6938371906;1620231169.5360600948;-0.0537128458;5.2450357461;1.4840623219;0.7068031273;0.0062522585;0.0071619082;-0.7073464184;84;1620231169.552166833;84
1620231169.5525519848;-0.0273123060;-1.2836498544;1.7970698755;0.7199810302;-0.0136416341;0.0059179886;0.6938344179;1620231169.5437428951;-0.0537148774;5.2450394525;1.4840617867;0.7068041449;0.0062584290;0.0071704740;-0.7073452602;85;1620231169.578138161;85
1620231169.5604689121;-0.0273714296;-1.2835727132;1.7970706549;0.7199467833;-0.0138781414;0.0059931943;0.6938646180;1620231169.5526010990;-0.0537392035;5.2450463045;1.4840682185;0.7068037715;0.0062625184;0.0071731224;-0.7073455702;85;1620231169.578138161;85
1620231169.5771279335;-0.0274404239;-1.2834179820;1.7971314892;0.7199349887;-0.0140883002;0.0061520957;0.6938712298;1620231169.5604820251;-0.0537087470;5.2450521537;1.4840611327;0.7068024581;0.0062659312;0.0071756510;-0.7073468267;85;1620231169.578138161;85
1620231169.5858399868;-0.0274723415;-1.2833466779;1.7971951510;0.7199276589;-0.0141046480;0.0061705256;0.6938783391;1620231169.5771429539;-0.0537125508;5.2450396199;1.4840659166;0.7068027144;0.0062575891;0.0071659024;-0.7073467434;86;1620231169.630080865;86
1620231169.5942690372;-0.0275096214;-1.2832787500;1.7972340268;0.7198707154;-0.0140513785;0.0063144306;0.6939372016;1620231169.5858778954;-0.0537031610;5.2450464905;1.4840620949;0.7068014692;0.0062625754;0.0071687763;-0.7073479143;86;1620231169.630080865;86
1620231169.6023368835;-0.0275496779;-1.2832017905;1.7973060429;0.7198169907;-0.0138690699;0.0064102601;0.6939957185;1620231169.5942819118;-0.0537086895;5.2450479617;1.4840632024;0.7068025121;0.0062658084;0.0071736074;-0.7073467946;86;1620231169.630080865;86
1620231169.6104741096;-0.0275914730;-1.2831333848;1.7973732072;0.7197541831;-0.0137787464;0.0064780358;0.6940620269;1620231169.6023519039;-0.0537362426;5.2450487146;1.4840688086;0.7068014458;0.0062599506;0.0071752900;-0.7073478949;86;1620231169.630080865;86
1620231169.6273241043;-0.0276835543;-1.2829901886;1.7974975198;0.7196258326;-0.0135967284;0.0066252840;0.6941973031;1620231169.6104879379;-0.0537361525;5.2450477778;1.4840662008;0.7068051137;0.0062682289;0.0071779694;-0.7073441294;87;1620231169.656052217;87
1620231169.6355280876;-0.0276956134;-1.2828891538;1.7976237060;0.7196159805;-0.0134827900;0.0064238348;0.6942116315;1620231169.6273419857;-0.0537047024;5.2450474100;1.4840637431;0.7068014569;0.0062657541;0.0071734680;-0.7073478509;87;1620231169.656052217;87
1620231169.6439459324;-0.0277529520;-1.2828162707;1.7976997069;0.7195911747;-0.0134278706;0.0064253836;0.6942383942;1620231169.6355431080;-0.0537047883;5.2450452717;1.4840656454;0.7068034486;0.0062610233;0.0071689438;-0.7073459485;87;1620231169.656052217;87
1620231169.6524798870;-0.0278046429;-1.2827606165;1.7977724612;0.7194949415;-0.0134401582;0.0063507924;0.6943385764;1620231169.6439559460;-0.0537269205;5.2450484803;1.4840706495;0.7067998472;0.0062564198;0.0071670969;-0.7073496066;87;1620231169.656052217;87
1620231169.6606171131;-0.0279205721;-1.2827271830;1.7978287006;0.7193561520;-0.0133411996;0.0065029721;0.6944828654;1620231169.6525149345;-0.0537041643;5.2450425386;1.4840653302;0.7068020222;0.0062630069;0.0071682113;-0.7073473637;88;1620231169.682023689;88
1620231169.6689569950;-0.0279121013;-1.2826750162;1.7978453398;0.7194122004;-0.0133030011;0.0066981355;0.6944236827;1620231169.6606390476;-0.0537321956;5.2450465137;1.4840693329;0.7068040106;0.0062629149;0.0071729229;-0.7073453299;88;1620231169.682023689;88
1620231169.6862120628;-0.0280565339;-1.2825141306;1.7980879992;0.7191176103;-0.0127027977;0.0068062788;0.6947389265;1620231169.6689760685;-0.0537074041;5.2450430412;1.4840652642;0.7068022735;0.0062589821;0.0071679791;-0.7073471506;88;1620231169.682023689;88
1620231169.7029991150;-0.0279864988;-1.2822959792;1.7983624891;0.7192304502;-0.0119421134;0.0066473103;0.6946371418;1620231169.6862239838;-0.0537033537;5.2450443101;1.4840645803;0.7068021041;0.0062613862;0.0071702881;-0.7073472752;89;1620231169.733966393;89
1620231169.7104411125;-0.0279558951;-1.2822517743;1.7984000593;0.7193021847;-0.0117339781;0.0068352950;0.6945645828;1620231169.7030138969;-0.0537114028;5.2450423417;1.4840630239;0.7068026430;0.0062606614;0.0071688866;-0.7073467573;89;1620231169.733966393;89
1620231169.7271919250;-0.0280122702;-1.2821582038;1.7983494063;0.7192465417;-0.0116910559;0.0074857968;0.6946162209;1620231169.7104558945;-0.0537014108;5.2450405218;1.4840649866;0.7067988812;0.0062511243;0.0071605626;-0.7073506848;89;1620231169.733966393;89
1620231169.7356140614;-0.0280077212;-1.2820675316;1.7983525937;0.7192419835;-0.0117473579;0.0077100236;0.6946175381;1620231169.7272241116;-0.0537103680;5.2450508746;1.4840632196;0.7068044665;0.0062661682;0.0071727806;-0.7073448470;90;1620231169.759937649;90
1620231169.7438011169;-0.0280464224;-1.2819843789;1.7983468153;0.7192118444;-0.0119014172;0.0079392861;0.6946435395;1620231169.7356250286;-0.0537087954;5.2450506994;1.4840592233;0.7068038644;0.0062726980;0.0071763069;-0.7073453549;90;1620231169.759937649;90
1620231169.7524099350;-0.0281505319;-1.2818864262;1.7983541162;0.7190430440;-0.0121928031;0.0080098119;0.6948124059;1620231169.7438149452;-0.0537052676;5.2450453768;1.4840629192;0.7068024936;0.0062619318;0.0071694893;-0.7073468892;90;1620231169.759937649;90
1620231169.7599670887;-0.0280995860;-1.2818109022;1.7982893085;0.7192092321;-0.0127392760;0.0081196713;0.6946292984;1620231169.7524290085;-0.0537348025;5.2450512276;1.4840662566;0.7068005581;0.0062645384;0.0071772566;-0.7073487213;90;1620231169.759937649;90
1620231169.7767388821;-0.0282333813;-1.2816454928;1.7982230664;0.7191742357;-0.0137374386;0.0082264298;0.6946452529;1620231169.7599790096;-0.0536994653;5.2450392636;1.4840604552;0.7068029392;0.0062568973;0.0071625955;-0.7073465583;91;1620231169.811880417;91
1620231169.7853159904;-0.0282760648;-1.2815558909;1.7982582754;0.7192159925;-0.0140387468;0.0080429944;0.6945981428;1620231169.7767550945;-0.0536995288;5.2450561407;1.4840600784;0.7068010591;0.0062706381;0.0071772857;-0.7073481664;91;1620231169.811880417;91
1620231169.7934200764;-0.0281729170;-1.2815300808;1.7981593434;0.7195179969;-0.0146293627;0.0080407305;0.6942731310;1620231169.7853438854;-0.0537079184;5.2450527843;1.4840601241;0.7068033811;0.0062652856;0.0071746748;-0.7073459201;91;1620231169.811880417;91
1620231169.8019859791;-0.0282776690;-1.2814484236;1.7982701459;0.7194566365;-0.0146873966;0.0076599008;0.6943397975;1620231169.7934370041;-0.0537031726;5.2450558944;1.4840600301;0.7068025640;0.0062709340;0.0071784281;-0.7073466484;91;1620231169.811880417;91
1620231169.8099899292;-0.0282790201;-1.2813712908;1.7983631286;0.7195635237;-0.0146738042;0.0073334843;0.6942328391;1620231169.8020079136;-0.0536972075;5.2450541186;1.4840621741;0.7068010035;0.0062697185;0.0071742369;-0.7073482611;92;1620231169.837851809;92
1620231169.8266990185;-0.0281772179;-1.2812226043;1.7985712575;0.7199139550;-0.0146040532;0.0066443513;0.6938778506;1620231169.8100059032;-0.0537075961;5.2450618711;1.4840604071;0.7068018771;0.0062751972;0.0071848072;-0.7073472322;92;1620231169.837851809;92
1620231169.8354179859;-0.0281557471;-1.2811713036;1.7986391897;0.7200608362;-0.0145793812;0.0063612600;0.6937285983;1620231169.8267140388;-0.0537088755;5.2450603799;1.4840612415;0.7068019184;0.0062713803;0.0071826598;-0.7073472466;92;1620231169.837851809;92
1620231169.8435449600;-0.0281921602;-1.2810956154;1.7987212123;0.7200696463;-0.0145288531;0.0060213811;0.6937235471;1620231169.8354809284;-0.0537085172;5.2450531660;1.4840571478;0.7068028378;0.0062677254;0.0071767248;-0.7073464206;93;1620231169.889794473;93
1620231169.8522489071;-0.0281705776;-1.2810566480;1.7987508976;0.7202587366;-0.0146121630;0.0058413955;0.6935270111;1620231169.8435590267;-0.0537083717;5.2450626809;1.4840613699;0.7068025632;0.0062759117;0.0071833896;-0.7073465548;93;1620231169.889794473;93
1620231169.8600881100;-0.0281414916;-1.2809762534;1.7988244040;0.7204036973;-0.0146199927;0.0055513208;0.6933786495;1620231169.8522820473;-0.0537314788;5.2450552657;1.4840624067;0.7068016049;0.0062627721;0.0071758434;-0.7073477053;93;1620231169.889794473;93
1620231169.8765990734;-0.0282351319;-1.2807562389;1.7990433265;0.7203881280;-0.0142428740;0.0051944126;0.6934054396;1620231169.8601028919;-0.0537019820;5.2450507777;1.4840605346;0.7068021790;0.0062628441;0.0071698705;-0.7073471916;93;1620231169.889794473;93
1620231169.8858020306;-0.0282485556;-1.2806665233;1.7990934731;0.7203821428;-0.0141913300;0.0052038829;0.6934126435;1620231169.8766140938;-0.0537027645;5.2450527124;1.4840588484;0.7068031833;0.0062642960;0.0071721603;-0.7073461520;94;1620231169.915765833;94
1620231169.8930280209;-0.0283445684;-1.2805912917;1.7991057847;0.7202664612;-0.0141395563;0.0053451097;0.6935327877;1620231169.8858170509;-0.0537138361;5.2450546526;1.4840641931;0.7068034522;0.0062662038;0.0071770552;-0.7073458167;94;1620231169.915765833;94
1620231169.9018239975;-0.0283382625;-1.2805345333;1.7990536431;0.7202193971;-0.0143178678;0.0055259717;0.6935765872;1620231169.8930389881;-0.0537039547;5.2450606800;1.4840645046;0.7068021027;0.0062730471;0.0071795090;-0.7073470797;94;1620231169.915765833;94
1620231169.9098401070;-0.0284291248;-1.2804645873;1.7990582583;0.7200593434;-0.0142640100;0.0057356629;0.6937421582;1620231169.9018659592;-0.0537142934;5.2450587765;1.4840633348;0.7068023728;0.0062686446;0.0071816280;-0.7073468273;94;1620231169.915765833;94
1620231169.9267599583;-0.0285662173;-1.2803041072;1.7991027612;0.7197556626;-0.0139666183;0.0060591332;0.6940605209;1620231169.9098498821;-0.0537024694;5.2450503627;1.4840652837;0.7067990420;0.0062586369;0.0071674949;-0.7073503875;95;1620231169.941737145;95
1620231169.9354939461;-0.0286175482;-1.2802354804;1.7991339270;0.7196855641;-0.0136980240;0.0062771059;0.6941366227;1620231169.9267699718;-0.0537026185;5.2450530558;1.4840644735;0.7067999466;0.0062628337;0.0071702459;-0.7073494186;95;1620231169.941737145;95
1620231169.9429640770;-0.0287163065;-1.2801657794;1.7991869474;0.7195459720;-0.0134011016;0.0065250831;0.6942848320;1620231169.9355199337;-0.0537019311;5.2450496507;1.4840654562;0.7068012005;0.0062616199;0.0071680596;-0.7073481986;95;1620231169.941737145;95
1620231169.9515590668;-0.0288542094;-1.2800913059;1.7992471898;0.7193461535;-0.0130424305;0.0067501638;0.6944965383;1620231169.9429841042;-0.0537048446;5.2450521372;1.4840663841;0.7068005896;0.0062636972;0.0071713353;-0.7073487573;95;1620231169.941737145;95
1620231169.9598090649;-0.0288381465;-1.2800215604;1.7992653020;0.7192650171;-0.0129900749;0.0068640614;0.6945804329;1620231169.9515709877;-0.0537027070;5.2450492983;1.4840637587;0.7068037156;0.0062627006;0.0071702347;-0.7073456537;96;1620231169.993679865;96
1620231169.9762959480;-0.0289693027;-1.2798602624;1.7993376791;0.7190891878;-0.0127949211;0.0070710556;0.6947640104;1620231169.9598200321;-0.0537076044;5.2450434094;1.4840655095;0.7067999025;0.0062529746;0.0071635415;-0.7073496178;96;1620231169.993679865;96
1620231169.9847600460;-0.0290196250;-1.2797789204;1.7993690099;0.7190551497;-0.0128438076;0.0070827149;0.6947982177;1620231169.9763069153;-0.0537067728;5.2450345860;1.4840670067;0.7068027604;0.0062526171;0.0071591100;-0.7073468101;96;1620231169.993679865;96
1620231169.9928278923;-0.0289526874;-1.2796757427;1.7994063199;0.7191295984;-0.0130005902;0.0069583827;0.6947195019;1620231169.9847850800;-0.0537328805;5.2450399106;1.4840719347;0.7068016607;0.0062557505;0.0071642945;-0.7073478288;97;1620231170.019651281;97
1620231170.0018579960;-0.0290020055;-1.2795920700;1.7994731026;0.7190899871;-0.0130061590;0.0068933834;0.6947610464;1620231169.9928390980;-0.0537069871;5.2450406483;1.4840677657;0.7067984399;0.0062542502;0.0071602517;-0.7073511013;97;1620231170.019651281;97
1620231170.0099389553;-0.0290387597;-1.2795123289;1.7995273801;0.7190872309;-0.0130247412;0.0068528172;0.6947639523;1620231170.0018739700;-0.0537057596;5.2450476754;1.4840645815;0.7068027454;0.0062662354;0.0071709812;-0.7073465844;97;1620231170.019651281;97
1620231170.0184280872;-0.0290686038;-1.2794350491;1.7995951895;0.7190940718;-0.0130008136;0.0068369799;0.6947574760;1620231170.0099549294;-0.0537073174;5.2450442832;1.4840685746;0.7067990119;0.0062552111;0.0071641248;-0.7073504820;97;1620231170.019651281;97
1620231170.0351300240;-0.0291250525;-1.2792797180;1.7997151134;0.7191420100;-0.0127305936;0.0069739821;0.6947114977;1620231170.0184390545;-0.0536983695;5.2450407871;1.4840670093;0.7068003443;0.0062568382;0.0071607347;-0.7073491706;98;1620231170.071593889;98
1620231170.0432829857;-0.0291351701;-1.2792129600;1.7997863792;0.7191967725;-0.0124704102;0.0070911837;0.6946583379;1620231170.0351550579;-0.0537072999;5.2450371956;1.4840716382;0.7067990777;0.0062489225;0.0071608758;-0.7073505048;98;1620231170.071593889;98
1620231170.0515899658;-0.0291712130;-1.2791492404;1.7998691544;0.7191883521;-0.0121877685;0.0071119794;0.6946718594;1620231170.0432989597;-0.0537066843;5.2450411139;1.4840674242;0.7068023380;0.0062636750;0.0071688265;-0.7073470359;98;1620231170.071593889;98
1620231170.0610799789;-0.0292311449;-1.2790921223;1.7999126796;0.7191486788;-0.0119315845;0.0072237502;0.6947162245;1620231170.0516149998;-0.0537062809;5.2450439761;1.4840645193;0.7068025372;0.0062677730;0.0071722525;-0.7073467659;98;1620231170.071593889;98
1620231170.0699789524;-0.0292001667;-1.2790148301;1.8000127211;0.7192789382;-0.0116023062;0.0072189787;0.6945869866;1620231170.0610949993;-0.0537096030;5.2450363175;1.4840651150;0.7068009137;0.0062570664;0.0071652752;-0.7073485536;99;1620231170.097565241;99
1620231170.0869710445;-0.0292216602;-1.2788854559;1.7999883530;0.7193864499;-0.0113505500;0.0078384850;0.6944730800;1620231170.0699939728;-0.0537076400;5.2450458241;1.4840665214;0.7068018313;0.0062651024;0.0071708880;-0.7073475087;99;1620231170.097565241;99
1620231170.0939309597;-0.0292400846;-1.2788060312;1.7999632755;0.7194011179;-0.0113953871;0.0081021028;0.6944541257;1620231170.0869851112;-0.0537048535;5.2450407222;1.4840665254;0.7068008396;0.0062597695;0.0071652416;-0.7073486041;99;1620231170.097565241;99
1620231170.1038908958;-0.0292307775;-1.2787133472;1.7999446438;0.7194701339;-0.0115862446;0.0082642802;0.6943775536;1620231170.0939409733;-0.0537118342;5.2450361582;1.4840687089;0.7068031106;0.0062536703;0.0071630662;-0.7073464108;99;1620231170.097565241;99
1620231170.1108388901;-0.0292029442;-1.2786253747;1.7998711863;0.7195666250;-0.0119861104;0.0084575650;0.6942684459;1620231170.1039180756;-0.0537142724;5.2450388367;1.4840680881;0.7068012519;0.0062600776;0.0071672336;-0.7073481692;100;1620231170.149507953;100
1620231170.1198589802;-0.0292842244;-1.2785347975;1.7998027071;0.7195270894;-0.0124289518;0.0085653891;0.6943003117;1620231170.1108610630;-0.0537099836;5.2450329564;1.4840695754;0.7068011135;0.0062527218;0.0071611728;-0.7073484340;100;1620231170.149507953;100
1620231170.1357200146;-0.0293243542;-1.2783430979;1.7996887409;0.7195788324;-0.0134750255;0.0085446991;0.6942274237;1620231170.1198740005;-0.0537169198;5.2450312384;1.4840659839;0.7068034892;0.0062541016;0.0071607645;-0.7073460520;100;1620231170.149507953;100
1620231170.1439669132;-0.0293361374;-1.2782562292;1.7996779207;0.7196314541;-0.0139349287;0.0083401433;0.6941662841;1620231170.1357319355;-0.0537048455;5.2450332753;1.4840648213;0.7068010147;0.0062528252;0.0071592728;-0.7073485510;101;1620231170.175479377;101
1620231170.1525349617;-0.0293580994;-1.2781803079;1.7996767712;0.7198121289;-0.0142239060;0.0080414156;0.6939765956;1620231170.1439809799;-0.0537101805;5.2450320318;1.4840648710;0.7068025278;0.0062524535;0.0071596797;-0.7073470382;101;1620231170.175479377;101
1620231170.1603999138;-0.0293862125;-1.2780930315;1.7996903562;0.7197288923;-0.0145945162;0.0078014101;0.6940579656;1620231170.1525700092;-0.0537045992;5.2450400434;1.4840668647;0.7068019521;0.0062611630;0.0071659384;-0.7073474730;101;1620231170.175479377;101
1620231170.1770060062;-0.0294033474;-1.2779444392;1.7997645141;0.7198616507;-0.0147961691;0.0072792695;0.6939216738;1620231170.1604139805;-0.0537371903;5.2450317925;1.4840727077;0.7068012320;0.0062474967;0.0071591408;-0.7073483823;101;1620231170.175479377;101
1620231170.1856329441;-0.0293820257;-1.2778808285;1.7998098216;0.7199148814;-0.0148654584;0.0069682058;0.6938681617;1620231170.1770200729;-0.0537028746;5.2450321257;1.4840707986;0.7068023167;0.0062480842;0.0071544081;-0.7073473412;102;1620231170.227422001;102
1620231170.1940948963;-0.0293813420;-1.2778112251;1.7998784436;0.7200008247;-0.0147731411;0.0066227162;0.6937843371;1620231170.1856489182;-0.0537080874;5.2450255859;1.4840684375;0.7068014435;0.0062451124;0.0071512380;-0.7073482719;102;1620231170.227422001;102
1620231170.2024490833;-0.0294454815;-1.2777473569;1.7999479794;0.7200435249;-0.0146484773;0.0063027249;0.6937456450;1620231170.1941089630;-0.0537062495;5.2450387418;1.4840667271;0.7068017932;0.0062583769;0.0071649726;-0.7073476663;102;1620231170.227422001;102
1620231170.2107169628;-0.0294004355;-1.2776707679;1.8000208024;0.7201436029;-0.0145928928;0.0059024509;0.6936464516;1620231170.2024679184;-0.0537073730;5.2450328153;1.4840679515;0.7067999500;0.0062502999;0.0071572912;-0.7073496573;102;1620231170.227422001;102
1620231170.2271549702;-0.0294764096;-1.2775443298;1.8001254497;0.7201579830;-0.0144234499;0.0054726798;0.6936385899;1620231170.2107269764;-0.0537053062;5.2450313264;1.4840681458;0.7067997923;0.0062488542;0.0071561562;-0.7073498391;103;1620231170.253393401;103
1620231170.2361500263;-0.0294508942;-1.2774680256;1.8001534308;0.7202037107;-0.0144113730;0.0053164940;0.6935925766;1620231170.2271900177;-0.0537098459;5.2450315977;1.4840664492;0.7068016794;0.0062544842;0.0071613804;-0.7073478508;103;1620231170.253393401;103
1620231170.2437129021;-0.0294942022;-1.2773675443;1.8002037043;0.7202238604;-0.0141368802;0.0054426927;0.6935763236;1620231170.2361650467;-0.0537057731;5.2450368588;1.4840668014;0.7068026460;0.0062576652;0.0071638223;-0.7073468321;103;1620231170.253393401;103
1620231170.2532849312;-0.0294737725;-1.2772891904;1.8002302350;0.7202191714;-0.0141272262;0.0053871059;0.6935818234;1620231170.2437269688;-0.0537129004;5.2450321276;1.4840685262;0.7068021101;0.0062494879;0.0071610670;-0.7073474678;103;1620231170.253393401;103
1620231170.2609460354;-0.0295220397;-1.2772009181;1.8002714234;0.7201064140;-0.0140334554;0.0054163955;0.6937005675;1620231170.2533009052;-0.0537108332;5.2450388558;1.4840682986;0.7068016127;0.0062579952;0.0071671033;-0.7073478284;104;1620231170.305336073;104
1620231170.2702069283;-0.0296023386;-1.2771347887;1.8003013688;0.7199507089;-0.0139277193;0.0055376661;0.6938633364;1620231170.2609601021;-0.0537138976;5.2450309383;1.4840671972;0.7068021830;0.0062533277;0.0071641051;-0.7073473303;104;1620231170.305336073;104
1620231170.2786960602;-0.0296275719;-1.2770546167;1.8003380070;0.7198785148;-0.0137723210;0.0056391729;0.6939405211;1620231170.2702620029;-0.0537068425;5.2450326899;1.4840647259;0.7068013124;0.0062530878;0.0071616749;-0.7073482269;104;1620231170.305336073;104
1620231170.2950670719;-0.0296905519;-1.2769064997;1.8004249676;0.7197486757;-0.0134288909;0.0059314001;0.6940794819;1620231170.2787089348;-0.0537091587;5.2450351183;1.4840683638;0.7068000565;0.0062555832;0.0071627174;-0.7073494492;105;1620231170.331307441;105
1620231170.3053140640;-0.0297594756;-1.2768222879;1.8005301005;0.7196419834;-0.0130961755;0.0060089003;0.6941957930;1620231170.2950809002;-0.0537120938;5.2450308827;1.4840687474;0.7068009276;0.0062511808;0.0071623421;-0.7073486215;105;1620231170.331307441;105
1620231170.3202939034;-0.0298856475;-1.2766861436;1.8006662956;0.7193951431;-0.0128094037;0.0062105436;0.6944551652;1620231170.3053359985;-0.0537117923;5.2450365434;1.4840711397;0.7068009356;0.0062558584;0.0071669518;-0.7073485255;105;1620231170.331307441;105
1620231170.3369750977;-0.0299644661;-1.2765561138;1.8007970337;0.7193350232;-0.0126655114;0.0063998324;0.6945183593;1620231170.3203248978;-0.0537152423;5.2450328604;1.4840683958;0.7067990565;0.0062524557;0.0071640818;-0.7073504623;106;1620231170.357278881;106
1620231170.3451240063;-0.0300148851;-1.2765039987;1.8008590938;0.7193027495;-0.0127273838;0.0063992271;0.6945506591;1620231170.3370180130;-0.0537064630;5.2450276935;1.4840656590;0.7068017987;0.0062516586;0.0071597701;-0.7073477729;106;1620231170.357278881;106
1620231170.3538820744;-0.0300669375;-1.2764499949;1.8009615957;0.7192630337;-0.0127261986;0.0062738154;0.6945929538;1620231170.3451390266;-0.0537122955;5.2450320925;1.4840657449;0.7068027568;0.0062519992;0.0071611842;-0.7073467982;106;1620231170.357278881;106
1620231170.3611080647;-0.0301089936;-1.2764053622;1.8010777723;0.7192363265;-0.0126964336;0.0061765739;0.6946220246;1620231170.3538970947;-0.0537123597;5.2450349690;1.4840627250;0.7068035292;0.0062601851;0.0071679690;-0.7073458853;106;1620231170.357278881;106
1620231170.3702859879;-0.0301938463;-1.2763697811;1.8012026344;0.7191656672;-0.0125447936;0.0061950441;0.6946977707;1620231170.3611230850;-0.0537197095;5.2450315403;1.4840669788;0.7068018236;0.0062529556;0.0071662097;-0.7073476714;107;1620231170.409221561;107
1620231170.3873319626;-0.0302022351;-1.2762274191;1.8014961505;0.7192700280;-0.0120076079;0.0061549752;0.6945995684;1620231170.3703010082;-0.0537123826;5.2450374223;1.4840694898;0.7068014110;0.0062562641;0.0071672229;-0.7073480441;107;1620231170.409221561;107
1620231170.3956959248;-0.0302023319;-1.2761335178;1.8016684276;0.7192918496;-0.0116156486;0.0061681041;0.6945835200;1620231170.3873479366;-0.0537174902;5.2450341915;1.4840717366;0.7068018983;0.0062544730;0.0071674597;-0.7073475706;107;1620231170.409221561;107
1620231170.4037399292;-0.0302239966;-1.2760607222;1.8018065737;0.7192606649;-0.0112261951;0.0063055417;0.6946209820;1620231170.3957118988;-0.0537124586;5.2450280664;1.4840684209;0.7068007779;0.0062540544;0.0071633961;-0.7073487350;107;1620231170.409221561;107
1620231170.4117751122;-0.0301864663;-1.2760044807;1.8019001693;0.7192540463;-0.0110313239;0.0064136576;0.6946299675;1620231170.4037690163;-0.0537203565;5.2450295116;1.4840685022;0.7068043897;0.0062540158;0.0071659431;-0.7073451006;108;1620231170.435192929;108
1620231170.4199221134;-0.0302025383;-1.2759632121;1.8019546082;0.7192473763;-0.0108155762;0.0067345038;0.6946372302;1620231170.4117910862;-0.0537147940;5.2450352168;1.4840654980;0.7068035219;0.0062585251;0.0071680730;-0.7073459062;108;1620231170.435192929;108
1620231170.4363479614;-0.0302561439;-1.2759187530;1.8019178949;0.7191527864;-0.0107082696;0.0076450726;0.6947273967;1620231170.4199569225;-0.0537079423;5.2450361912;1.4840631561;0.7068007837;0.0062585202;0.0071665458;-0.7073486578;108;1620231170.435192929;108
1620231170.4449169636;-0.0302864816;-1.2759028870;1.8018455371;0.7190767206;-0.0109025984;0.0081058186;0.6947978835;1620231170.4364008904;-0.0537081374;5.2450307907;1.4840693694;0.7067989273;0.0062480955;0.0071587576;-0.7073506838;109;1620231170.487135561;109
1620231170.4536530972;-0.0303202132;-1.2758518832;1.8018282564;0.7190673267;-0.0109539150;0.0085025829;0.6948020563;1620231170.4449319839;-0.0537127646;5.2450393456;1.4840674219;0.7068018156;0.0062643453;0.0071731865;-0.7073475079;109;1620231170.487135561;109
1620231170.4615960121;-0.0303309427;-1.2757856921;1.8018214468;0.7190733068;-0.0111167708;0.0088016290;0.6947895568;1620231170.4536700249;-0.0537089450;5.2450238791;1.4840688316;0.7068029448;0.0062493504;0.0071593225;-0.7073466526;109;1620231170.487135561;109
1620231170.4696300030;-0.0303539104;-1.2757236129;1.8018165318;0.7190470105;-0.0114367637;0.0089948977;0.6948091025;1620231170.4616239071;-0.0537016147;5.2450296853;1.4840674912;0.7068004547;0.0062559135;0.0071632866;-0.7073490426;109;1620231170.487135561;109
1620231170.4867479801;-0.0303666741;-1.2756103208;1.8018359990;0.7190596240;-0.0122476327;0.0091968822;0.6947795838;1620231170.4696469307;-0.0537152373;5.2450364133;1.4840659184;0.7068034727;0.0062624058;0.0071683609;-0.7073459181;110;1620231170.513106953;110
1620231170.4952518940;-0.0303760511;-1.2755695778;1.8018353808;0.7190669246;-0.0126099425;0.0091667619;0.6947659446;1620231170.4867639542;-0.0537133274;5.2450373518;1.4840652813;0.7068013684;0.0062587521;0.0071693361;-0.7073480433;110;1620231170.513106953;110
1620231170.5028119087;-0.0303852349;-1.2755247963;1.8019049337;0.7191063759;-0.0127791498;0.0090216843;0.6947239183;1620231170.4952669144;-0.0537154634;5.2450367483;1.4840658022;0.7068033017;0.0062603113;0.0071679566;-0.7073461116;110;1620231170.513106953;110
1620231170.5115458965;-0.0303387433;-1.2754774946;1.8019793156;0.7191882287;-0.0128880578;0.0087689236;0.6946404074;1620231170.5028278828;-0.0537110714;5.2450385490;1.4840649912;0.7068022738;0.0062581316;0.0071687639;-0.7073471498;110;1620231170.513106953;110
1620231170.5200910568;-0.0303180487;-1.2754412358;1.8020446663;0.7192658342;-0.0128663737;0.0086903511;0.6945614400;1620231170.5115609169;-0.0537097507;5.2450343581;1.4840696589;0.7067994012;0.0062518556;0.0071617366;-0.7073501469;111;1620231170.565049681;111
1620231170.5364639759;-0.0302698379;-1.2753857645;1.8020907922;0.7193735529;-0.0128958352;0.0086308395;0.6944500683;1620231170.5201270580;-0.0537114988;5.2450390965;1.4840663408;0.7068024663;0.0062609709;0.0071697553;-0.7073469223;111;1620231170.565049681;111
1620231170.5446391106;-0.0302447564;-1.2753369602;1.8021391053;0.7194422344;-0.0128176716;0.0085593946;0.6943812464;1620231170.5365159512;-0.0537049229;5.2450325002;1.4840664805;0.7068008262;0.0062537944;0.0071611112;-0.7073487122;111;1620231170.565049681;111
1620231170.5537729263;-0.0302169351;-1.2752847492;1.8021901117;0.7195422574;-0.0127951085;0.0084559528;0.6942792823;1620231170.5446538925;-0.0537108701;5.2450351598;1.4840650958;0.7068035867;0.0062582504;0.0071652538;-0.7073458724;111;1620231170.565049681;111
1620231170.5616469383;-0.0301575847;-1.2752143789;1.8022317619;0.7195634278;-0.0129707867;0.0082392900;0.6942566861;1620231170.5538060665;-0.0537132906;5.2450424437;1.4840637535;0.7068020067;0.0062615695;0.0071706658;-0.7073473670;112;1620231170.591021025;112
1620231170.5701279640;-0.0301641115;-1.2751623881;1.8022051796;0.7196108906;-0.0132032542;0.0082549652;0.6942029212;1620231170.5616660118;-0.0537060379;5.2450332788;1.4840628831;0.7068045196;0.0062573961;0.0071625576;-0.7073449751;112;1620231170.591021025;112
1620231170.5865030289;-0.0301511490;-1.2750308345;1.8021471928;0.7195968343;-0.0139144146;0.0081877702;0.6942043976;1620231170.5701661110;-0.0537088945;5.2450442763;1.4840654792;0.7068002338;0.0062621001;0.0071679737;-0.7073491611;112;1620231170.591021025;112
1620231170.5947039127;-0.0301873998;-1.2749887965;1.8021012939;0.7195554649;-0.0143322233;0.0082082921;0.6942385356;1620231170.5865390301;-0.0537052669;5.2450343918;1.4840666882;0.7068022405;0.0062546314;0.0071595596;-0.7073473073;113;1620231170.616992329;113
1620231170.6031439304;-0.0301328508;-1.2749182963;1.8020661393;0.7195635737;-0.0148223215;0.0080037309;0.6942222285;1620231170.5947189331;-0.0537137365;5.2450405078;1.4840678663;0.7068036419;0.0062594676;0.0071670884;-0.7073457879;113;1620231170.616992329;113
1620231170.6113560200;-0.0301396257;-1.2748683870;1.8020279214;0.7195526860;-0.0152812528;0.0079361672;0.6942243388;1620231170.6031599045;-0.0537188860;5.2450475390;1.4840696857;0.7068027484;0.0062648980;0.0071755825;-0.7073465466;113;1620231170.616992329;113
1620231170.6199080944;-0.0301733411;-1.2748359482;1.8020047778;0.7195605172;-0.0156111088;0.0079011943;0.6942092815;1620231170.6113719940;-0.0537006489;5.2450397873;1.4840674270;0.7067992873;0.0062538402;0.0071647803;-0.7073502123;113;1620231170.616992329;113
1620231170.6281421185;-0.0301273294;-1.2747869479;1.8020519088;0.7196032424;-0.0158096049;0.0076201356;0.6941636431;1620231170.6199419498;-0.0537130390;5.2450501819;1.4840658427;0.7068041774;0.0062723441;0.0071779569;-0.7073450286;114;1620231170.668935121;114
1620231170.6449251175;-0.0300688372;-1.2746303977;1.8022792868;0.7196928386;-0.0157090571;0.0066899182;0.6940826237;1620231170.6281569004;-0.0537171860;5.2450440918;1.4840688495;0.7068006440;0.0062575940;0.0071705536;-0.7073487649;114;1620231170.668935121;114
1620231170.6538410187;-0.0299978325;-1.2745711915;1.8023956741;0.7198057691;-0.0156305971;0.0061778608;0.6939720263;1620231170.6449410915;-0.0537132258;5.2450436631;1.4840646245;0.7068035450;0.0062645339;0.0071721356;-0.7073457887;114;1620231170.668935121;114
1620231170.6613619328;-0.0299930570;-1.2745005944;1.8024860880;0.7198197165;-0.0154440683;0.0058559607;0.6939645266;1620231170.6538820267;-0.0537196814;5.2450341636;1.4840664710;0.7068015877;0.0062477061;0.0071623991;-0.7073479921;114;1620231170.668935121;114
1620231170.6699819565;-0.0299764057;-1.2744502031;1.8025664321;0.7198536106;-0.0152817682;0.0056461786;0.6939346998;1620231170.6613779068;-0.0537124326;5.2450388470;1.4840657606;0.7068015153;0.0062577913;0.0071676101;-0.7073479224;115;1620231170.694906433;115
1620231170.6866230965;-0.0299401663;-1.2743329984;1.8026888311;0.7199212731;-0.0151398426;0.0051704517;0.6938713225;1620231170.6700220108;-0.0537060722;5.2450483535;1.4840671502;0.7067995105;0.0062604318;0.0071729584;-0.7073498481;115;1620231170.694906433;115
1620231170.6947948933;-0.0300286362;-1.2742867423;1.8027205317;0.7198565861;-0.0150400022;0.0051603318;0.6939406781;1620231170.6866390705;-0.0537062762;5.2450517539;1.4840661912;0.7068012986;0.0062633613;0.0071741481;-0.7073480234;115;1620231170.694906433;115
1620231170.7043960094;-0.0299676509;-1.2742262474;1.8027148452;0.7198823821;-0.0152320059;0.0049505308;0.6939112582;1620231170.6948130131;-0.0537150067;5.2450358129;1.4840678104;0.7068021381;0.0062532339;0.0071616104;-0.7073474012;115;1620231170.694906433;115
1620231170.7116699219;-0.0300099908;-1.2741857582;1.8027059526;0.7197905425;-0.0152940993;0.0049901961;0.6940048728;1620231170.7044119835;-0.0537110119;5.2450373810;1.4840649191;0.7068055049;0.0062571278;0.0071617591;-0.7073440011;116;1620231170.746849185;116
1620231170.7200839520;-0.0300981451;-1.2741414955;1.8027132115;0.7196800852;-0.0151518485;0.0051989504;0.6941210034;1620231170.7116849422;-0.0537135887;5.2450412461;1.4840662777;0.7068018576;0.0062559916;0.0071649059;-0.7073476237;116;1620231170.746849185;116
1620231170.7286190987;-0.0300207557;-1.2740660095;1.8027378442;0.7197238256;-0.0151426114;0.0051130646;0.6940764891;1620231170.7201149464;-0.0537067935;5.2450419736;1.4840660304;0.7068007190;0.0062588748;0.0071648741;-0.7073487363;116;1620231170.746849185;116
1620231170.7446990013;-0.0300484887;-1.2739495172;1.8027786298;0.7195974803;-0.0148291716;0.0054862488;0.6942113966;1620231170.7286469936;-0.0537076110;5.2450329522;1.4840670762;0.7068008041;0.0062494618;0.0071579111;-0.7073488050;117;1620231170.772820489;117
1620231170.7531020641;-0.0300845939;-1.2738736215;1.8028449536;0.7195057577;-0.0145537816;0.0055978589;0.6943113970;1620231170.7447140217;-0.0537099516;5.2450413155;1.4840673573;0.7068008682;0.0062570138;0.0071656066;-0.7073485962;117;1620231170.772820489;117
1620231170.7618699074;-0.0300644996;-1.2738220371;1.8028942891;0.7194925667;-0.0144591050;0.0056992076;0.6943262200;1620231170.7531480789;-0.0537088117;5.2450341976;1.4840665221;0.7068005839;0.0062494224;0.0071597007;-0.7073490072;117;1620231170.772820489;117
1620231170.7778730392;-0.0301016610;-1.2736784471;1.8030577098;0.7194100939;-0.0140764759;0.0058179796;0.6944185487;1620231170.7618908882;-0.0537127915;5.2450417446;1.4840620780;0.7068039099;0.0062644346;0.0071705922;-0.7073454407;117;1620231170.772820489;117
1620231170.7861840725;-0.0301821877;-1.2736185150;1.8031487506;0.7193661356;-0.0139185819;0.0059142510;0.6944664554;1620231170.7778899670;-0.0537167390;5.2450386469;1.4840680536;0.7068024952;0.0062538275;0.0071656043;-0.7073469986;118;1620231170.824763201;118
1620231170.7941789627;-0.0301303298;-1.2735473716;1.8032632131;0.7193738577;-0.0139582781;0.0056334843;0.6944599939;1620231170.7862129211;-0.0537011502;5.2450318480;1.4840653565;0.7068006496;0.0062483011;0.0071584396;-0.7073489643;118;1620231170.824763201;118
1620231170.8024210930;-0.0302257113;-1.2735050858;1.8033519750;0.7193190759;-0.0137627410;0.0057699838;0.6945195183;1620231170.7942080498;-0.0537148134;5.2450376801;1.4840666138;0.7068036127;0.0062595549;0.0071695686;-0.7073457912;118;1620231170.824763201;118
1620231170.8108670712;-0.0302001672;-1.2734518434;1.8034271189;0.7193977664;-0.0137534624;0.0056972750;0.6944387929;1620231170.8024380207;-0.0537166593;5.2450365185;1.4840668059;0.7068020834;0.0062578804;0.0071656437;-0.7073473739;118;1620231170.824763201;118
1620231170.8271019459;-0.0302308159;-1.2733196792;1.8036602402;0.7193351025;-0.0134274583;0.0057150802;0.6945099363;1620231170.8108830452;-0.0537172586;5.2450347738;1.4840687766;0.7067999625;0.0062531949;0.0071649540;-0.7073495416;119;1620231170.850734625;119
1620231170.8439500332;-0.0302652363;-1.2732184335;1.8039256100;0.7192677673;-0.0129403315;0.0058170302;0.6945880714;1620231170.8271160126;-0.0537140641;5.2450358256;1.4840674320;0.7068015162;0.0062528252;0.0071663421;-0.7073479783;119;1620231170.850734625;119
1620231170.8523690701;-0.0302727074;-1.2731621401;1.8040284547;0.7191955811;-0.0125936202;0.0060218129;0.6946674418;1620231170.8439629078;-0.0537079331;5.2450437856;1.4840644978;0.7068012614;0.0062618702;0.0071723156;-0.7073480924;120;1620231170.902677241;120
1620231170.8608710766;-0.0302798001;-1.2731216366;1.8041258870;0.7191408630;-0.0122498854;0.0062563922;0.6947281606;1620231170.8523969650;-0.0537113862;5.2450338019;1.4840640861;0.7068017836;0.0062544142;0.0071644472;-0.7073477162;120;1620231170.902677241;120
1620231170.8771560192;-0.0302965587;-1.2730137364;1.8042214085;0.7190730103;-0.0116460119;0.0070780466;0.6948008905;1620231170.8608880043;-0.0537124413;5.2450334418;1.4840640508;0.7068027210;0.0062525082;0.0071631138;-0.7073468099;120;1620231170.902677241;120
1620231170.8857500553;-0.0302826978;-1.2729463297;1.8042757075;0.7189973822;-0.0114528979;0.0074122626;0.6948788772;1620231170.8771789074;-0.0537106397;5.2450251247;1.4840693180;0.7068007980;0.0062466777;0.0071547411;-0.7073488677;120;1620231170.902677241;120
1620231170.8944709301;-0.0303144680;-1.2729003128;1.8042855083;0.7189141489;-0.0113787686;0.0078572332;0.6949613184;1620231170.8857738972;-0.0537094312;5.2450332766;1.4840685547;0.7068039685;0.0062589391;0.0071637953;-0.7073454997;121;1620231170.928648633;121
1620231170.9020950794;-0.0303504288;-1.2728200301;1.8043253032;0.7188297054;-0.0113464110;0.0081261619;0.6950460985;1620231170.8944859505;-0.0537153262;5.2450304716;1.4840642693;0.7068064148;0.0062572117;0.0071644119;-0.7073430643;121;1620231170.928648633;121
1620231170.9108960629;-0.0303358709;-1.2727576579;1.8043385528;0.7187698819;-0.0115431222;0.0083503129;0.6951020684;1620231170.9021239281;-0.0537154609;5.2450254301;1.4840676738;0.7068055246;0.0062490201;0.0071569202;-0.7073441020;121;1620231170.928648633;121
1620231170.9189500809;-0.0303499235;-1.2726835659;1.8043398778;0.7187544964;-0.0117873939;0.0085482731;0.6951114719;1620231170.9109139442;-0.0537095415;5.2450404910;1.4840671699;0.7068018534;0.0062595431;0.0071709067;-0.7073475357;121;1620231170.928648633;121
1620231170.9270079136;-0.0303705422;-1.2726199064;1.8043529474;0.7186810936;-0.0120309180;0.0086585956;0.6951818262;1620231170.9189798832;-0.0537085511;5.2450275002;1.4840672021;0.7068026007;0.0062504123;0.0071583384;-0.7073469970;122;1620231170.954619993;122
1620231170.9439549446;-0.0303962210;-1.2725199097;1.8044394573;0.7187112202;-0.0123095052;0.0085952217;0.6951465890;1620231170.9270238876;-0.0537150437;5.2450216560;1.4840627394;0.7068024153;0.0062443619;0.0071571738;-0.7073472475;122;1620231170.954619993;122
1620231170.9523050785;-0.0303949769;-1.2724731121;1.8045189286;0.7187237843;-0.0123441679;0.0084193467;0.6951351365;1620231170.9439680576;-0.0537091476;5.2450235939;1.4840647795;0.7068017312;0.0062491100;0.0071598978;-0.7073478615;122;1620231170.954619993;122
1620231170.9605679512;-0.0303053205;-1.2724368323;1.8045866274;0.7188634895;-0.0122765096;0.0083371136;0.6949928513;1620231170.9523510933;-0.0537020922;5.2450284679;1.4840656983;0.7068016436;0.0062489196;0.0071579623;-0.7073479703;122;1620231170.954619993;122
1620231170.9774210453;-0.0302882544;-1.2723620629;1.8047453863;0.7188944223;-0.0119577463;0.0082237750;0.6949677628;1620231170.9605839252;-0.0537138862;5.2450409420;1.4840652914;0.7068040282;0.0062668382;0.0071736824;-0.7073452698;123;1620231171.006562689;123
1620231170.9851419926;-0.0302514363;-1.2723197997;1.8048236911;0.7189364166;-0.0117949592;0.0081507841;0.6949279621;1620231170.9774389267;-0.0537125364;5.2450414084;1.4840615837;0.7068052127;0.0062675169;0.0071758285;-0.7073440584;123;1620231171.006562689;123
1620231170.9936890602;-0.0302357949;-1.2722814815;1.8048609505;0.7189647987;-0.0117495014;0.0081306992;0.6948996036;1620231170.9851820469;-0.0537148564;5.2450284193;1.4840684127;0.7068034328;0.0062458645;0.0071573428;-0.7073462158;123;1620231171.006562689;123
1620231171.0021080971;-0.0301146926;-1.2722266952;1.8048843291;0.7191123822;-0.0118745026;0.0080495267;0.6947456967;1620231170.9937050343;-0.0537127324;5.2450273081;1.4840684750;0.7068024863;0.0062496894;0.0071591619;-0.7073471094;124;1620231171.032534025;124
1620231171.0103709698;-0.0301605224;-1.2721666634;1.8048615284;0.7190649305;-0.0120496563;0.0081384539;0.6947907578;1620231171.0021309853;-0.0537193292;5.2450277262;1.4840665009;0.7068030022;0.0062547706;0.0071625139;-0.7073465150;124;1620231171.032534025;124
1620231171.0191380978;-0.0300613369;-1.2720863421;1.8048250453;0.7191835462;-0.0123383212;0.0082772687;0.6946612696;1620231171.0103869438;-0.0537103327;5.2450299811;1.4840659874;0.7067999396;0.0062511555;0.0071614527;-0.7073496180;124;1620231171.032534025;124
1620231171.0276739597;-0.0299997214;-1.2720401835;1.8047737063;0.7192253748;-0.0128184036;0.0083409277;0.6946085068;1620231171.0191760063;-0.0537079244;5.2450327794;1.4840656699;0.7068001036;0.0062538957;0.0071623704;-0.7073494206;124;1620231171.032534025;124
1620231171.0436239243;-0.0300461544;-1.2719119409;1.8046991790;0.7191020918;-0.0136464111;0.0084015651;0.6947196347;1620231171.0277009010;-0.0537122955;5.2450318144;1.4840659959;0.7068011013;0.0062550318;0.0071619007;-0.7073484183;125;1620231171.084476705;125
1620231171.0523180962;-0.0299420662;-1.2718394666;1.8046551352;0.7192438267;-0.0141814596;0.0083543241;0.6945627467;1620231171.0436420441;-0.0537126047;5.2450359841;1.4840655103;0.7068025488;0.0062576797;0.0071660536;-0.7073469065;125;1620231171.084476705;125
1620231171.0603950024;-0.0299834775;-1.2717858033;1.8046151892;0.7191526106;-0.0146282898;0.0083375953;0.6946481270;1620231171.0523478985;-0.0537044516;5.2450375276;1.4840667558;0.7067993342;0.0062561141;0.0071628679;-0.7073501648;125;1620231171.084476705;125
1620231171.0687510967;-0.0299449072;-1.2717292788;1.8046195154;0.7192003352;-0.0149681124;0.0081361467;0.6945938644;1620231171.0604109764;-0.0537150731;5.2450292884;1.4840655681;0.7068021079;0.0062533719;0.0071591429;-0.7073474552;125;1620231171.084476705;125
1620231171.0854909420;-0.0298112411;-1.2716173632;1.8047280703;0.7194012652;-0.0151677691;0.0074366516;0.6943892674;1620231171.0687808990;-0.0537026747;5.2450389231;1.4840620170;0.7068008441;0.0062628064;0.0071676049;-0.7073485488;126;1620231171.110448137;126
1620231171.0936028957;-0.0297864292;-1.2715565210;1.8048230154;0.7194613011;-0.0150460022;0.0070683817;0.6943335596;1620231171.0855190754;-0.0537107862;5.2450302245;1.4840668882;0.7068002980;0.0062517872;0.0071569861;-0.7073492994;126;1620231171.110448137;126
1620231171.1019029617;-0.0296919265;-1.2715206039;1.8048698677;0.7195927056;-0.0150191104;0.0068283470;0.6942003587;1620231171.0936191082;-0.0537110966;5.2450430887;1.4840647612;0.7068018487;0.0062648228;0.0071710384;-0.7073474923;126;1620231171.110448137;126
1620231171.1107630730;-0.0296737387;-1.2714670604;1.8049443211;0.7196087270;-0.0147309865;0.0067520335;0.6941906713;1620231171.1019361019;-0.0537090637;5.2450432551;1.4840650144;0.7068009708;0.0062658572;0.0071711344;-0.7073483594;126;1620231171.110448137;126
1620231171.1270520687;-0.0295685636;-1.2713363546;1.8050341567;0.7196739963;-0.0145556092;0.0064921943;0.6941291844;1620231171.1107890606;-0.0537044289;5.2450438012;1.4840640151;0.7068002690;0.0062628318;0.0071703079;-0.7073490958;127;1620231171.162390777;127
1620231171.1352460384;-0.0295390807;-1.2712672773;1.8050499224;0.7196655670;-0.0146122734;0.0063262534;0.6941382655;1620231171.1270689964;-0.0537062111;5.2450440050;1.4840640375;0.7068016927;0.0062693358;0.0071741774;-0.7073475764;127;1620231171.162390777;127
1620231171.1442101002;-0.0294822939;-1.2711924991;1.8050466122;0.7197023035;-0.0148532458;0.0062108542;0.6940961034;1620231171.1352739334;-0.0537070869;5.2450434724;1.4840652753;0.7067986869;0.0062585471;0.0071689914;-0.7073507280;127;1620231171.162390777;127
1620231171.1525220871;-0.0294193642;-1.2711023626;1.8050375480;0.7197226174;-0.0151909321;0.0060559875;0.6940690993;1620231171.1442260742;-0.0537313367;5.2450461122;1.4840638591;0.7068022223;0.0062673878;0.0071771241;-0.7073470346;128;1620231171.188362121;128
1620231171.1604080200;-0.0294345195;-1.2710359445;1.8049782037;0.7196682769;-0.0155747631;0.0061223467;0.6941163554;1620231171.1525609493;-0.0537071181;5.2450517872;1.4840638541;0.7067982748;0.0062694161;0.0071785273;-0.7073509467;128;1620231171.188362121;128
1620231171.1775279045;-0.0293887496;-1.2708818173;1.8049787589;0.7196263936;-0.0161736958;0.0059293838;0.6941477563;1620231171.1604239941;-0.0537080742;5.2450379415;1.4840609552;0.7068042926;0.0062598726;0.0071675227;-0.7073451298;128;1620231171.188362121;128
1620231171.1937239170;-0.0293734856;-1.2707345823;1.8050339019;0.7195881519;-0.0165584002;0.0057239658;0.6941800539;1620231171.1775441170;-0.0537068877;5.2450505370;1.4840659361;0.7068013401;0.0062660235;0.0071745023;-0.7073479547;129;1620231171.240304889;129
1620231171.2023220062;-0.0293393846;-1.2706479003;1.8051199778;0.7196228990;-0.0165472933;0.0055080421;0.6941460450;1620231171.1937398911;-0.0537078174;5.2450485764;1.4840672242;0.7068018888;0.0062651924;0.0071741842;-0.7073474171;129;1620231171.240304889;129
1620231171.2111670971;-0.0293665629;-1.2705824144;1.8051982076;0.7195734143;-0.0164993891;0.0053415388;0.6941997836;1620231171.2023348808;-0.0537049085;5.2450513324;1.4840669488;0.7068028062;0.0062648749;0.0071715072;-0.7073465303;129;1620231171.240304889;129
1620231171.2271130085;-0.0293508238;-1.2704420403;1.8054527529;0.7196352748;-0.0161889279;0.0047225208;0.6941474538;1620231171.2111799717;-0.0537133289;5.2450459903;1.4840633799;0.7068054354;0.0062663825;0.0071765389;-0.7073438388;129;1620231171.240304889;129
1620231171.2355189323;-0.0293470184;-1.2703963525;1.8055491695;0.7196757024;-0.0160668341;0.0045387344;0.6941096024;1620231171.2271299362;-0.0537061471;5.2450495328;1.4840661716;0.7068031506;0.0062635290;0.0071714642;-0.7073461986;130;1620231171.266276233;130
1620231171.2440040112;-0.0293008333;-1.2703094974;1.8057024238;0.7197742617;-0.0158358262;0.0042249416;0.6940146891;1620231171.2355461121;-0.0537047216;5.2450515394;1.4840625712;0.7068031798;0.0062663525;0.0071735776;-0.7073461229;130;1620231171.266276233;130
1620231171.2520740032;-0.0293405804;-1.2702473804;1.8058232530;0.7197499572;-0.0155870813;0.0041167091;0.6940461762;1620231171.2440199852;-0.0537021995;5.2450356334;1.4840641288;0.7068019364;0.0062500941;0.0071581566;-0.7073476654;130;1620231171.266276233;130
1620231171.2606260777;-0.0293443473;-1.2701734659;1.8059604985;0.7197807981;-0.0153674919;0.0040281239;0.6940196086;1620231171.2520968914;-0.0537045836;5.2450494069;1.4840642715;0.7068036404;0.0062608867;0.0071702415;-0.7073457449;130;1620231171.266276233;130
1620231171.2773270607;-0.0293607417;-1.2700164947;1.8062142440;0.7197370684;-0.0150583123;0.0038980063;0.6940724783;1620231171.2606389523;-0.0537105988;5.2450443775;1.4840652641;0.7068032368;0.0062579077;0.0071648923;-0.7073462288;131;1620231171.292247553;131
1620231171.2939729691;-0.0294258612;-1.2698891963;1.8064257117;0.7195919195;-0.0147748186;0.0040382942;0.6942282523;1620231171.2773439884;-0.0537008758;5.2450473300;1.4840661768;0.7068035159;0.0062637244;0.0071693716;-0.7073458530;131;1620231171.292247553;131
1620231171.3015658855;-0.0294637048;-1.2698329346;1.8065230418;0.7194915963;-0.0145447013;0.0042551746;0.6943357891;1620231171.2939860821;-0.0537059038;5.2450503209;1.4840641388;0.7068045672;0.0062726480;0.0071774731;-0.7073446413;132;1620231171.344190265;132
1620231171.3106079102;-0.0295023125;-1.2697665014;1.8066591897;0.7194278078;-0.0142004618;0.0044559826;0.6944077480;1620231171.3015780449;-0.0537049185;5.2450427800;1.4840642981;0.7068041667;0.0062588677;0.0071623561;-0.7073453168;132;1620231171.344190265;132
1620231171.3268721104;-0.0295333977;-1.2695857810;1.8070109990;0.7193530261;-0.0134114390;0.0046786712;0.6944994364;1620231171.3106200695;-0.0537115513;5.2450380164;1.4840639870;0.7068059804;0.0062567318;0.0071630210;-0.7073435166;132;1620231171.344190265;132
1620231171.3347120285;-0.0295050944;-1.2694923566;1.8072003226;0.7193106600;-0.0131169133;0.0046681940;0.6945490112;1620231171.3268849850;-0.0537091134;5.2450533794;1.4840636394;0.7068057430;0.0062765353;0.0071792838;-0.7073434135;132;1620231171.344190265;132
1620231171.3434250355;-0.0295758664;-1.2694243159;1.8073471190;0.7192536385;-0.0127593950;0.0048849157;0.6946132297;1620231171.3347220421;-0.0537073342;5.2450438187;1.4840648271;0.7068022058;0.0062612568;0.0071673925;-0.7073472040;133;1620231171.370161577;133
1620231171.3516230583;-0.0295890199;-1.2693539120;1.8075160011;0.7192198954;-0.0126833881;0.0048650311;0.6946496996;1620231171.3434369564;-0.0537075831;5.2450334651;1.4840609672;0.7068039990;0.0062504862;0.0071579870;-0.7073456027;133;1620231171.370161577;133
1620231171.3602850437;-0.0296326114;-1.2692963588;1.8076607417;0.7192015969;-0.0126028180;0.0049067121;0.6946698181;1620231171.3516499996;-0.0537084162;5.2450365166;1.4840649682;0.7068040441;0.0062564201;0.0071637425;-0.7073454469;133;1620231171.370161577;133
1620231171.3773250580;-0.0297541691;-1.2691827070;1.8080422242;0.7191801568;-0.0124282070;0.0047168545;0.6946964755;1620231171.3602969646;-0.0537048413;5.2450331655;1.4840627063;0.7068026138;0.0062520156;0.0071593313;-0.7073469597;133;1620231171.370161577;133
1620231171.3849039078;-0.0297673764;-1.2691532788;1.8081771696;0.7191920164;-0.0125381085;0.0046745839;0.6946825085;1620231171.3773379326;-0.0537188039;5.2450399924;1.4840612748;0.7068051548;0.0062658581;0.0071716389;-0.7073441735;134;1620231171.422104385;134
1620231171.3936150074;-0.0298065611;-1.2691173472;1.8083386664;0.7191853178;-0.0124361531;0.0047384657;0.6946908432;1620231171.3849151134;-0.0537112304;5.2450446178;1.4840623955;0.7068021925;0.0062616498;0.0071712245;-0.7073471750;134;1620231171.422104385;134
1620231171.4014189243;-0.0297771178;-1.2690663140;1.8084923815;0.7192419250;-0.0124109449;0.0047009908;0.6946329408;1620231171.3936269283;-0.0537056794;5.2450415924;1.4840622240;0.7068018708;0.0062626972;0.0071690995;-0.7073475087;134;1620231171.422104385;134
1620231171.4109990597;-0.0298282972;-1.2690257212;1.8086577402;0.7192109802;-0.0121906579;0.0048926660;0.6946675576;1620231171.4014289379;-0.0537136481;5.2450514517;1.4840637288;0.7068026570;0.0062705737;0.0071793132;-0.7073465497;134;1620231171.422104385;134
1620231171.4195349216;-0.0298593842;-1.2690138414;1.8087665533;0.7192072814;-0.0120947053;0.0051843611;0.6946709486;1620231171.4110240936;-0.0537074025;5.2450379529;1.4840671710;0.7068013096;0.0062556165;0.0071631135;-0.7073481928;135;1620231171.448075633;135
1620231171.4534170628;-0.0300191263;-1.2688841162;1.8094652574;0.7189724149;-0.0112294055;0.0060288455;0.6949217367;1620231171.4195590019;-0.0537134883;5.2450407129;1.4840658454;0.7068026277;0.0062593661;0.0071688983;-0.7073467839;136;1620231171.500018361;136
1620231171.4609849453;-0.0300819223;-1.2688607029;1.8096077793;0.7189777540;-0.0111192959;0.0063516848;0.6949151075;1620231171.4534449577;-0.0537042097;5.2450428335;1.4840642332;0.7068007134;0.0062647294;0.0071728874;-0.7073486088;136;1620231171.500018361;136
1620231171.4695909023;-0.0300945082;-1.2688371724;1.8097651897;0.7189829148;-0.0110548193;0.0064346400;0.6949100335;1620231171.4610109329;-0.0537120775;5.2450380881;1.4840667082;0.7067998021;0.0062563268;0.0071670622;-0.7073496528;136;1620231171.500018361;136
1620231171.4870910645;-0.0299984965;-1.2687820080;1.8100276242;0.7191532706;-0.0113158768;0.0063928242;0.6947299160;1620231171.4696180820;-0.0537091177;5.2450403812;1.4840635789;0.7068016589;0.0062601347;0.0071670243;-0.7073477642;136;1620231171.500018361;136
1620231171.4950690269;-0.0300247631;-1.2687600006;1.8101640256;0.7191487696;-0.0113797920;0.0064977089;0.6947325581;1620231171.4871170521;-0.0537081785;5.2450367585;1.4840641049;0.7068028774;0.0062612279;0.0071680127;-0.7073465269;137;1620231171.525989825;137
1620231171.5016489029;-0.0300898143;-1.2687342307;1.8103266717;0.7190788300;-0.0114173590;0.0065053884;0.6948042603;1620231171.4951059818;-0.0537141667;5.2450366019;1.4840632543;0.7068023253;0.0062618044;0.0071699453;-0.7073470539;137;1620231171.525989825;137
1620231171.5103170872;-0.0301331343;-1.2687127643;1.8104690991;0.7190309851;-0.0114473112;0.0064958995;0.6948533693;1620231171.5016651154;-0.0537085426;5.2450355416;1.4840677826;0.7067992257;0.0062505876;0.0071625779;-0.7073503250;137;1620231171.525989825;137
1620231171.5271470547;-0.0301559206;-1.2686911898;1.8107258969;0.7189536114;-0.0114962799;0.0065082424;0.6949325025;1620231171.5103321075;-0.0537113099;5.2450358162;1.4840634841;0.7068025872;0.0062615452;0.0071694520;-0.7073467995;137;1620231171.525989825;137
1620231171.5351390839;-0.0301519733;-1.2686983558;1.8108531176;0.7189629330;-0.0114278231;0.0066347969;0.6949227909;1620231171.5271630287;-0.0537108132;5.2450415953;1.4840633116;0.7068023455;0.0062599845;0.0071706452;-0.7073470427;138;1620231171.551961129;138
1620231171.5437910557;-0.0301418548;-1.2686840191;1.8110035843;0.7189636663;-0.0112517410;0.0067820474;0.6949234840;1620231171.5351560116;-0.0537124285;5.2450403499;1.4840638117;0.7068016982;0.0062607108;0.0071701193;-0.7073476885;138;1620231171.551961129;138
1620231171.5517220497;-0.0300878968;-1.2686666913;1.8111678447;0.7190520915;-0.0111642535;0.0068855129;0.6948323818;1620231171.5438070297;-0.0537068743;5.2450405266;1.4840634435;0.7068026138;0.0062628449;0.0071681820;-0.7073467743;138;1620231171.551961129;138
1620231171.5606250763;-0.0300945297;-1.2686519435;1.8112839542;0.7190115709;-0.0109949586;0.0071778228;0.6948740538;1620231171.5517380238;-0.0537091481;5.2450325688;1.4840693126;0.7068005768;0.0062472910;0.0071556350;-0.7073490743;139;1620231171.603903801;139
1620231171.5769300461;-0.0301636269;-1.2686515891;1.8114582696;0.7189665132;-0.0111411903;0.0078193542;0.6949114221;1620231171.5606420040;-0.0537081301;5.2450391064;1.4840678330;0.7068007094;0.0062546472;0.0071653705;-0.7073487782;139;1620231171.603903801;139
1620231171.5850830078;-0.0301670907;-1.2686738336;1.8114630872;0.7189571541;-0.0114978279;0.0081560358;0.6949114257;1620231171.5769450665;-0.0537153587;5.2450469507;1.4840644340;0.7068024958;0.0062694601;0.0071787349;-0.7073467266;139;1620231171.603903801;139
1620231171.5937500000;-0.0301510491;-1.2686766102;1.8115039655;0.7189340522;-0.0120029114;0.0082561248;0.6949256040;1620231171.5850989819;-0.0537081567;5.2450443685;1.4840641131;0.7068021654;0.0062651439;0.0071736900;-0.7073471462;139;1620231171.603903801;139
1620231171.6018779278;-0.0301541940;-1.2686565847;1.8116374995;0.7189364516;-0.0121976117;0.0081682902;0.6949207695;1620231171.5937659740;-0.0537076535;5.2450452379;1.4840668916;0.7068012864;0.0062661263;0.0071742967;-0.7073480096;140;1620231171.629875145;140
1620231171.6101620197;-0.0301402147;-1.2686277137;1.8117939012;0.7189470817;-0.0123215542;0.0079642357;0.6949099538;1620231171.6018939018;-0.0537077850;5.2450473455;1.4840681779;0.7067991842;0.0062614458;0.0071701210;-0.7073501940;140;1620231171.629875145;140
1620231171.6277079582;-0.0300014138;-1.2686222293;1.8120063348;0.7191120008;-0.0125992220;0.0076888116;0.6947374123;1620231171.6101739407;-0.0537056582;5.2450369161;1.4840667052;0.7068008892;0.0062527589;0.0071633353;-0.7073486359;140;1620231171.629875145;140
1620231171.6361451149;-0.0299359202;-1.2686407081;1.8120846875;0.7191722228;-0.0126688384;0.0077128657;0.6946735393;1620231171.6277201176;-0.0537114068;5.2450408931;1.4840681318;0.7068009076;0.0062549431;0.0071677359;-0.7073485536;140;1620231171.629875145;140
1620231171.6454360485;-0.0299233569;-1.2686340485;1.8121814332;0.7191686103;-0.0125596771;0.0077874118;0.6946784297;1620231171.6361720562;-0.0537094718;5.2450441914;1.4840637321;0.7068017249;0.0062640436;0.0071732455;-0.7073476005;141;1620231171.681817897;141
1620231171.6536600590;-0.0298905193;-1.2686508501;1.8122609093;0.7191648142;-0.0124414123;0.0078982347;0.6946832366;1620231171.6454529762;-0.0537127369;5.2450466170;1.4840663465;0.7068020821;0.0062617034;0.0071702537;-0.7073472947;141;1620231171.681817897;141
1620231171.6614069939;-0.0298802400;-1.2686746228;1.8123022417;0.7191532468;-0.0124461117;0.0079905567;0.6946940714;1620231171.6536729336;-0.0537044217;5.2450398217;1.4840648036;0.7068008311;0.0062573754;0.0071659839;-0.7073486262;141;1620231171.681817897;141
1620231171.6693580151;-0.0298741980;-1.2687556229;1.8122261512;0.7190681221;-0.0127304154;0.0083213454;0.6947731482;1620231171.6614220142;-0.0537068335;5.2450466834;1.4840622360;0.7068003274;0.0062644403;0.0071722044;-0.7073490040;141;1620231171.681817897;141
1620231171.6862990856;-0.0297953551;-1.2687466124;1.8122265386;0.7190958331;-0.0131075662;0.0084964315;0.6947353346;1620231171.6693880558;-0.0537141019;5.2450469630;1.4840634220;0.7068028795;0.0062667108;0.0071732227;-0.7073464235;142;1620231171.707789225;142
1620231171.6942739487;-0.0297209369;-1.2687053416;1.8122468884;0.7192787028;-0.0132468113;0.0084321895;0.6945441439;1620231171.6863400936;-0.0537105430;5.2450379365;1.4840677331;0.7068016026;0.0062539928;0.0071616860;-0.7073479288;142;1620231171.707789225;142
1620231171.7031750679;-0.0296683150;-1.2686722655;1.8122369670;0.7191675066;-0.0137249115;0.0084693293;0.6946495482;1620231171.6942920685;-0.0537088153;5.2450458434;1.4840677444;0.7068023185;0.0062638569;0.0071708710;-0.7073470331;142;1620231171.707789225;142
1620231171.7103919983;-0.0296290682;-1.2686489912;1.8122139140;0.7191724370;-0.0142350434;0.0084001854;0.6946350165;1620231171.7031989098;-0.0537111257;5.2450549772;1.4840674630;0.7068024624;0.0062694339;0.0071798289;-0.7073467490;143;1620231171.759731897;143
1620231171.7272570133;-0.0295780848;-1.2686015470;1.8121179043;0.7191321647;-0.0155390148;0.0081908696;0.6946512638;1620231171.7104039192;-0.0537109175;5.2450497575;1.4840700139;0.7067995766;0.0062591167;0.0071694457;-0.7073498293;143;1620231171.759731897;143
1620231171.7360169888;-0.0295326138;-1.2685768605;1.8121051837;0.7191512630;-0.0161516817;0.0079299762;0.6946205436;1620231171.7272710800;-0.0537077647;5.2450440522;1.4840636689;0.7068034883;0.0062594301;0.0071670307;-0.7073459423;143;1620231171.759731897;143
1620231171.7437889576;-0.0294799481;-1.2685691062;1.8120690108;0.7192188673;-0.0167004102;0.0077420313;0.6945396880;1620231171.7360680103;-0.0537131554;5.2450445722;1.4840617613;0.7068041101;0.0062608949;0.0071695388;-0.7073452826;143;1620231171.759731897;143
1620231171.7524499893;-0.0294439121;-1.2685771094;1.8120721853;0.7192725976;-0.0170318974;0.0074801548;0.6944788637;1620231171.7438170910;-0.0537096782;5.2450481167;1.4840638438;0.7068026340;0.0062671078;0.0071742260;-0.7073466551;144;1620231171.785703297;144
1620231171.7603659630;-0.0294081393;-1.2685823827;1.8120897587;0.7193899247;-0.0172325892;0.0072379128;0.6943549429;1620231171.7524731159;-0.0537123275;5.2450526008;1.4840604701;0.7068028968;0.0062725340;0.0071805801;-0.7073462798;144;1620231171.785703297;144
1620231171.7767798901;-0.0292405678;-1.2685634221;1.8122311419;0.7196278891;-0.0172012940;0.0065337801;0.6941160756;1620231171.7603940964;-0.0537053310;5.2450420132;1.4840653807;0.7068015703;0.0062560679;0.0071632680;-0.7073479267;144;1620231171.785703297;144
1620231171.7849950790;-0.0291812442;-1.2685538155;1.8123257062;0.7197341616;-0.0170089983;0.0062770610;0.6940129891;1620231171.7767970562;-0.0537022126;5.2450346253;1.4840671895;0.7068011437;0.0062490570;0.0071564645;-0.7073484838;144;1620231171.785703297;144
1620231171.7933158875;-0.0291301146;-1.2685492609;1.8123835185;0.7198434175;-0.0168460267;0.0060527805;0.6939056344;1620231171.7850089073;-0.0537039064;5.2450417579;1.4840653600;0.7068020712;0.0062596171;0.0071659010;-0.7073473682;145;1620231171.811674697;145
1620231171.8016879559;-0.0290506972;-1.2685380031;1.8124445541;0.7199896659;-0.0167815351;0.0057432332;0.6937580820;1620231171.7933309078;-0.0537139232;5.2450434768;1.4840671643;0.7068020675;0.0062583202;0.0071712184;-0.7073473294;145;1620231171.811674697;145
1620231171.8099989891;-0.0290139277;-1.2685099993;1.8125191893;0.7200569008;-0.0166917648;0.0054285244;0.6936929981;1620231171.8017020226;-0.0537051634;5.2450459802;1.4840620955;0.7068015690;0.0062643076;0.0071712894;-0.7073477738;145;1620231171.811674697;145
1620231171.8269009590;-0.0289422259;-1.2684338841;1.8126168299;0.7202198286;-0.0166394865;0.0049451472;0.6935287100;1620231171.8100149632;-0.0537054579;5.2450425792;1.4840633737;0.7068011623;0.0062584637;0.0071688922;-0.7073482563;146;1620231171.863617313;146
1620231171.8351368904;-0.0289239619;-1.2683964280;1.8126094104;0.7202103249;-0.0167205554;0.0048654325;0.6935371933;1620231171.8269169331;-0.0537042602;5.2450393103;1.4840630818;0.7068024745;0.0062613296;0.0071637971;-0.7073469713;146;1620231171.863617313;146
1620231171.8440070152;-0.0288987953;-1.2683581696;1.8126111641;0.7202058715;-0.0168162121;0.0048423016;0.6935396671;1620231171.8351490498;-0.0537098839;5.2450399732;1.4840634649;0.7068041797;0.0062592760;0.0071657496;-0.7073452659;146;1620231171.863617313;146
1620231171.8516390324;-0.0289247647;-1.2683245448;1.8126019121;0.7201421079;-0.0169062232;0.0048398274;0.6936037054;1620231171.8440229893;-0.0537138806;5.2450341816;1.4840657426;0.7068030349;0.0062501822;0.0071616003;-0.7073465322;146;1620231171.863617313;146
1620231171.8606359959;-0.0289190163;-1.2682627220;1.8126476729;0.7200886241;-0.0169182141;0.0047157335;0.6936597936;1620231171.8516540527;-0.0537091106;5.2450391300;1.4840634376;0.7068030853;0.0062572567;0.0071688484;-0.7073463459;147;1620231171.889588745;147
1620231171.8769330978;-0.0289336973;-1.2681128727;1.8127670358;0.7199155420;-0.0167050628;0.0044397680;0.6938464107;1620231171.8606529236;-0.0537063352;5.2450395297;1.4840654153;0.7068013326;0.0062581317;0.0071647518;-0.7073481310;147;1620231171.889588745;147
1620231171.8849360943;-0.0290092268;-1.2680890778;1.8127719733;0.7197411604;-0.0165638656;0.0045170827;0.6940301840;1620231171.8769481182;-0.0537113806;5.2450287235;1.4840620266;0.7068028532;0.0062486114;0.0071573123;-0.7073467710;147;1620231171.889588745;147
1620231171.8937270641;-0.0289673998;-1.2680660412;1.8127968861;0.7197608435;-0.0164017538;0.0045762990;0.6940132334;1620231171.8849599361;-0.0537067476;5.2450405866;1.4840612892;0.7068037514;0.0062614908;0.0071651619;-0.7073456801;147;1620231171.889588745;147
1620231171.9017570019;-0.0289855632;-1.2680319661;1.8128565632;0.7197130714;-0.0161259814;0.0045001561;0.6940697344;1620231171.8937430382;-0.0537093841;5.2450362466;1.4840636539;0.7068010092;0.0062569981;0.0071645057;-0.7073484666;148;1620231171.941531401;148
1620231171.9105811119;-0.0290244741;-1.2679945611;1.8129450031;0.7196341684;-0.0157372248;0.0045114695;0.6941603922;1620231171.9017720222;-0.0537141771;5.2450375151;1.4840609380;0.7068033459;0.0062540221;0.0071644186;-0.7073461590;148;1620231171.941531401;148
1620231171.9268550873;-0.0291165767;-1.2679364667;1.8131214405;0.7194861628;-0.0150694570;0.0046744193;0.6943275328;1620231171.9105920792;-0.0537121239;5.2450310851;1.4840654217;0.7068030457;0.0062525085;0.0071606482;-0.7073465105;148;1620231171.941531401;148
1620231171.9438199997;-0.0291450362;-1.2678641596;1.8132738013;0.7194603353;-0.0147511533;0.0046259859;0.6943614546;1620231171.9268701077;-0.0537043405;5.2450343119;1.4840629407;0.7068025787;0.0062547222;0.0071619493;-0.7073469444;149;1620231171.967502793;149
1620231171.9518089294;-0.0291846306;-1.2678255254;1.8133669436;0.7194206398;-0.0145917871;0.0046266759;0.6944059451;1620231171.9438350201;-0.0536993534;5.2450336416;1.4840637592;0.7067989849;0.0062511274;0.0071580074;-0.7073506071;149;1620231171.967502793;149
1620231171.9605169296;-0.0291934780;-1.2677869239;1.8134704327;0.7194010334;-0.0144606953;0.0045125001;0.6944297508;1620231171.9518289566;-0.0537104908;5.2450338929;1.4840582369;0.7068032617;0.0062576963;0.0071653292;-0.7073462014;149;1620231171.967502793;149
1620231171.9771111012;-0.0292168605;-1.2677196962;1.8137007631;0.7194396697;-0.0137063978;0.0047480378;0.6944034508;1620231171.9605519772;-0.0537051142;5.2450360632;1.4840606689;0.7067993254;0.0062557320;0.0071623836;-0.7073501818;150;1620231172.019445497;150
1620231171.9852991104;-0.0292165626;-1.2676888797;1.8138173086;0.7193985086;-0.0133581690;0.0049166779;0.6944517056;1620231171.9771471024;-0.0537115880;5.2450273315;1.4840639778;0.7068043700;0.0062474799;0.0071573251;-0.7073452652;150;1620231172.019445497;150
1620231171.9934470654;-0.0292325275;-1.2676583315;1.8139243333;0.7193942315;-0.0128450885;0.0052172390;0.6944636230;1620231171.9853150845;-0.0537039068;5.2450291130;1.4840635172;0.7068015718;0.0062526798;0.0071587036;-0.7073480014;150;1620231172.019445497;150
1620231172.0017840862;-0.0292002100;-1.2676531127;1.8140024348;0.7193884161;-0.0125474884;0.0054624847;0.6944732022;1620231171.9934620857;-0.0537116229;5.2450289013;1.4840631105;0.7068047529;0.0062557435;0.0071637978;-0.7073447441;150;1620231172.019445497;150
1620231172.0102100372;-0.0293392818;-1.2676237553;1.8140951034;0.7191436086;-0.0119710823;0.0058813554;0.6947334546;1620231172.0018138885;-0.0537095173;5.2450437433;1.4840633141;0.7068035774;0.0062676669;0.0071754651;-0.7073456948;151;1620231172.045416857;151
1620231172.0270409584;-0.0293507376;-1.2675812517;1.8142317016;0.7191316771;-0.0111928163;0.0066903003;0.6947514604;1620231172.0102241039;-0.0537268867;5.2450339012;1.4840695290;0.7068006682;0.0062508743;0.0071622578;-0.7073488842;151;1620231172.045416857;151
1620231172.0433170795;-0.0294388509;-1.2675328552;1.8142822740;0.7190357783;-0.0106896095;0.0076832808;0.6948483641;1620231172.0270550251;-0.0537105293;5.2450332048;1.4840635987;0.7068014507;0.0062550515;0.0071618761;-0.7073480693;152;1620231172.071388249;152
1620231172.0515930653;-0.0294685226;-1.2675012700;1.8142856794;0.7189852861;-0.0106691714;0.0080621187;0.6948966321;1620231172.0433290005;-0.0537116983;5.2450355073;1.4840607768;0.7068036975;0.0062606633;0.0071687606;-0.7073457048;152;1620231172.071388249;152
1620231172.0601899624;-0.0294964689;-1.2674628491;1.8142688592;0.7189171316;-0.0107871284;0.0083734289;0.6949616403;1620231172.0516068935;-0.0537323841;5.2450397534;1.4840715206;0.7067986411;0.0062545715;0.0071680503;-0.7073508184;152;1620231172.071388249;152
1620231172.0765399933;-0.0294764327;-1.2673555149;1.8142417527;0.7189511914;-0.0114457159;0.0086163341;0.6949129002;1620231172.0602049828;-0.0537052574;5.2450303944;1.4840647760;0.7068012511;0.0062501650;0.0071595996;-0.7073483349;152;1620231172.071388249;152
1620231172.0844140053;-0.0294579697;-1.2673226481;1.8142165844;0.7189938399;-0.0118504020;0.0087143751;0.6948607672;1620231172.0765509605;-0.0537044109;5.2450268302;1.4840628716;0.7068021150;0.0062543066;0.0071604274;-0.7073474268;153;1620231172.123330921;153
1620231172.0931029320;-0.0295388183;-1.2672926679;1.8142359202;0.7189594068;-0.0120741148;0.0087943222;0.6948915362;1620231172.0844290257;-0.0537071736;5.2450391748;1.4840625991;0.7068024655;0.0062652202;0.0071709884;-0.7073468729;153;1620231172.123330921;153
1620231172.1012420654;-0.0295426553;-1.2672604703;1.8142635384;0.7190224714;-0.0122865566;0.0086812513;0.6948239792;1620231172.0931179523;-0.0537018323;5.2450357261;1.4840640642;0.7067997293;0.0062562530;0.0071631792;-0.7073497656;153;1620231172.123330921;153
1620231172.1177520752;-0.0294719936;-1.2672182260;1.8143546001;0.7193052133;-0.0124286544;0.0083127078;0.6945332516;1620231172.1012549400;-0.0537088354;5.2450364520;1.4840640762;0.7068007772;0.0062595793;0.0071690095;-0.7073486300;153;1620231172.123330921;153
1620231172.1265521049;-0.0294339399;-1.2671998911;1.8144262378;0.7194382874;-0.0123440812;0.0081439096;0.6943989135;1620231172.1177659035;-0.0537125789;5.2450411118;1.4840655301;0.7068017520;0.0062681374;0.0071762797;-0.7073475064;154;1620231172.149302217;154
1620231172.1355679035;-0.0294044640;-1.2671920368;1.8144787391;0.7195041439;-0.0123129073;0.0079529425;0.6943334429;1620231172.1265668869;-0.0537034279;5.2450415364;1.4840648598;0.7068010335;0.0062661413;0.0071736196;-0.7073482691;154;1620231172.149302217;154
1620231172.1445469856;-0.0292955338;-1.2671692035;1.8145133495;0.7196694262;-0.0123261842;0.0077223225;0.6941644963;1620231172.1355779171;-0.0537134842;5.2450415546;1.4840634253;0.7068024271;0.0062686294;0.0071765347;-0.7073468249;154;1620231172.149302217;154
1620231172.1518719196;-0.0293270348;-1.2671556827;1.8145780461;0.7197331174;-0.0121729183;0.0076505167;0.6941019589;1620231172.1445620060;-0.0537060961;5.2450393226;1.4840639102;0.7068003975;0.0062641562;0.0071703697;-0.7073489551;155;1620231172.175273657;155
1620231172.1611831188;-0.0293039705;-1.2671252034;1.8146518884;0.7198274128;-0.0121016238;0.0074189078;0.6940079296;1620231172.1518859863;-0.0537089680;5.2450397395;1.4840634266;0.7067994549;0.0062634490;0.0071741627;-0.7073498648;155;1620231172.175273657;155
1620231172.1779899597;-0.0291536487;-1.2670463262;1.8146745330;0.7200766736;-0.0125866474;0.0068065673;0.6937469504;1620231172.1612119675;-0.0537059429;5.2450420621;1.4840643384;0.7067998811;0.0062630737;0.0071723333;-0.7073494607;155;1620231172.175273657;155
1620231172.1860060692;-0.0292210272;-1.2670347678;1.8146194913;0.7200535117;-0.0127830571;0.0069525720;0.6937659515;1620231172.1780049801;-0.0537134995;5.2450410662;1.4840626416;0.7068017028;0.0062623910;0.0071716539;-0.7073476534;155;1620231172.175273657;155
1620231172.1945340633;-0.0291358757;-1.2670034678;1.8145474444;0.7200963811;-0.0132560434;0.0067832904;0.6937142540;1620231172.1860220432;-0.0537026379;5.2450393780;1.4840629740;0.7068006514;0.0062639935;0.0071700119;-0.7073487064;156;1620231172.227216353;156
1620231172.2021501064;-0.0291350743;-1.2669729920;1.8144652776;0.7200578929;-0.0135954993;0.0067950996;0.6937475188;1620231172.1945478916;-0.0537086473;5.2450397072;1.4840672408;0.7067987937;0.0062570514;0.0071656118;-0.7073506687;156;1620231172.227216353;156
1620231172.2103049755;-0.0291595657;-1.2669642637;1.8143465738;0.7199965291;-0.0140237472;0.0069146678;0.6938014990;1620231172.2021639347;-0.0537068728;5.2450420608;1.4840674551;0.7068009704;0.0062631791;0.0071733397;-0.7073483612;156;1620231172.227216353;156
1620231172.2267038822;-0.0291883255;-1.2669170719;1.8142235125;0.7198323140;-0.0144685658;0.0069686375;0.6939622025;1620231172.2103159428;-0.0537392046;5.2450456611;1.4840716147;0.7068015097;0.0062586974;0.0071722766;-0.7073478727;157;1620231172.253187737;157
1620231172.2356100082;-0.0291728691;-1.2668806161;1.8142025539;0.7198072609;-0.0145672727;0.0068923253;0.6939868857;1620231172.2267179489;-0.0537054764;5.2450443486;1.4840668946;0.7067997490;0.0062616263;0.0071677499;-0.7073496520;157;1620231172.253187737;157
1620231172.2433760166;-0.0291796123;-1.2668462504;1.8142111026;0.7197401398;-0.0145511827;0.0068091760;0.6940576557;1620231172.2356328964;-0.0537152652;5.2450478245;1.4840658704;0.7068010037;0.0062645353;0.0071737510;-0.7073483117;157;1620231172.253187737;157
1620231172.2514190674;-0.0292107382;-1.2668177985;1.8142185973;0.7196795877;-0.0144659646;0.0067474847;0.6941228266;1620231172.2433910370;-0.0537092594;5.2450448221;1.4840650481;0.7068011820;0.0062605714;0.0071700189;-0.7073482065;157;1620231172.253187737;157
1620231172.2601060867;-0.0291527182;-1.2667821467;1.8142360815;0.7197192699;-0.0145189322;0.0065520900;0.6940824470;1620231172.2514340878;-0.0537094646;5.2450492463;1.4840677518;0.7067998344;0.0062631671;0.0071733907;-0.7073494959;158;1620231172.305130329;158
1620231172.2769799232;-0.0291856669;-1.2667239192;1.8143106786;0.7195837438;-0.0143933790;0.0062780732;0.6942280981;1620231172.2601220608;-0.0537119914;5.2450441549;1.4840647866;0.7068028260;0.0062626311;0.0071699946;-0.7073465458;158;1620231172.305130329;158
1620231172.2850160599;-0.0291629749;-1.2666928473;1.8143350053;0.7195830016;-0.0144002223;0.0061698349;0.6942296958;1620231172.2770040035;-0.0537083278;5.2450493216;1.4840675162;0.7068006358;0.0062586003;0.0071695232;-0.7073487747;158;1620231172.305130329;158
1620231172.2939848900;-0.0291887459;-1.2666558788;1.8143542370;0.7195155439;-0.0143298020;0.0061825239;0.6943009544;1620231172.2850298882;-0.0537114393;5.2450508697;1.4840651437;0.7068028462;0.0062646182;0.0071756138;-0.7073464510;159;1620231172.331101705;159
1620231172.3020401001;-0.0291509491;-1.2666208725;1.8144104004;0.7194955470;-0.0143524770;0.0060267808;0.6943225779;1620231172.2940080166;-0.0537091255;5.2450555557;1.4840664741;0.7068021089;0.0062681136;0.0071778010;-0.7073471346;159;1620231172.331101705;159
1620231172.3102209568;-0.0291804277;-1.2665903632;1.8144542512;0.7194059473;-0.0142344852;0.0060142831;0.6944179511;1620231172.3020548820;-0.0537092806;5.2450507126;1.4840662261;0.7068009914;0.0062647053;0.0071750673;-0.7073483092;159;1620231172.331101705;159
1620231172.3274850845;-0.0291114776;-1.2665489272;1.8145569078;0.7194022894;-0.0138019702;0.0059863118;0.6944307133;1620231172.3102378845;-0.0537127193;5.2450620580;1.4840657258;0.7068028322;0.0062759122;0.0071854473;-0.7073462651;159;1620231172.331101705;159
1620231172.3352799416;-0.0291379747;-1.2665251789;1.8146336603;0.7192873504;-0.0134033188;0.0060440063;0.6945570737;1620231172.3274989128;-0.0537038300;5.2450477630;1.4840674009;0.7068007455;0.0062627673;0.0071692991;-0.7073486305;160;1620231172.357073121;160
1620231172.3447639942;-0.0291377926;-1.2664993955;1.8146842830;0.7192907218;-0.0129570993;0.0062982479;0.6945597909;1620231172.3353059292;-0.0537129012;5.2450472186;1.4840684027;0.7068024987;0.0062597969;0.0071710911;-0.7073468867;160;1620231172.357073121;160
1620231172.3526070118;-0.0291111060;-1.2664671842;1.8147268757;0.7192561145;-0.0125391451;0.0065969588;0.6946005267;1620231172.3447780609;-0.0537084023;5.2450538162;1.4840648348;0.7068036146;0.0062733806;0.0071783308;-0.7073455780;160;1620231172.357073121;160
1620231172.3605539799;-0.0290727474;-1.2664446906;1.8147522191;0.7192258824;-0.0122675152;0.0068489895;0.6946342416;1620231172.3526198864;-0.0537081856;5.2450519192;1.4840664446;0.7068017066;0.0062684663;0.0071758102;-0.7073475536;160;1620231172.357073121;160
1620231172.3774359226;-0.0290674545;-1.2663594259;1.8147671303;0.7191469565;-0.0120405232;0.0072297834;0.6947160650;1620231172.3605649471;-0.0537315855;5.2450511684;1.4840699465;0.7068019094;0.0062645792;0.0071738622;-0.7073474051;161;1620231172.409015801;161
1620231172.3852519989;-0.0290560729;-1.2663071010;1.8147233889;0.7191611439;-0.0121947230;0.0074345250;0.6946965278;1620231172.3774509430;-0.0537096625;5.2450413435;1.4840671649;0.7068020141;0.0062562872;0.0071667636;-0.7073474459;161;1620231172.409015801;161
1620231172.3946750164;-0.0290532349;-1.2662631609;1.8146684641;0.7191333176;-0.0125190901;0.0075700679;0.6947180996;1620231172.3852651119;-0.0537114496;5.2450455664;1.4840685917;0.7068007432;0.0062616246;0.0071723707;-0.7073486118;161;1620231172.409015801;161
1620231172.4102849960;-0.0290613650;-1.2661670626;1.8145562933;0.7191185767;-0.0132821657;0.0077549391;0.6947171494;1620231172.3946990967;-0.0537034878;5.2450465076;1.4840679261;0.7068016259;0.0062654342;0.0071722887;-0.7073476969;162;1620231172.434987393;162
1620231172.4270679951;-0.0290559012;-1.2660768596;1.8144761812;0.7191724609;-0.0140634310;0.0075817525;0.6946479025;1620231172.4103090763;-0.0537085902;5.2450421842;1.4840646290;0.7068020839;0.0062647184;0.0071724622;-0.7073472437;162;1620231172.434987393;162
1620231172.4353559017;-0.0289851551;-1.2660394287;1.8144514994;0.7193783892;-0.0143319474;0.0074917698;0.6944301273;1620231172.4270839691;-0.0537046746;5.2450466986;1.4840655726;0.7068008705;0.0062676696;0.0071724498;-0.7073484302;162;1620231172.434987393;162
1620231172.4439120293;-0.0290110609;-1.2659976967;1.8144419020;0.7193116371;-0.0145663835;0.0072798896;0.6944966468;1620231172.4353830814;-0.0537159101;5.2450418763;1.4840632701;0.7068011368;0.0062601852;0.0071719069;-0.7073482359;163;1620231172.460958489;163
1620231172.4518051147;-0.0289793685;-1.2659621358;1.8144437568;0.7194357746;-0.0146915388;0.0070064544;0.6943682269;1620231172.4439361095;-0.0537071730;5.2450400731;1.4840663760;0.7068017339;0.0062613513;0.0071685211;-0.7073476633;163;1620231172.460958489;163
1620231172.4602179527;-0.0289753715;-1.2659288280;1.8144716094;0.7195096517;-0.0147040208;0.0066802362;0.6942946258;1620231172.4518189430;-0.0537358219;5.2450390115;1.4840666025;0.7068019803;0.0062590298;0.0071713042;-0.7073474094;163;1620231172.460958489;163
1620231172.4771580696;-0.0289351833;-1.2658905840;1.8144989014;0.7197711586;-0.0145935717;0.0061163292;0.6940310493;1620231172.4602329731;-0.0537023337;5.2450311782;1.4840645794;0.7068034346;0.0062541143;0.0071584320;-0.7073461301;164;1620231172.512901169;164
1620231172.4852979183;-0.0288974045;-1.2658442742;1.8145065650;0.7198362326;-0.0145768294;0.0057805782;0.6939667853;1620231172.4771740437;-0.0537041291;5.2450409204;1.4840650988;0.7067999154;0.0062564827;0.0071669008;-0.7073495398;164;1620231172.512901169;164
1620231172.4939150810;-0.0288524049;-1.2658078229;1.8144916599;0.7199526034;-0.0145792222;0.0056617409;0.6938469859;1620231172.4853129387;-0.0537054209;5.2450444639;1.4840620195;0.7068021062;0.0062675765;0.0071719157;-0.7073472017;164;1620231172.512901169;164
1620231172.5015420914;-0.0288112649;-1.2657547797;1.8144672657;0.7200171689;-0.0146115476;0.0054672224;0.6937808650;1620231172.4939270020;-0.0537078757;5.2450393063;1.4840620242;0.7068029375;0.0062609152;0.0071695377;-0.7073464542;164;1620231172.512901169;164
1620231172.5100300312;-0.0288811775;-1.2657078391;1.8144329372;0.7199943228;-0.0144571707;0.0056395230;0.6938064292;1620231172.5015549660;-0.0537056619;5.2450336856;1.4840627897;0.7068013545;0.0062548077;0.0071623042;-0.7073481633;165;1620231172.538872577;165
1620231172.5185730457;-0.0288538494;-1.2656600608;1.8143908671;0.7200108003;-0.0146687776;0.0055448827;0.6937856504;1620231172.5100450516;-0.0537130250;5.2450305262;1.4840653881;0.7068032617;0.0062488717;0.0071605571;-0.7073463277;165;1620231172.538872577;165
1620231172.5350339413;-0.0288490571;-1.2655520816;1.8142774596;0.7200118709;-0.0149365913;0.0055777942;0.6937785614;1620231172.5186018944;-0.0537086221;5.2450370453;1.4840653215;0.7068003334;0.0062551178;0.0071643812;-0.7073491598;165;1620231172.538872577;165
1620231172.5435171127;-0.0289072166;-1.2654909437;1.8142404228;0.7199020659;-0.0148344944;0.0056420762;0.6938941707;1620231172.5350480080;-0.0537157141;5.2450351919;1.4840659417;0.7068000310;0.0062538886;0.0071670030;-0.7073494462;166;1620231172.590815321;166
1620231172.5518460274;-0.0288905517;-1.2654441090;1.8142346934;0.7198849595;-0.0148412091;0.0056119966;0.6939120183;1620231172.5435450077;-0.0537126842;5.2450335501;1.4840641150;0.7068019846;0.0062551741;0.0071643885;-0.7073475093;166;1620231172.590815321;166
1620231172.5602149963;-0.0290192046;-1.2654112385;1.8142108137;0.7197900175;-0.0144794665;0.0059467608;0.6940153541;1620231172.5518589020;-0.0537378109;5.2450381235;1.4840725110;0.7067992539;0.0062538525;0.0071670544;-0.7073502226;166;1620231172.590815321;166
1620231172.5767719746;-0.0290554863;-1.2653371807;1.8142175838;0.7196972805;-0.0141838367;0.0059586007;0.6941175248;1620231172.5602290630;-0.0537130595;5.2450430032;1.4840632979;0.7068035019;0.0062666277;0.0071742376;-0.7073457919;166;1620231172.590815321;166
1620231172.5848379135;-0.0289291134;-1.2652792706;1.8142066852;0.7198378649;-0.0141780792;0.0057789761;0.6939733667;1620231172.5768051147;-0.0537161783;5.2450408930;1.4840605056;0.7068004209;0.0062609392;0.0071711472;-0.7073489523;167;1620231172.616786593;167
1620231172.5938088894;-0.0290927928;-1.2652347469;1.8142485329;0.7196243875;-0.0138658474;0.0059011765;0.6942000110;1620231172.5848519802;-0.0537170616;5.2450348269;1.4840622584;0.7068000991;0.0062539329;0.0071636022;-0.7073494122;167;1620231172.616786593;167
1620231172.6015169621;-0.0291316244;-1.2651948314;1.8142618617;0.7195905286;-0.0138059922;0.0057971904;0.6942371772;1620231172.5938239098;-0.0537075128;5.2450385773;1.4840663260;0.7067990292;0.0062598436;0.0071671796;-0.7073503928;167;1620231172.616786593;167
1620231172.6105160713;-0.0291990421;-1.2651445820;1.8142902610;0.7195219015;-0.0136723928;0.0057758323;0.6943111253;1620231172.6015310287;-0.0537136075;5.2450364569;1.4840644190;0.7068004423;0.0062567068;0.0071663495;-0.7073490170;167;1620231172.616786593;167
1620231172.6185569763;-0.0292264645;-1.2651058528;1.8143086067;0.7194685269;-0.0136357127;0.0056328517;0.6943683296;1620231172.6105320454;-0.0537140639;5.2450397185;1.4840660500;0.7068003093;0.0062619099;0.0071714432;-0.7073490522;168;1620231172.642757929;168
1620231172.6269619465;-0.0292438292;-1.2650583580;1.8143664425;0.7194500748;-0.0135023913;0.0054134175;0.6943917988;1620231172.6185810566;-0.0537124942;5.2450370141;1.4840629979;0.7067999699;0.0062562374;0.0071675937;-0.7073494806;168;1620231172.642757929;168
1620231172.6435968876;-0.0293442694;-1.2649760526;1.8144673134;0.7193296366;-0.0129363584;0.0053885770;0.6945275285;1620231172.6269888878;-0.0537160227;5.2450478102;1.4840632896;0.7068012670;0.0062659182;0.0071784031;-0.7073479892;168;1620231172.642757929;168
1620231172.6514270306;-0.0293045912;-1.2649233788;1.8144932941;0.7193453137;-0.0127189953;0.0053772409;0.6945153937;1620231172.6436109543;-0.0537095548;5.2450326788;1.4840669985;0.7067971720;0.0062518479;0.0071615107;-0.7073523766;169;1620231172.694700737;169
1620231172.6603341103;-0.0293081495;-1.2648846146;1.8145294734;0.7193445246;-0.0123393370;0.0055883700;0.6945213933;1620231172.6514430046;-0.0537119464;5.2450358763;1.4840625957;0.7067997886;0.0062569113;0.0071680090;-0.7073496516;169;1620231172.694700737;169
1620231172.6767339706;-0.0294205623;-1.2648104896;1.8145771708;0.7190921598;-0.0116229063;0.0061040733;0.6947906981;1620231172.6603560448;-0.0537091547;5.2450395119;1.4840626958;0.7068005013;0.0062628222;0.0071704782;-0.7073488621;169;1620231172.694700737;169
1620231172.6850349903;-0.0294508802;-1.2647759317;1.8145795552;0.7190449910;-0.0113326629;0.0063946267;0.6948416945;1620231172.6767621040;-0.0537053330;5.2450346431;1.4840653152;0.7067998448;0.0062548626;0.0071613731;-0.7073496807;169;1620231172.694700737;169
1620231172.6934669018;-0.0294806518;-1.2647294175;1.8145735420;0.7189880949;-0.0111894321;0.0066738674;0.6949002630;1620231172.6850490570;-0.0537067489;5.2450363443;1.4840628479;0.7068004613;0.0062551002;0.0071641143;-0.7073490348;170;1620231172.720672001;170
1620231172.7012829781;-0.0294956169;-1.2646932489;1.8145440683;0.7189686825;-0.0111104426;0.0069684287;0.6949187238;1620231172.6934819221;-0.0537184391;5.2450344173;1.4840648527;0.7068017198;0.0062561810;0.0071678106;-0.7073477303;170;1620231172.720672001;170
1620231172.7100360394;-0.0295267481;-1.2646680804;1.8145059499;0.7189209130;-0.0111278102;0.0072316414;0.6949651761;1620231172.7012970448;-0.0537023714;5.2450440228;1.4840625429;0.7068000295;0.0062661912;0.0071718183;-0.7073492900;170;1620231172.720672001;170
1620231172.7179501057;-0.0295611056;-1.2646299810;1.8144664719;0.7189073839;-0.0111520480;0.0074746102;0.6949762122;1620231172.7100510597;-0.0537312733;5.2450441776;1.4840680516;0.7068006682;0.0062604847;0.0071721111;-0.7073486994;171;1620231172.772614761;171
1620231172.7269029617;-0.0295580726;-1.2646049283;1.8144401085;0.7189403161;-0.0112599418;0.0076102951;0.6949389319;1620231172.7179639339;-0.0537054767;5.2450394411;1.4840616106;0.7068016497;0.0062558126;0.0071644000;-0.7073478381;171;1620231172.772614761;171
1620231172.7441399097;-0.0295902543;-1.2645389375;1.8144178533;0.7189956026;-0.0113498108;0.0078024534;0.6948781382;1620231172.7269179821;-0.0537029755;5.2450371750;1.4840602212;0.7068014922;0.0062635501;0.0071653016;-0.7073479179;171;1620231172.772614761;171
1620231172.7520039082;-0.0295764493;-1.2645022796;1.8144389372;0.7190324324;-0.0113358533;0.0078038962;0.6948402398;1620231172.7441749573;-0.0537083347;5.2450300349;1.4840639610;0.7068006340;0.0062518048;0.0071580301;-0.7073489530;171;1620231172.772614761;171
1620231172.7603499889;-0.0295692099;-1.2644849808;1.8144638247;0.7190828285;-0.0113299714;0.0077038719;0.6947892974;1620231172.7520310879;-0.0537027914;5.2450299453;1.4840665107;0.7067993357;0.0062466316;0.0071525864;-0.7073503511;172;1620231172.798586041;172
1620231172.7770500183;-0.0295237820;-1.2644473641;1.8145402174;0.7192050051;-0.0111139110;0.0075600219;0.6946678974;1620231172.7603650093;-0.0537010385;5.2450382234;1.4840632040;0.7067983098;0.0062545541;0.0071610832;-0.7073512202;172;1620231172.798586041;172
1620231172.7850880623;-0.0295142002;-1.2644393762;1.8145485669;0.7193380755;-0.0110399208;0.0074928718;0.6945320080;1620231172.7770659924;-0.0537113215;5.2450352569;1.4840603677;0.7068004596;0.0062547695;0.0071644714;-0.7073490358;172;1620231172.798586041;172
1620231172.7929248810;-0.0294485712;-1.2644164947;1.8145282226;0.7195243927;-0.0110073121;0.0076048316;0.6943382849;1620231172.7850999832;-0.0537045525;5.2450291820;1.4840614335;0.7067990218;0.0062505458;0.0071566827;-0.7073505887;172;1620231172.798586041;172
1620231172.8012199402;-0.0294532909;-1.2643884139;1.8144902698;0.7194738138;-0.0110369737;0.0077088879;0.6943890765;1620231172.7929370403;-0.0537084863;5.2450347877;1.4840638505;0.7068011628;0.0062559865;0.0071616421;-0.7073483511;173;1620231172.824557425;173
1620231172.8101000786;-0.0294361646;-1.2643585660;1.8144531315;0.7195501204;-0.0112019542;0.0077001528;0.6943074593;1620231172.8012480736;-0.0537073826;5.2450306102;1.4840629937;0.7068012835;0.0062521279;0.0071588506;-0.7073482929;173;1620231172.824557425;173
1620231172.8176920414;-0.0294233758;-1.2643330281;1.8143868562;0.7195552302;-0.0115199444;0.0076824934;0.6942971560;1620231172.8101110458;-0.0537039216;5.2450395153;1.4840636277;0.7068019260;0.0062634124;0.0071647059;-0.7073474918;173;1620231172.824557425;173
1620231172.8348429203;-0.0293969482;-1.2642793948;1.8142442319;0.7196369649;-0.0122645770;0.0076251627;0.6942003139;1620231172.8177020550;-0.0537142625;5.2450314312;1.4840610737;0.7068007303;0.0062541905;0.0071616236;-0.7073487993;174;1620231172.876500169;174
1620231172.8428919315;-0.0293655799;-1.2642553201;1.8141993749;0.7196901485;-0.0125903803;0.0074911735;0.6941408033;1620231172.8348538876;-0.0537100149;5.2450347612;1.4840631528;0.7067992250;0.0062537249;0.0071634257;-0.7073502893;174;1620231172.876500169;174
1620231172.8514780998;-0.0293364636;-1.2642435327;1.8141596556;0.7197694049;-0.0128887678;0.0072666328;0.6940555305;1620231172.8429040909;-0.0537072580;5.2450417902;1.4840622727;0.7067992063;0.0062625446;0.0071702494;-0.7073501609;174;1620231172.876500169;174
1620231172.8597381115;-0.0292943155;-1.2642449224;1.8141255538;0.7198821034;-0.0131119697;0.0070007366;0.6939371896;1620231172.8514900208;-0.0537081809;5.2450315197;1.4840580078;0.7068019242;0.0062553858;0.0071612430;-0.7073475996;174;1620231172.876500169;174
1620231172.8679950237;-0.0292852590;-1.2642325818;1.8141237528;0.7199844748;-0.0132104649;0.0067308366;0.6938317775;1620231172.8597500324;-0.0537081835;5.2450343282;1.4840591637;0.7068009696;0.0062573159;0.0071656277;-0.7073484920;175;1620231172.902471569;175
1620231172.8855190277;-0.0291912262;-1.2642194276;1.8140934571;0.7201967801;-0.0132755373;0.0063331277;0.6936139052;1620231172.8680059910;-0.0537113596;5.2450270380;1.4840593762;0.7068009513;0.0062485897;0.0071565643;-0.7073486792;175;1620231172.902471569;175
1620231172.8936030865;-0.0291479217;-1.2642295743;1.8140681979;0.7202964069;-0.0133077966;0.0062944208;0.6935101794;1620231172.8855409622;-0.0537101550;5.2450388260;1.4840636644;0.7068007448;0.0062632206;0.0071715985;-0.7073486039;175;1620231172.902471569;175
1620231172.9019401073;-0.0291062977;-1.2642222249;1.8140113666;0.7203491926;-0.0135322913;0.0060368450;0.6934532964;1620231172.8936259747;-0.0537113534;5.2450415191;1.4840604779;0.7068003296;0.0062650557;0.0071749302;-0.7073489688;175;1620231172.902471569;175
1620231172.9101240635;-0.0290765861;-1.2641885645;1.8139624587;0.7203715150;-0.0137379774;0.0058967674;0.6934272684;1620231172.9019598961;-0.0537130617;5.2450471723;1.4840619198;0.7068000424;0.0062677663;0.0071795496;-0.7073491848;176;1620231172.954414217;176
1620231172.9271290302;-0.0291113882;-1.2641440039;1.8138565866;0.7203228215;-0.0141648185;0.0057299021;0.6934706620;1620231172.9101619720;-0.0537144010;5.2450347103;1.4840621369;0.7068002270;0.0062554812;0.0071668204;-0.7073492382;176;1620231172.954414217;176
1620231172.9360740185;-0.0291144802;-1.2641301743;1.8138018463;0.7202699068;-0.0143926768;0.0056803350;0.6935213378;1620231172.9271509647;-0.0537214731;5.2450441516;1.4840604863;0.7068021319;0.0062643360;0.0071787197;-0.7073471357;176;1620231172.954414217;176
1620231172.9445610046;-0.0291806816;-1.2641114073;1.8137665591;0.7201452690;-0.0144320328;0.0056564411;0.6936501371;1620231172.9360969067;-0.0537131552;5.2450383228;1.4840589572;0.7068018928;0.0062584196;0.0071702105;-0.7073475134;177;1620231172.980385521;177
1620231172.9529240131;-0.0291033948;-1.2641209520;1.8137262496;0.7203211029;-0.0145599156;0.0055319913;0.6934658713;1620231172.9445838928;-0.0537144553;5.2450395038;1.4840587037;0.7068020396;0.0062651245;0.0071722100;-0.7073472870;177;1620231172.980385521;177
1620231172.9613120556;-0.0291459898;-1.2641189640;1.8137291940;0.7202720460;-0.0144502969;0.0055122767;0.6935192741;1620231172.9529490471;-0.0537051726;5.2450326292;1.4840590834;0.7068009043;0.0062570368;0.0071643781;-0.7073485724;177;1620231172.980385521;177
1620231172.9703269005;-0.0291921384;-1.2641069085;1.8137430446;0.7201655361;-0.0142672845;0.0054524563;0.6936341370;1620231172.9613230228;-0.0537097672;5.2450444928;1.4840574128;0.7068020491;0.0062701784;0.0071768610;-0.7073471856;177;1620231172.980385521;177
1620231172.9853019714;-0.0291328399;-1.2641205511;1.8137374546;0.7202276375;-0.0140683565;0.0053064525;0.6935748504;1620231172.9703519344;-0.0537107885;5.2450415107;1.4840625110;0.7068011096;0.0062632285;0.0071751578;-0.7073482032;178;1620231173.006356969;178
1620231172.9945189953;-0.0291984936;-1.2641171552;1.8137691752;0.7201296753;-0.0138660869;0.0051774682;0.6936816102;1620231172.9853239059;-0.0537103224;5.2450353492;1.4840627284;0.7068018632;0.0062587631;0.0071696430;-0.7073475456;178;1620231173.006356969;178
1620231173.0024030209;-0.0292141714;-1.2641237285;1.8137706649;0.7201142953;-0.0137858184;0.0050371426;0.6937002091;1620231172.9945430756;-0.0537076677;5.2450388967;1.4840648252;0.7068006797;0.0062585650;0.0071680036;-0.7073487465;178;1620231173.006356969;178
1620231173.0111908913;-0.0292301482;-1.2641216135;1.8137808580;0.7200669575;-0.0137576083;0.0048562881;0.6937511956;1620231173.0024259090;-0.0537125679;5.2450296329;1.4840609165;0.7068028304;0.0062532284;0.0071635300;-0.7073466901;179;1620231173.058299689;179
1620231173.0192890167;-0.0291684850;-1.2641365870;1.8137633068;0.7201441435;-0.0138205652;0.0047509362;0.6936705509;1620231173.0112140179;-0.0537035039;5.2450376837;1.4840628797;0.7068007339;0.0062601248;0.0071705736;-0.7073486525;179;1620231173.058299689;179
1620231173.0353779793;-0.0292506647;-1.2641712627;1.8137123158;0.7200095781;-0.0137022399;0.0048804556;0.6938116727;1620231173.0193169117;-0.0537106581;5.2450422718;1.4840628308;0.7068042218;0.0062665074;0.0071758914;-0.7073450569;179;1620231173.058299689;179
1620231173.0443449020;-0.0292728099;-1.2641747423;1.8136987084;0.7199349547;-0.0135619801;0.0050441420;0.6938906905;1620231173.0354030132;-0.0537086773;5.2450354056;1.4840620151;0.7068029473;0.0062597965;0.0071706681;-0.7073464428;179;1620231173.058299689;179
1620231173.0522189140;-0.0293485934;-1.2641715734;1.8137399282;0.7197974456;-0.0132995923;0.0051658243;0.6940375151;1620231173.0443708897;-0.0537046053;5.2450354691;1.4840625785;0.7068045111;0.0062584628;0.0071675950;-0.7073449231;180;1620231173.084270993;180
1620231173.0606679916;-0.0292916215;-1.2641247192;1.8138483811;0.7198313043;-0.0129537956;0.0050713684;0.6940096352;1620231173.0522310734;-0.0537070963;5.2450326294;1.4840643652;0.7068034681;0.0062585253;0.0071675039;-0.7073459657;180;1620231173.084270993;180
1620231173.0695118904;-0.0292851491;-1.2640701672;1.8139503640;0.7198197660;-0.0125646488;0.0050286634;0.6940290675;1620231173.0606920719;-0.0537102936;5.2450349588;1.4840632464;0.7068031600;0.0062599690;0.0071693314;-0.7073462423;180;1620231173.084270993;180
1620231173.0857241154;-0.0294044859;-1.2642789658;1.8136068869;0.7195503027;-0.0129542458;0.0061144815;0.6942925627;1620231173.0695350170;-0.0537081486;5.2450363017;1.4840674071;0.7068012471;0.0062566089;0.0071673688;-0.7073482033;180;1620231173.084270993;180
1620231173.0943760872;-0.0294158923;-1.2642909568;1.8136145314;0.7195323597;-0.0127870700;0.0062704772;0.6943128656;1620231173.0857479572;-0.0537119285;5.2450386663;1.4840637199;0.7068027752;0.0062589488;0.0071738131;-0.7073465903;181;1620231173.136213721;181
1620231173.1025180817;-0.0294364127;-1.2643040482;1.8136107319;0.7195122125;-0.0127083907;0.0063440570;0.6943345201;1620231173.0943989754;-0.0537347125;5.2450343961;1.4840668421;0.7068029716;0.0062571403;0.0071660225;-0.7073464891;181;1620231173.136213721;181
1620231173.1105289459;-0.0293744738;-1.2641397365;1.8139148526;0.7196180203;-0.0119984685;0.0057467575;0.6942426927;1620231173.1025419235;-0.0537084013;5.2450335859;1.4840624904;0.7068038776;0.0062553692;0.0071656544;-0.7073456032;181;1620231173.136213721;181
1620231173.1271419525;-0.0293908248;-1.2641899587;1.8139243521;0.7196722627;-0.0119193654;0.0059411521;0.6941861896;1620231173.1105530262;-0.0537062906;5.2450271878;1.4840626229;0.7068028163;0.0062478769;0.0071539612;-0.7073468483;182;1620231173.162185017;182
1620231173.1361401081;-0.0294209006;-1.2642203833;1.8139081795;0.7196203230;-0.0119425325;0.0061156364;0.6942381188;1620231173.1271650791;-0.0537101171;5.2450304474;1.4840627874;0.7068032435;0.0062571610;0.0071629456;-0.7073462484;182;1620231173.162185017;182
1620231173.1443440914;-0.0295145351;-1.2642426666;1.8139391603;0.7194734684;-0.0118079734;0.0062430522;0.6943914777;1620231173.1361620426;-0.0537121352;5.2450298394;1.4840615720;0.7068039009;0.0062564904;0.0071649718;-0.7073455770;182;1620231173.162185017;182
1620231173.1521759033;-0.0295486821;-1.2642775265;1.8139752648;0.7194463370;-0.0115765569;0.0064938905;0.6944211841;1620231173.1443669796;-0.0537084942;5.2450304372;1.4840641403;0.7068014889;0.0062548949;0.0071631927;-0.7073480192;182;1620231173.162185017;182
1620231173.1612520218;-0.0295562064;-1.2642990493;1.8140176615;0.7193701865;-0.0113925344;0.0065309615;0.6945027656;1620231173.1521990299;-0.0537110177;5.2450307444;1.4840631186;0.7067988371;0.0062507168;0.0071630854;-0.7073507070;183;1620231173.188156473;183
1620231173.1693201065;-0.0295979547;-1.2643336373;1.8140591050;0.7193428715;-0.0109816353;0.0068674809;0.6945344301;1620231173.1612749100;-0.0537090314;5.2450303273;1.4840671550;0.7068018761;0.0062539016;0.0071618118;-0.7073476551;183;1620231173.188156473;183
1620231173.1862640381;-0.0295115920;-1.2643880999;1.8140778083;0.7193645703;-0.0104731982;0.0074544207;0.6945137570;1620231173.1693429947;-0.0537116508;5.2450452095;1.4840600356;0.7068038428;0.0062749137;0.0071795181;-0.7073453243;183;1620231173.188156473;183
1620231173.1946840286;-0.0295214241;-1.2644223325;1.8140721631;0.7193089590;-0.0102117102;0.0078806697;0.6945705418;1620231173.1862850189;-0.0537150047;5.2450332424;1.4840628979;0.7068016217;0.0062591444;0.0071635999;-0.7073478447;184;1620231173.240099161;184
1620231173.2026939392;-0.0295088481;-1.2644550299;1.8140313833;0.7192330977;-0.0101934469;0.0082788453;0.6946447333;1620231173.1946949959;-0.0537039000;5.2450245674;1.4840638858;0.7068016081;0.0062513417;0.0071563036;-0.7073480012;184;1620231173.240099161;184
1620231173.2110750675;-0.0294947398;-1.2644700423;1.8139971495;0.7191801400;-0.0102203680;0.0085165521;0.6946962924;1620231173.2027170658;-0.0537182011;5.2450376225;1.4840638626;0.7068012196;0.0062594334;0.0071673045;-0.7073482065;184;1620231173.240099161;184
1620231173.2269270420;-0.0294302132;-1.2645401927;1.8138243334;0.7191999969;-0.0108873760;0.0090433725;0.6946589428;1620231173.2111001015;-0.0537094549;5.2450332478;1.4840662788;0.7067992016;0.0062538825;0.0071640617;-0.7073503049;184;1620231173.240099161;184
1620231173.2355120182;-0.0294116292;-1.2645826448;1.8137493944;0.7192205326;-0.0112500931;0.0091868962;0.6946300179;1620231173.2269520760;-0.0537098683;5.2450256082;1.4840668639;0.7067995302;0.0062490254;0.0071563189;-0.7073500978;185;1620231173.266070433;185
1620231173.2446870804;-0.0293889703;-1.2646155430;1.8136963510;0.7192564823;-0.0115474831;0.0092134318;0.6945875617;1620231173.2355349064;-0.0537038619;5.2450316541;1.4840639040;0.7067984303;0.0062553327;0.0071649574;-0.7073510536;185;1620231173.266070433;185
1620231173.2527770996;-0.0293774335;-1.2646551459;1.8136628662;0.7192589358;-0.0117206130;0.0091736455;0.6945826478;1620231173.2447109222;-0.0537071321;5.2450226090;1.4840642380;0.7068009582;0.0062500589;0.0071563031;-0.7073486620;185;1620231173.266070433;185
1620231173.2607090473;-0.0293405978;-1.2646951958;1.8136462888;0.7192823689;-0.0117867439;0.0090970927;0.6945582693;1620231173.2528119087;-0.0537092629;5.2450300389;1.4840651913;0.7068003959;0.0062558375;0.0071630742;-0.7073491042;185;1620231173.266070433;185
1620231173.2687389851;-0.0293095552;-1.2647333014;1.8136294576;0.7192963542;-0.0117764791;0.0090402984;0.6945447015;1620231173.2607328892;-0.0537079235;5.2450285933;1.4840615961;0.7068011892;0.0062556824;0.0071600237;-0.7073483438;186;1620231173.292041873;186
1620231173.2857029438;-0.0291160494;-1.2648218417;1.8135820412;0.7195019764;-0.0115615695;0.0090963309;0.6943345684;1620231173.2687609196;-0.0537116557;5.2450365000;1.4840653428;0.7067994837;0.0062552881;0.0071638736;-0.7073500124;186;1620231173.292041873;186
1620231173.2948329449;-0.0290676594;-1.2648676607;1.8135676507;0.7194733486;-0.0114421645;0.0090438714;0.6943668957;1620231173.2857251167;-0.0537125165;5.2450340967;1.4840661434;0.7067980603;0.0062541863;0.0071635891;-0.7073514474;186;1620231173.292041873;186
1620231173.3112618923;-0.0290297783;-1.2649243218;1.8134628272;0.7194667795;-0.0114478545;0.0091119719;0.6943727182;1620231173.2948570251;-0.0537038154;5.2450246774;1.4840653972;0.7068001147;0.0062485575;0.0071528535;-0.7073495530;187;1620231173.343984529;187
1620231173.3190510273;-0.0290273985;-1.2649525158;1.8133762781;0.7194345069;-0.0115593459;0.0092828026;0.6944020460;1620231173.3112850189;-0.0537017721;5.2450245948;1.4840626557;0.7068030317;0.0062535744;0.0071574528;-0.7073465474;187;1620231173.343984529;187
1620231173.3359029293;-0.0288539433;-1.2650001984;1.8131346968;0.7195027737;-0.0124184647;0.0092283258;0.6943172030;1620231173.3190729618;-0.0537061921;5.2450351698;1.4840626662;0.7068005178;0.0062579925;0.0071661532;-0.7073489322;187;1620231173.343984529;187
1620231173.3449330330;-0.0287781010;-1.2650146022;1.8130487255;0.7195573218;-0.0128101488;0.0091685134;0.6942543476;1620231173.3359239101;-0.0537068892;5.2450329206;1.4840588791;0.7068031893;0.0062609997;0.0071639066;-0.7073462589;188;1620231173.369955833;188
1620231173.3527839184;-0.0287496923;-1.2650381951;1.8129250450;0.7195803362;-0.0132465049;0.0091623218;0.6942223864;1620231173.3449680805;-0.0537030795;5.2450358074;1.4840625207;0.7068006221;0.0062587082;0.0071629418;-0.7073488542;188;1620231173.369955833;188
1620231173.3608229160;-0.0286911466;-1.2650486800;1.8128460522;0.7196268252;-0.0136856004;0.0089877485;0.6941679604;1620231173.3528099060;-0.0536997701;5.2450346501;1.4840586809;0.7068019693;0.0062656877;0.0071660480;-0.7073474148;188;1620231173.369955833;188
1620231173.3773539066;-0.0285435056;-1.2651081614;1.8127052243;0.7197488502;-0.0144165641;0.0085886231;0.6940316930;1620231173.3608469963;-0.0537145941;5.2450345691;1.4840657691;0.7068005665;0.0062538921;0.0071650416;-0.7073489310;188;1620231173.369955833;188
1620231173.3856799603;-0.0284507504;-1.2651406377;1.8126833100;0.7198546930;-0.0145805181;0.0082209113;0.6939229396;1620231173.3773789406;-0.0537088976;5.2450375413;1.4840624345;0.7068031863;0.0062636643;0.0071665784;-0.7073462112;189;1620231173.421898593;189
1620231173.3949658871;-0.0283579152;-1.2651756023;1.8126746874;0.7199574439;-0.0147127017;0.0077819339;0.6938186052;1620231173.3857018948;-0.0537070538;5.2450389489;1.4840611558;0.7068001063;0.0062624830;0.0071701449;-0.7073492632;189;1620231173.421898593;189
1620231173.4025380611;-0.0282954599;-1.2652265571;1.8126490984;0.7200257946;-0.0147577785;0.0074378717;0.6937504891;1620231173.3949890137;-0.0537062944;5.2450431539;1.4840640458;0.7067998782;0.0062650281;0.0071730086;-0.7073494395;189;1620231173.421898593;189
1620231173.4116098881;-0.0282186823;-1.2652537005;1.8126245555;0.7200975548;-0.0147517640;0.0071527666;0.6936791297;1620231173.4025681019;-0.0537107528;5.2450337764;1.4840604627;0.7068004393;0.0062594861;0.0071659760;-0.7073489992;190;1620231173.447870017;190
1620231173.4189820290;-0.0280813312;-1.2652810712;1.8125859195;0.7202409542;-0.0148447611;0.0068478313;0.6935313318;1620231173.4116330147;-0.0537136002;5.2450358774;1.4840621869;0.7067998476;0.0062582076;0.0071681495;-0.7073495797;190;1620231173.447870017;190
1620231173.4361910820;-0.0279428553;-1.2653025849;1.8124642338;0.7203315651;-0.0149805594;0.0065181011;0.6934374763;1620231173.4190061092;-0.0537088851;5.2450257473;1.4840639282;0.7067998500;0.0062468102;0.0071564275;-0.7073497968;190;1620231173.447870017;190
1620231173.4439249039;-0.0279895080;-1.2653272630;1.8123958610;0.7202647060;-0.0150879028;0.0065075755;0.6935046935;1620231173.4362170696;-0.0537365562;5.2450444287;1.4840713814;0.7067973319;0.0062562746;0.0071722700;-0.7073520687;190;1620231173.447870017;190
1620231173.4530320168;-0.0278478218;-1.2653220789;1.8122789467;0.7203012414;-0.0155407735;0.0062165167;0.6934594155;1620231173.4439489841;-0.0537126803;5.2450269179;1.4840623093;0.7068003638;0.0062513982;0.0071598555;-0.7073492081;191;1620231173.473841249;191
1620231173.4621260166;-0.0277964149;-1.2653198863;1.8121928961;0.7202746885;-0.0158039787;0.0061277979;0.6934818364;1620231173.4530520439;-0.0537139134;5.2450473574;1.4840647843;0.7067984534;0.0062665994;0.0071784649;-0.7073507939;191;1620231173.473841249;191
1620231173.4705719948;-0.0277907314;-1.2653354893;1.8121314644;0.7202300417;-0.0160533113;0.0059639769;0.6935239068;1620231173.4621479511;-0.0537170012;5.2450449114;1.4840630663;0.7068000361;0.0062646866;0.0071731462;-0.7073492833;191;1620231173.473841249;191
1620231173.4786610603;-0.0277233025;-1.2653378444;1.8120725159;0.7202163500;-0.0161573158;0.0057828773;0.6935372439;1620231173.4705960751;-0.0537087004;5.2450439398;1.4840631957;0.7067990277;0.0062626757;0.0071685843;-0.7073503551;192;1620231173.525784017;192
1620231173.4947299957;-0.0276041621;-1.2653644741;1.8120395185;0.7203035861;-0.0161693369;0.0052532202;0.6934505751;1620231173.4786829948;-0.0537170665;5.2450330035;1.4840607885;0.7067988939;0.0062524509;0.0071634062;-0.7073506316;192;1620231173.525784017;192
1620231173.5030128956;-0.0275560712;-1.2653930832;1.8120311507;0.7203923499;-0.0160527190;0.0050890858;0.6933622961;1620231173.4947519302;-0.0537199459;5.2450353094;1.4840633089;0.7068009937;0.0062565495;0.0071660025;-0.7073484709;192;1620231173.525784017;192
1620231173.5112318993;-0.0275590013;-1.2653980127;1.8120233205;0.7203101693;-0.0159086659;0.0049572758;0.6934519448;1620231173.5030670166;-0.0537111864;5.2450478377;1.4840644232;0.7068003922;0.0062609320;0.0071702660;-0.7073489900;192;1620231173.525784017;192
1620231173.5194840431;-0.0275081547;-1.2654088573;1.8120316086;0.7203499244;-0.0157702956;0.0047859009;0.6934150123;1620231173.5112550259;-0.0537128065;5.2450407273;1.4840652746;0.7068009646;0.0062590875;0.0071662686;-0.7073484748;193;1620231173.551755361;193
1620231173.5361449718;-0.0274408383;-1.2654415356;1.8120749681;0.7204162715;-0.0155834577;0.0043784967;0.6933529984;1620231173.5195059776;-0.0537221565;5.2450443742;1.4840683493;0.7067984723;0.0062559521;0.0071710189;-0.7073509448;193;1620231173.551755361;193
1620231173.5445029736;-0.0274329694;-1.2654674979;1.8120782186;0.7205541768;-0.0154725477;0.0041780194;0.6932134034;1620231173.5361680984;-0.0537223422;5.2450411328;1.4840638839;0.7068024846;0.0062597287;0.0071695090;-0.7073469175;193;1620231173.551755361;193
1620231173.5523738861;-0.0274492251;-1.2654742678;1.8120869043;0.7203869972;-0.0154282125;0.0041955264;0.6933880170;1620231173.5445249081;-0.0537183685;5.2450406182;1.4840650877;0.7068011995;0.0062566745;0.0071661603;-0.7073482626;194;1620231173.603698017;194
1620231173.5611529350;-0.0273699619;-1.2654696134;1.8120874289;0.7204297402;-0.0153725557;0.0041291972;0.6933452413;1620231173.5523970127;-0.0537148170;5.2450467358;1.4840625593;0.7068020331;0.0062647355;0.0071730979;-0.7073472879;194;1620231173.603698017;194
1620231173.5696029663;-0.0273508578;-1.2654736045;1.8121055291;0.7204203952;-0.0151903807;0.0042177799;0.6933584332;1620231173.5611739159;-0.0537139257;5.2450390936;1.4840627188;0.7068042692;0.0062576680;0.0071648025;-0.7073452002;194;1620231173.603698017;194
1620231173.5867109299;-0.0273754423;-1.2655054628;1.8121335258;0.7202273220;-0.0146808891;0.0045977700;0.6935675430;1620231173.5696129799;-0.0537223969;5.2450469222;1.4840674994;0.7068022568;0.0062653438;0.0071753571;-0.7073470361;194;1620231173.603698017;194
1620231173.5961558819;-0.0273697446;-1.2655268478;1.8121431691;0.7201352311;-0.0144411338;0.0047693774;0.6936670351;1620231173.5867350101;-0.0537192775;5.2450462191;1.4840659521;0.7068006537;0.0062620196;0.0071747154;-0.7073486739;195;1620231173.629669497;195
1620231173.6034479141;-0.0273929960;-1.2655630003;1.8121152601;0.7200052554;-0.0141915994;0.0050907262;0.6938048106;1620231173.5961790085;-0.0537181139;5.2450423811;1.4840658245;0.7068018683;0.0062590224;0.0071693045;-0.7073475416;195;1620231173.629669497;195
1620231173.6113440990;-0.0273752996;-1.2655960100;1.8121120709;0.7199404817;-0.0139692039;0.0052931891;0.6938750221;1620231173.6034700871;-0.0537199793;5.2450524047;1.4840631659;0.7068013230;0.0062692896;0.0071809836;-0.7073478772;195;1620231173.629669497;195
1620231173.6200699806;-0.0273863030;-1.2656127099;1.8121334103;0.7198593219;-0.0137159239;0.0054849014;0.6939627843;1620231173.6113669872;-0.0537130070;5.2450517478;1.4840612308;0.7068030128;0.0062751643;0.0071806628;-0.7073461398;195;1620231173.629669497;195
1620231173.6360080242;-0.0273813560;-1.2655881321;1.8123094705;0.7197905386;-0.0129778855;0.0055558051;0.6940477563;1620231173.6200931072;-0.0537084380;5.2450378611;1.4840655521;0.7067996668;0.0062574002;0.0071664097;-0.7073497851;196;1620231173.655640761;196
1620231173.6450130939;-0.0273480238;-1.2655585576;1.8124100036;0.7197980818;-0.0127232349;0.0054248617;0.6940456841;1620231173.6360309124;-0.0537151307;5.2450426360;1.4840632047;0.7067997170;0.0062609171;0.0071710724;-0.7073496566;196;1620231173.655640761;196
1620231173.6537899971;-0.0273872388;-1.2655819189;1.8124458391;0.7197045037;-0.0125962159;0.0055241359;0.6941442549;1620231173.6450369358;-0.0537057656;5.2450373678;1.4840600187;0.7068005586;0.0062597087;0.0071663940;-0.7073488737;196;1620231173.655640761;196
1620231173.6617820263;-0.0273640215;-1.2655956499;1.8124436288;0.7196954900;-0.0125643601;0.0056898243;0.6941528394;1620231173.6538119316;-0.0537079125;5.2450365687;1.4840635386;0.7068026520;0.0062605926;0.0071677944;-0.7073467599;197;1620231173.707583457;197
1620231173.6698970795;-0.0273890568;-1.2656242414;1.8124400102;0.7196342841;-0.0125384404;0.0058318729;0.6942155818;1620231173.6618039608;-0.0537127973;5.2450384621;1.4840632363;0.7068008137;0.0062604432;0.0071705701;-0.7073485701;197;1620231173.707583457;197
1620231173.6860060692;-0.0274926539;-1.2657015119;1.8125172888;0.7194990455;-0.0121198526;0.0062144819;0.6943598584;1620231173.6699180603;-0.0537097149;5.2450419565;1.4840634489;0.7067996482;0.0062642596;0.0071734313;-0.7073496718;197;1620231173.707583457;197
1620231173.6952219009;-0.0274903101;-1.2657398921;1.8125740690;0.7194903998;-0.0118240395;0.0063293642;0.6943728795;1620231173.6860380173;-0.0537115869;5.2450408747;1.4840610594;0.7067996001;0.0062620211;0.0071688037;-0.7073497866;197;1620231173.707583457;197
1620231173.7026760578;-0.0274401303;-1.2657775924;1.8126228902;0.7195089491;-0.0115458732;0.0064217890;0.6943574912;1620231173.6952459812;-0.0537124105;5.2450398883;1.4840657495;0.7067984701;0.0062590072;0.0071677754;-0.7073509528;198;1620231173.733554825;198
1620231173.7106249332;-0.0273111628;-1.2657841513;1.8126469947;0.7195672706;-0.0113175506;0.0065156485;0.6942999369;1620231173.7026989460;-0.0537100641;5.2450409085;1.4840600318;0.7067993038;0.0062623595;0.0071705680;-0.7073500618;198;1620231173.733554825;198
1620231173.7192039490;-0.0273603631;-1.2658175258;1.8126437772;0.7195257922;-0.0109249132;0.0070450866;0.6943440411;1620231173.7106490135;-0.0537116655;5.2450419384;1.4840625397;0.7068004565;0.0062618333;0.0071718584;-0.7073489016;198;1620231173.733554825;198
1620231173.7356050014;-0.0272885201;-1.2658530423;1.8126256524;0.7195003297;-0.0106097075;0.0077640844;0.6943676466;1620231173.7192258835;-0.0537149765;5.2450407214;1.4840638051;0.7068007233;0.0062642313;0.0071737506;-0.7073485946;199;1620231173.759526233;199
1620231173.7441909313;-0.0272721579;-1.2658753144;1.8125949649;0.7195054417;-0.0106734047;0.0080537939;0.6943580735;1620231173.7356350422;-0.0537120204;5.2450351279;1.4840626927;0.7067995107;0.0062561447;0.0071646532;-0.7073499700;199;1620231173.759526233;199
1620231173.7531349659;-0.0272575349;-1.2658917936;1.8125519241;0.7194820881;-0.0109120976;0.0083148088;0.6943754856;1620231173.7442150116;-0.0537142379;5.2450369483;1.4840612117;0.7067990330;0.0062565735;0.0071670933;-0.7073504188;199;1620231173.759526233;199
1620231173.7604150772;-0.0272101931;-1.2659025421;1.8124853842;0.7195000731;-0.0112847569;0.0084502230;0.6943492585;1620231173.7531569004;-0.0537140435;5.2450418260;1.4840648234;0.7068007913;0.0062636028;0.0071719790;-0.7073485501;199;1620231173.759526233;199
1620231173.7695019245;-0.0272238212;-1.2659255304;1.8124307282;0.7194522717;-0.0116547914;0.0085880079;0.6943909855;1620231173.7604379654;-0.0537095413;5.2450368163;1.4840642034;0.7067983885;0.0062547877;0.0071633526;-0.7073511165;200;1620231173.811468929;200
1620231173.7856891155;-0.0271398197;-1.2659970286;1.8123422244;0.7195652169;-0.0124233946;0.0084898591;0.6942618239;1620231173.7695240974;-0.0537147297;5.2450363347;1.4840641914;0.7067996510;0.0062536130;0.0071658734;-0.7073498399;200;1620231173.811468929;200
1620231173.7942171097;-0.0271163952;-1.2660424971;1.8123568370;0.7196438183;-0.0125686289;0.0083548046;0.6941793728;1620231173.7857110500;-0.0537118867;5.2450465286;1.4840620216;0.7067976416;0.0062627534;0.0071726822;-0.7073516978;200;1620231173.811468929;200
1620231173.8026959896;-0.0270532663;-1.2660877202;1.8123692228;0.7197596437;-0.0126836020;0.0081914131;0.6940591346;1620231173.7942399979;-0.0537150962;5.2450440481;1.4840603273;0.7068027667;0.0062705160;0.0071743352;-0.7073464911;200;1620231173.811468929;200
1620231173.8105440140;-0.0270158453;-1.2661353416;1.8123838158;0.7198611610;-0.0127274762;0.0080934324;0.6939541891;1620231173.8027150631;-0.0537142271;5.2450440923;1.4840635106;0.7068006757;0.0062647071;0.0071725250;-0.7073486503;201;1620231173.837440265;201
1620231173.8197031021;-0.0269672247;-1.2661752579;1.8124268691;0.7199333171;-0.0127139412;0.0079588118;0.6938811368;1620231173.8105559349;-0.0537059486;5.2450347018;1.4840595189;0.7067992627;0.0062574405;0.0071636754;-0.7073502162;201;1620231173.837440265;201
1620231173.8361890316;-0.0268474154;-1.2662576836;1.8124730140;0.7200774282;-0.0128001000;0.0075383981;0.6937346952;1620231173.8197469711;-0.0537079742;5.2450425771;1.4840656705;0.7067983154;0.0062600505;0.0071695279;-0.7073510804;201;1620231173.837440265;201
1620231173.8438839912;-0.0268207516;-1.2663121183;1.8124526544;0.7201361453;-0.0129503361;0.0073655716;0.6936728115;1620231173.8362131119;-0.0537137122;5.2450426285;1.4840642511;0.7067987947;0.0062626533;0.0071709596;-0.7073505639;202;1620231173.889382985;202
1620231173.8526310921;-0.0267656786;-1.2663458753;1.8124204807;0.7201659770;-0.0132354740;0.0071397449;0.6936388195;1620231173.8438990116;-0.0537113602;5.2450375953;1.4840647720;0.7067983640;0.0062557266;0.0071651545;-0.7073511144;202;1620231173.889382985;202
1620231173.8606500626;-0.0267561368;-1.2663816916;1.8123696470;0.7201538801;-0.0134300050;0.0070970827;0.6936480775;1620231173.8526570797;-0.0537136139;5.2450367258;1.4840642510;0.7067996761;0.0062559426;0.0071659565;-0.7073497933;202;1620231173.889382985;202
1620231173.8775160313;-0.0266557653;-1.2664383653;1.8122124437;0.7202059077;-0.0140397839;0.0070269713;0.6935826963;1620231173.8606719971;-0.0537086670;5.2450343866;1.4840620451;0.7068004132;0.0062548692;0.0071599810;-0.7073491268;202;1620231173.889382985;202
1620231173.8859300613;-0.0266059028;-1.2664465497;1.8121651521;0.7202191967;-0.0142831716;0.0069236116;0.6935649669;1620231173.8775389194;-0.0537054454;5.2450424435;1.4840614855;0.7067991216;0.0062685301;0.0071692892;-0.7073502022;203;1620231173.915354305;203
1620231173.8943009377;-0.0265788725;-1.2664785482;1.8120886458;0.7201412393;-0.0146295152;0.0069236744;0.6936386923;1620231173.8859529495;-0.0537117519;5.2450380302;1.4840612924;0.7067967276;0.0062545817;0.0071636837;-0.7073527746;203;1620231173.915354305;203
1620231173.9026141167;-0.0265532569;-1.2664937734;1.8120454529;0.7200954969;-0.0148543815;0.0068814095;0.6936818210;1620231173.8943250179;-0.0537086001;5.2450443984;1.4840626554;0.7067998536;0.0062654210;0.0071714591;-0.7073494763;203;1620231173.915354305;203
1620231173.9108989239;-0.0265891513;-1.2665220245;1.8120221074;0.7200269052;-0.0148640460;0.0069373862;0.6937522530;1620231173.9026370049;-0.0537071531;5.2450354960;1.4840604661;0.7067985886;0.0062556973;0.0071620997;-0.7073509212;203;1620231173.915354305;203
1620231173.9195981026;-0.0265467120;-1.2665532024;1.8120158719;0.7199988582;-0.0149844839;0.0068214955;0.6937799194;1620231173.9109230042;-0.0537120398;5.2450374546;1.4840662318;0.7067996077;0.0062564696;0.0071638266;-0.7073498785;204;1620231173.941325705;204
1620231173.9361209869;-0.0264931106;-1.2666210454;1.8120299342;0.7199901143;-0.0149992882;0.0064909086;0.6937918455;1620231173.9196200371;-0.0537261140;5.2450392608;1.4840680889;0.7067972650;0.0062542388;0.0071638961;-0.7073522384;204;1620231173.941325705;204
1620231173.9447801113;-0.0264868880;-1.2666674966;1.8120188893;0.7199415751;-0.0149856363;0.0064392867;0.6938429900;1620231173.9361419678;-0.0537145744;5.2450372454;1.4840642367;0.7067989577;0.0062593741;0.0071657497;-0.7073504829;204;1620231173.941325705;204
1620231173.9526031017;-0.0264792575;-1.2667019297;1.8120474010;0.7199004979;-0.0148999498;0.0063140693;0.6938886057;1620231173.9448039532;-0.0537022149;5.2450343754;1.4840613030;0.7067983365;0.0062563728;0.0071620438;-0.7073511677;205;1620231173.993268385;205
1620231173.9609630108;-0.0264379745;-1.2667269354;1.8120837570;0.7199030463;-0.0148198249;0.0061511808;0.6938891407;1620231173.9526269436;-0.0537028631;5.2450324125;1.4840635467;0.7067978028;0.0062559949;0.0071599966;-0.7073517250;205;1620231173.993268385;205
1620231173.9771130085;-0.0264401530;-1.2667816241;1.8121442752;0.7197755458;-0.0147132968;0.0060179087;0.6940248319;1620231173.9609870911;-0.0537021388;5.2450387963;1.4840626562;0.7067967835;0.0062580587;0.0071634851;-0.7073526900;205;1620231173.993268385;205
1620231173.9851400852;-0.0263994921;-1.2668147759;1.8121936110;0.7197287604;-0.0146735288;0.0059080244;0.6940751359;1620231173.9771339893;-0.0537124560;5.2450357503;1.4840656765;0.7068015846;0.0062598528;0.0071667894;-0.7073478433;205;1620231173.993268385;205
1620231174.0043520927;-0.0263789386;-1.2668674322;1.8122819767;0.7196644341;-0.0142547063;0.0058417630;0.6941511215;1620231173.9851629734;-0.0537062445;5.2450354582;1.4840646329;0.7067997567;0.0062575559;0.0071638283;-0.7073497201;206;1620231174.019239681;206
1620231174.0116040707;-0.0263472928;-1.2669048098;1.8123191872;0.7196801951;-0.0139465241;0.0059135254;0.6941404336;1620231174.0043730736;-0.0536979228;5.2450258922;1.4840656810;0.7067960728;0.0062459767;0.0071497630;-0.7073536458;206;1620231174.019239681;206
1620231174.0195429325;-0.0262614040;-1.2669306791;1.8123452401;0.7196343913;-0.0137121182;0.0059419208;0.6941923467;1620231174.0116329193;-0.0537098352;5.2450322734;1.4840623656;0.7067986049;0.0062544034;0.0071623972;-0.7073509134;207;1620231174.071182417;207
1620231174.0368440151;-0.0262162069;-1.2669684694;1.8123838667;0.7195532003;-0.0130166428;0.0064870831;0.6942850111;1620231174.0195670128;-0.0537044140;5.2450331704;1.4840580724;0.7068002778;0.0062575102;0.0071635414;-0.7073492027;207;1620231174.071182417;207
1620231174.0461709499;-0.0262035249;-1.2669854131;1.8123993305;0.7194530459;-0.0127421582;0.0067617739;0.6943912661;1620231174.0368719101;-0.0537082870;5.2450421150;1.4840622084;0.7067979125;0.0062601775;0.0071698949;-0.7073514782;207;1620231174.071182417;207
1620231174.0540859699;-0.0262067437;-1.2670097790;1.8123797422;0.7194029379;-0.0125807513;0.0071627049;0.6944421022;1620231174.0461928844;-0.0537100445;5.2450354689;1.4840605884;0.7068004340;0.0062614147;0.0071685871;-0.7073489609;207;1620231174.071182417;207
1620231174.0628829002;-0.0261891218;-1.2670207038;1.8123685656;0.7193561691;-0.0125173212;0.0075081595;0.6944880461;1620231174.0541059971;-0.0537088870;5.2450431692;1.4840634006;0.7067996269;0.0062637561;0.0071712861;-0.7073497194;208;1620231174.097153801;208
1620231174.0704009533;-0.0261459396;-1.2670093183;1.8123416319;0.7193062031;-0.0126815245;0.0077301669;0.6945343834;1620231174.0629050732;-0.0537074225;5.2450465851;1.4840655553;0.7067986709;0.0062643280;0.0071732486;-0.7073506496;208;1620231174.097153801;208
1620231174.0783720016;-0.0261599423;-1.2670353991;1.8122809831;0.7193406349;-0.0128627703;0.0079030791;0.6944934424;1620231174.0704219341;-0.0537146198;5.2450405436;1.4840633325;0.7068003831;0.0062628113;0.0071696924;-0.7073489883;208;1620231174.097153801;208
1620231174.0941519737;-0.0260422402;-1.2670560312;1.8122375290;0.7193643034;-0.0134568194;0.0079682913;0.6944569240;1620231174.0783948898;-0.0537329300;5.2450472599;1.4840679590;0.7067983698;0.0062620000;0.0071727523;-0.7073509762;208;1620231174.097153801;208
1620231174.1033170223;-0.0260350622;-1.2670792713;1.8122280268;0.7193625369;-0.0136045632;0.0079862568;0.6944556689;1620231174.0941751003;-0.0537341423;5.2450479724;1.4840668996;0.7068000623;0.0062654163;0.0071722777;-0.7073492595;209;1620231174.123125121;209
1620231174.1110029221;-0.0259839669;-1.2670986048;1.8122256183;0.7193911030;-0.0137626896;0.0079504132;0.6944233725;1620231174.1033389568;-0.0537148202;5.2450461424;1.4840610119;0.7067990733;0.0062621745;0.0071724647;-0.7073502746;209;1620231174.123125121;209
1620231174.1190168858;-0.0259157669;-1.2671171273;1.8122232471;0.7194832071;-0.0138035939;0.0079459605;0.6943271831;1620231174.1110279560;-0.0537137698;5.2450434775;1.4840611978;0.7068005513;0.0062609558;0.0071686447;-0.7073488472;209;1620231174.123125121;209
1620231174.1358160973;-0.0257603746;-1.2671825254;1.8122523312;0.7197310901;-0.0136706989;0.0076655665;0.6940760110;1620231174.1190390587;-0.0537148865;5.2450402769;1.4840637060;0.7068013992;0.0062630169;0.0071717794;-0.7073479500;210;1620231174.175067897;210
1620231174.1448280811;-0.0257265844;-1.2672127445;1.8122990659;0.7197971255;-0.0135228821;0.0074402575;0.6940128762;1620231174.1358380318;-0.0537159142;5.2450469231;1.4840630712;0.7067999158;0.0062653217;0.0071743383;-0.7073493859;210;1620231174.175067897;210
1620231174.1529169083;-0.0256174769;-1.2672073281;1.8123721893;0.7200215818;-0.0133665794;0.0070397659;0.6937872138;1620231174.1448550224;-0.0537156848;5.2450467622;1.4840609596;0.7068006194;0.0062643975;0.0071708163;-0.7073487267;210;1620231174.175067897;210
1620231174.1614379883;-0.0255322139;-1.2672394249;1.8123800501;0.7201313609;-0.0132700155;0.0069378229;0.6936761466;1620231174.1529369354;-0.0537146689;5.2450459019;1.4840620301;0.7068001820;0.0062623436;0.0071721776;-0.7073491681;210;1620231174.175067897;210
1620231174.1691899300;-0.0254899926;-1.2672577729;1.8123515322;0.7202048005;-0.0132205586;0.0069669810;0.6936005503;1620231174.1614611149;-0.0537355189;5.2450525909;1.4840685308;0.7068002009;0.0062656572;0.0071758461;-0.7073490827;211;1620231174.201039265;211
1620231174.1861259937;-0.0253686353;-1.2672525944;1.8122749559;0.7203499783;-0.0133896853;0.0070274938;0.6934459168;1620231174.1692121029;-0.0537348459;5.2450394483;1.4840660431;0.7068008171;0.0062548882;0.0071647504;-0.7073486748;211;1620231174.201039265;211
1620231174.1948459148;-0.0253602683;-1.2672622782;1.8121987719;0.7203556375;-0.0136729341;0.0071333146;0.6934334302;1620231174.1861360073;-0.0537130741;5.2450338199;1.4840641245;0.7068006489;0.0062506533;0.0071564660;-0.7073489641;211;1620231174.201039265;211
1620231174.2018349171;-0.0253154315;-1.2672510088;1.8121020218;0.7203816447;-0.0141277700;0.0070823225;0.6933978171;1620231174.1948680878;-0.0537163393;5.2450459244;1.4840644264;0.7067993622;0.0062609550;0.0071688594;-0.7073500332;211;1620231174.201039265;211
1620231174.2102448940;-0.0253023781;-1.2672458865;1.8119934798;0.7203710420;-0.0146082289;0.0071739384;0.6933979349;1620231174.2018449306;-0.0537124845;5.2450412603;1.4840645961;0.7067997657;0.0062637739;0.0071698968;-0.7073495945;212;1620231174.252981977;212
1620231174.2267489433;-0.0253521072;-1.2672773567;1.8118296175;0.7202988937;-0.0153544663;0.0073071205;0.6934553699;1620231174.2102680206;-0.0537105074;5.2450352060;1.4840634883;0.7067979438;0.0062510567;0.0071602000;-0.7073516258;212;1620231174.252981977;212
1620231174.2352979183;-0.0252756765;-1.2672799986;1.8117552213;0.7202990698;-0.0158160339;0.0070262234;0.6934477164;1620231174.2267639637;-0.0537095176;5.2450435512;1.4840627885;0.7067973114;0.0062613364;0.0071704150;-0.7073520633;212;1620231174.252981977;212
1620231174.2433969975;-0.0252066735;-1.2672352292;1.8118754129;0.7203909176;-0.0156461873;0.0065871195;0.6933604637;1620231174.2353129387;-0.0537103881;5.2450375273;1.4840622910;0.7068003578;0.0062581421;0.0071637202;-0.7073491153;213;1620231174.278953313;213
1620231174.2516160011;-0.0251502309;-1.2672051312;1.8119366718;0.7205229341;-0.0154970077;0.0062551181;0.6932297005;1620231174.2434210777;-0.0537125309;5.2450503419;1.4840638661;0.7067983412;0.0062677709;0.0071744022;-0.7073509368;213;1620231174.278953313;213
1620231174.2603349686;-0.0251511515;-1.2672359361;1.8119187205;0.7204846971;-0.0154933419;0.0060771942;0.6932711052;1620231174.2516291142;-0.0537091296;5.2450587972;1.4840618536;0.7067970609;0.0062723134;0.0071819942;-0.7073520989;213;1620231174.278953313;213
1620231174.2769041061;-0.0251191209;-1.2672912328;1.8118636400;0.7204969853;-0.0153815731;0.0059265392;0.6932621276;1620231174.2603480816;-0.0537113471;5.2450433838;1.4840608214;0.7068004201;0.0062641067;0.0071704214;-0.7073489324;213;1620231174.278953313;213
1620231174.2854659557;-0.0251026329;-1.2672971076;1.8118844378;0.7205024967;-0.0152657395;0.0056998050;0.6932608612;1620231174.2769179344;-0.0537145939;5.2450467340;1.4840648133;0.7067987350;0.0062624892;0.0071732521;-0.7073506018;214;1620231174.304924585;214
1620231174.2939970493;-0.0250613733;-1.2673066370;1.8118938401;0.7205303091;-0.0152106182;0.0054770282;0.6932349623;1620231174.2854828835;-0.0537164063;5.2450461044;1.4840632757;0.7067992825;0.0062622204;0.0071714548;-0.7073500753;214;1620231174.304924585;214
1620231174.3018369675;-0.0251101689;-1.2673017787;1.8119264987;0.7204195917;-0.0151215587;0.0052513243;0.6933537149;1620231174.2940111160;-0.0537151322;5.2450468515;1.4840617370;0.7067986348;0.0062637836;0.0071732015;-0.7073506910;214;1620231174.304924585;214
1620231174.3112289906;-0.0251104007;-1.2672933626;1.8118960805;0.7204066793;-0.0151028550;0.0051787230;0.6933680848;1620231174.3018488884;-0.0537154990;5.2450517450;1.4840631005;0.7067987228;0.0062673611;0.0071769451;-0.7073505334;215;1620231174.356867281;215
1620231174.3186149597;-0.0251141658;-1.2672869556;1.8118933523;0.7203926036;-0.0149676359;0.0051720861;0.6933856907;1620231174.3112521172;-0.0537123492;5.2450528198;1.4840635534;0.7067966270;0.0062682065;0.0071768116;-0.7073526214;215;1620231174.356867281;215
1620231174.3350150585;-0.0251512977;-1.2672654713;1.8119057109;0.7202344754;-0.0146803791;0.0053007282;0.6935551089;1620231174.3186271191;-0.0537089147;5.2450366539;1.4840610797;0.7067990227;0.0062585212;0.0071656098;-0.7073504269;215;1620231174.356867281;215
1620231174.3437910080;-0.0251625535;-1.2672682094;1.8118712102;0.7201911681;-0.0145912675;0.0054461563;0.6936008332;1620231174.3350288868;-0.0537230146;5.2450419342;1.4840627155;0.7067996103;0.0062572115;0.0071704578;-0.7073498022;215;1620231174.356867281;215
1620231174.3518390656;-0.0251617206;-1.2672583833;1.8118605714;0.7201039136;-0.0144626557;0.0055932337;0.6936929443;1620231174.3438160419;-0.0537068052;5.2450457129;1.4840626849;0.7068011532;0.0062660650;0.0071684709;-0.7073482023;216;1620231174.382838721;216
1620231174.3605339527;-0.0251791853;-1.2672534660;1.8118729035;0.7200667538;-0.0142662361;0.0057687151;0.6937341468;1620231174.3518528938;-0.0537092333;5.2450449901;1.4840639976;0.7068005026;0.0062572609;0.0071648740;-0.7073489668;216;1620231174.382838721;216
1620231174.3776619434;-0.0251856545;-1.2672433009;1.8119521993;0.7200224486;-0.0139076296;0.0058659658;0.6937865967;1620231174.3605480194;-0.0537163883;5.2450401200;1.4840689697;0.7067970037;0.0062477520;0.0071626735;-0.7073525693;216;1620231174.382838721;216
1620231174.3850889206;-0.0252277118;-1.2672461506;1.8120031026;0.7199806187;-0.0137540047;0.0058000460;0.6938336224;1620231174.3776810169;-0.0537104671;5.2450470121;1.4840587976;0.7067987563;0.0062647321;0.0071711996;-0.7073505815;216;1620231174.382838721;216
1620231174.3935608864;-0.0252389097;-1.2672582902;1.8120360442;0.7199669583;-0.0136222259;0.0057993466;0.6938504028;1620231174.3851029873;-0.0537152832;5.2450436832;1.4840608581;0.7067990507;0.0062599044;0.0071677392;-0.7073503651;217;1620231174.434781473;217
1620231174.4019351006;-0.0252523989;-1.2672636650;1.8121033079;0.7199499921;-0.0135089398;0.0057036189;0.6938710155;1620231174.3935749531;-0.0537117284;5.2450442636;1.4840638980;0.7067977605;0.0062571997;0.0071666256;-0.7073516896;217;1620231174.434781473;217
1620231174.4102640152;-0.0252556063;-1.2672644678;1.8121678617;0.7200086910;-0.0133943366;0.0056238970;0.6938129780;1620231174.4019489288;-0.0537151327;5.2450520266;1.4840626543;0.7068001796;0.0062677934;0.0071762501;-0.7073490810;217;1620231174.434781473;217
1620231174.4269099236;-0.0252615750;-1.2672470074;1.8123377492;0.7200302641;-0.0129571382;0.0056322982;0.6937988242;1620231174.4102799892;-0.0537096589;5.2450467474;1.4840654770;0.7067983291;0.0062578130;0.0071676696;-0.7073511054;218;1620231174.460752737;218
1620231174.4351680279;-0.0252933088;-1.2672554075;1.8123793785;0.7199811842;-0.0127716240;0.0058026568;0.6938517920;1620231174.4269208908;-0.0537138864;5.2450523361;1.4840642848;0.7067995275;0.0062646025;0.0071749651;-0.7073497739;218;1620231174.460752737;218
1620231174.4434239864;-0.0253218718;-1.2672518137;1.8124610343;0.7199227869;-0.0124903557;0.0059355901;0.6939163787;1620231174.4351809025;-0.0537181464;5.2450448571;1.4840598163;0.7068018161;0.0062645767;0.0071724644;-0.7073475126;218;1620231174.460752737;218
1620231174.4519059658;-0.0252871790;-1.2672770053;1.8124916855;0.7199830560;-0.0122527667;0.0062533412;0.6938552908;1620231174.4434390068;-0.0537081349;5.2450463310;1.4840629532;0.7067996035;0.0062591373;0.0071663644;-0.7073498334;218;1620231174.460752737;218
1620231174.4604380131;-0.0253739689;-1.2672651678;1.8126016224;0.7198036463;-0.0118668507;0.0063470461;0.6940472632;1620231174.4519209862;-0.0537075802;5.2450460435;1.4840632734;0.7067991093;0.0062624805;0.0071680876;-0.7073502803;219;1620231174.486724161;219
1620231174.4770309925;-0.0253960910;-1.2672717576;1.8126962660;0.7197310957;-0.0113065366;0.0069272604;0.6941263034;1620231174.4604620934;-0.0537340607;5.2450465634;1.4840653430;0.7068001921;0.0062604608;0.0071706340;-0.7073491903;219;1620231174.486724161;219
1620231174.4858520031;-0.0253810885;-1.2672831883;1.8127369709;0.7197556934;-0.0111146017;0.0072122145;0.6941009951;1620231174.4770441055;-0.0537318237;5.2450476840;1.4840630066;0.7067998004;0.0062612663;0.0071708027;-0.7073495729;219;1620231174.486724161;219
1620231174.4935328960;-0.0254089892;-1.2672870307;1.8127623043;0.7196815399;-0.0110345562;0.0074569717;0.6941765722;1620231174.4858651161;-0.0537046170;5.2450434010;1.4840626017;0.7068004637;0.0062600596;0.0071638731;-0.7073489910;219;1620231174.486724161;219
1620231174.5023000240;-0.0253734618;-1.2672920336;1.8127742825;0.7197068364;-0.0109918695;0.0077217387;0.6941481277;1620231174.4935469627;-0.0537115396;5.2450431335;1.4840619887;0.7067998976;0.0062578848;0.0071677136;-0.7073495370;220;1620231174.538666841;220
1620231174.5104689598;-0.0254152977;-1.2672974271;1.8127814953;0.7196359856;-0.0109949988;0.0079537590;0.6942189107;1620231174.5023128986;-0.0537055958;5.2450492815;1.4840626404;0.7067999248;0.0062649945;0.0071711694;-0.7073494119;220;1620231174.538666841;220
1620231174.5184650421;-0.0254121883;-1.2672879696;1.8127916593;0.7196531131;-0.0110796609;0.0080621668;0.6941985590;1620231174.5105021000;-0.0537043781;5.2450362643;1.4840654152;0.7068001596;0.0062508635;0.0071575344;-0.7073494403;220;1620231174.538666841;220
1620231174.5359320641;-0.0254242428;-1.2673186451;1.8127655871;0.7195780209;-0.0113226773;0.0083980265;0.6942684942;1620231174.5184791088;-0.0537068114;5.2450384849;1.4840639079;0.7067991472;0.0062529408;0.0071625404;-0.7073503830;221;1620231174.564638169;221
1620231174.5524260998;-0.0254149250;-1.2673807395;1.8127969127;0.7195121235;-0.0113075665;0.0086016659;0.6943345407;1620231174.5359539986;-0.0537068592;5.2450392677;1.4840627312;0.7067976421;0.0062522943;0.0071613919;-0.7073519042;221;1620231174.564638169;221
1620231174.5618510246;-0.0254194211;-1.2673925864;1.8128455268;0.7194667636;-0.0111382220;0.0086274702;0.6943839593;1620231174.5524389744;-0.0537263645;5.2450382866;1.4840651691;0.7067997014;0.0062575384;0.0071641638;-0.7073497721;221;1620231174.564638169;221
1620231174.5693418980;-0.0253972466;-1.2673799955;1.8128722462;0.7194912235;-0.0109833153;0.0087150312;0.6943599890;1620231174.5618739128;-0.0536996127;5.2450424974;1.4840622308;0.7067994083;0.0062596680;0.0071642310;-0.7073500455;222;1620231174.616580921;222
1620231174.5855960846;-0.0252919381;-1.2673821391;1.8128693944;0.7195597705;-0.0109944895;0.0090667727;0.6942842728;1620231174.5693550110;-0.0537019125;5.2450407180;1.4840651033;0.7068007219;0.0062602587;0.0071666065;-0.7073487035;222;1620231174.616580921;222
1620231174.5944089890;-0.0251829250;-1.2673639117;1.8128368619;0.7196474288;-0.0112470123;0.0091354336;0.6941884664;1620231174.5856089592;-0.0537036470;5.2450335094;1.4840647051;0.7067994874;0.0062537979;0.0071621568;-0.7073500393;222;1620231174.616580921;222
1620231174.6027019024;-0.0251416116;-1.2673551990;1.8127924356;0.7196359483;-0.0114815549;0.0092836925;0.6941945613;1620231174.5944230556;-0.0537042658;5.2450320096;1.4840641206;0.7067995990;0.0062494870;0.0071588394;-0.7073499995;223;1620231174.642552209;223
1620231174.6120769978;-0.0250948718;-1.2673593217;1.8127201622;0.7196803532;-0.0118944806;0.0093931588;0.6941401004;1620231174.6027410030;-0.0537071772;5.2450388710;1.4840635177;0.7067996927;0.0062613240;0.0071693937;-0.7073496943;223;1620231174.642552209;223
1620231174.6276550293;-0.0249814644;-1.2673813523;1.8125871955;0.7197846543;-0.0127632384;0.0095233807;0.6940147379;1620231174.6120910645;-0.0537036473;5.2450403262;1.4840606447;0.7067993056;0.0062588439;0.0071685391;-0.7073501117;223;1620231174.642552209;223
1620231174.6362440586;-0.0249382221;-1.2674040056;1.8125483112;0.7198219427;-0.0131634075;0.0093723448;0.6939706439;1620231174.6276700497;-0.0537219758;5.2450398098;1.4840648985;0.7067994896;0.0062616618;0.0071676602;-0.7073499118;223;1620231174.642552209;223
1620231174.6445720196;-0.0248970348;-1.2674122437;1.8125647066;0.7199149785;-0.0133255850;0.0090826288;0.6938748867;1620231174.6362578869;-0.0537051270;5.2450322242;1.4840641015;0.7067990068;0.0062493596;0.0071612841;-0.7073505676;224;1620231174.668523649;224
1620231174.6525039673;-0.0248868529;-1.2674177844;1.8125717427;0.7199961658;-0.0133679715;0.0088290823;0.6937931002;1620231174.6445860863;-0.0536992891;5.2450315843;1.4840665647;0.7067991995;0.0062524256;0.0071588890;-0.7073503722;224;1620231174.668523649;224
1620231174.6615309715;-0.0247707476;-1.2674218893;1.8126040308;0.7201414854;-0.0134321965;0.0084611023;0.6936456061;1620231174.6525180340;-0.0537045705;5.2450385033;1.4840614093;0.7067992999;0.0062574129;0.0071687892;-0.7073501275;224;1620231174.668523649;224
1620231174.6695339680;-0.0247453795;-1.2674458545;1.8125983354;0.7202348692;-0.0134269729;0.0083377448;0.6935502372;1620231174.6615450382;-0.0537265443;5.2450342616;1.4840723502;0.7067986212;0.0062508284;0.0071617457;-0.7073509352;224;1620231174.668523649;224
1620231174.6860470772;-0.0245498998;-1.2674498834;1.8125429883;0.7204547383;-0.0137152781;0.0080093024;0.6933200649;1620231174.6695480347;-0.0536991089;5.2450375739;1.4840637129;0.7067991428;0.0062599487;0.0071664065;-0.7073502862;225;1620231174.720466345;225
1620231174.6945540905;-0.0245438874;-1.2674282131;1.8125176743;0.7204200506;-0.0138886179;0.0078304353;0.6933547009;1620231174.6860609055;-0.0537082858;5.2450373784;1.4840638144;0.7068000545;0.0062605061;0.0071720998;-0.7073493126;225;1620231174.720466345;225
1620231174.7027690411;-0.0244996166;-1.2674094650;1.8124994534;0.7204476688;-0.0140759178;0.0076947620;0.6933237452;1620231174.6945691109;-0.0537039377;5.2450358858;1.4840655379;0.7067973000;0.0062501935;0.0071613191;-0.7073522654;225;1620231174.720466345;225
1620231174.7107949257;-0.0243666806;-1.2673559485;1.8125146562;0.7205257272;-0.0143375707;0.0073785063;0.6932407000;1620231174.7027840614;-0.0537080575;5.2450403885;1.4840636988;0.7067978253;0.0062578459;0.0071708014;-0.7073515767;226;1620231174.746437657;226
1620231174.7276849747;-0.0242324485;-1.2672809203;1.8124892784;0.7205999178;-0.0147748305;0.0068297170;0.6931600232;1620231174.7108089924;-0.0537000467;5.2450379697;1.4840638386;0.7067979170;0.0062573778;0.0071655756;-0.7073515422;226;1620231174.746437657;226
1620231174.7359099388;-0.0241918358;-1.2673049059;1.8124082612;0.7206087218;-0.0150944242;0.0066980936;0.6931452690;1620231174.7276999950;-0.0537077846;5.2450327502;1.4840662727;0.7067993021;0.0062565858;0.0071652510;-0.7073501685;226;1620231174.746437657;226
1620231174.7525420189;-0.0240650814;-1.2673077711;1.8123683363;0.7207811996;-0.0152657056;0.0060816281;0.6929678451;1620231174.7359249592;-0.0537091757;5.2450384805;1.4840635139;0.7068009272;0.0062619254;0.0071718514;-0.7073484305;227;1620231174.798380289;227
1620231174.7611389160;-0.0240196177;-1.2673091217;1.8123774319;0.7207300501;-0.0153365684;0.0058006924;0.6930218875;1620231174.7525579929;-0.0537051273;5.2450358335;1.4840642937;0.7068003068;0.0062615467;0.0071680992;-0.7073490918;227;1620231174.798380289;227
1620231174.7691209316;-0.0239734001;-1.2673021442;1.8123848137;0.7207722425;-0.0152247012;0.0056129054;0.6929820186;1620231174.7611560822;-0.0537016900;5.2450560206;1.4840628753;0.7067992264;0.0062730455;0.0071829897;-0.7073499184;227;1620231174.798380289;227
1620231174.7857949734;-0.0239005008;-1.2672804777;1.8123833273;0.7207643609;-0.0150806177;0.0053872496;0.6929951576;1620231174.7691359520;-0.0537083835;5.2450416900;1.4840644138;0.7068004205;0.0062597939;0.0071705125;-0.7073489692;227;1620231174.798380289;227
1620231174.7943239212;-0.0238649702;-1.2672670520;1.8123786611;0.7207000679;-0.0150453831;0.0052608427;0.6930637576;1620231174.7858190536;-0.0537045325;5.2450434281;1.4840642939;0.7067992262;0.0062640598;0.0071728675;-0.7073501010;228;1620231174.824351745;228
1620231174.8024089336;-0.0238673928;-1.2672527023;1.8123786301;0.7205845278;-0.0149659966;0.0051874069;0.6931861568;1620231174.7943410873;-0.0537127814;5.2450456059;1.4840641115;0.7068023811;0.0062677115;0.0071798752;-0.7073468451;228;1620231174.824351745;228
1620231174.8109889030;-0.0238398467;-1.2672336510;1.8124021840;0.7204888167;-0.0147956475;0.0051625586;0.6932894791;1620231174.8024230003;-0.0537112919;5.2450427912;1.4840641965;0.7068005760;0.0062602326;0.0071718801;-0.7073487962;228;1620231174.824351745;228
1620231174.8277540207;-0.0237603587;-1.2672045399;1.8124094927;0.7203730696;-0.0142924967;0.0053945852;0.6934185342;1620231174.8110060692;-0.0537156157;5.2450521942;1.4840653649;0.7067994330;0.0062666024;0.0071822021;-0.7073497771;229;1620231174.850323065;229
1620231174.8360130787;-0.0237398470;-1.2671847617;1.8123959699;0.7202776808;-0.0140305982;0.0056224258;0.6935211555;1620231174.8277690411;-0.0537145706;5.2450386765;1.4840646062;0.7068012275;0.0062518775;0.0071641716;-0.7073482971;229;1620231174.850323065;229
1620231174.8444349766;-0.0237083373;-1.2671616172;1.8123665512;0.7201185471;-0.0138654917;0.0058976760;0.6936874251;1620231174.8360269070;-0.0537069078;5.2450444249;1.4840634730;0.7068020138;0.0062616364;0.0071702472;-0.7073473636;229;1620231174.850323065;229
1620231174.8524370193;-0.0236828020;-1.2671343633;1.8123307383;0.7200253852;-0.0136965342;0.0061700532;0.6937851109;1620231174.8444499969;-0.0537101496;5.2450451602;1.4840647321;0.7068016391;0.0062633510;0.0071727559;-0.7073476973;229;1620231174.850323065;229
1620231174.8612289429;-0.0236725134;-1.2671051732;1.8122794451;0.7199206718;-0.0136017811;0.0064512749;0.6938930745;1620231174.8524510860;-0.0537172065;5.2450421420;1.4840629513;0.7068017896;0.0062595566;0.0071742033;-0.7073475659;230;1620231174.902265761;230
1620231174.8777520657;-0.0236468748;-1.2670487979;1.8121864645;0.7197374601;-0.0136986531;0.0068007165;0.6940778671;1620231174.8612449169;-0.0537053916;5.2450431555;1.4840630835;0.7068023032;0.0062594497;0.0071701863;-0.7073470944;230;1620231174.902265761;230
1620231174.8859400749;-0.0236104237;-1.2670256011;1.8121416716;0.7197479861;-0.0137118907;0.0069511448;0.6940652002;1620231174.8777680397;-0.0537079083;5.2450410169;1.4840633585;0.7068023787;0.0062574473;0.0071688017;-0.7073470507;230;1620231174.902265761;230
1620231174.9026770592;-0.0235638840;-1.2669808417;1.8121491667;0.7197075390;-0.0135912570;0.0069794011;0.6941092306;1620231174.8859660625;-0.0537147463;5.2450548907;1.4840649363;0.7068027523;0.0062761659;0.0071865912;-0.7073463310;231;1620231174.928237121;231
1620231174.9110760689;-0.0235206003;-1.2669726472;1.8121778401;0.7197372968;-0.0134781254;0.0068386328;0.6940819814;1620231174.9027009010;-0.0537023840;5.2450394664;1.4840661270;0.7068012142;0.0062574879;0.0071640942;-0.7073482616;231;1620231174.928237121;231
1620231174.9276659489;-0.0234366611;-1.2669445421;1.8122164496;0.7198392521;-0.0130348533;0.0067610678;0.6939854694;1620231174.9110929966;-0.0537059317;5.2450414070;1.4840663730;0.7067999667;0.0062582342;0.0071693127;-0.7073494486;231;1620231174.928237121;231
1620231174.9359359741;-0.0234423056;-1.2669404905;1.8121952953;0.7198192434;-0.0128839354;0.0069503012;0.6940071717;1620231174.9276809692;-0.0537065420;5.2450457207;1.4840624147;0.7068034284;0.0062640681;0.0071731552;-0.7073458990;232;1620231174.980179809;232
1620231174.9444980621;-0.0234038079;-1.2669298232;1.8121500915;0.7198891452;-0.0128023879;0.0071420342;0.6939342252;1620231174.9359500408;-0.0537088228;5.2450376524;1.4840629908;0.7068029647;0.0062571312;0.0071671592;-0.7073464846;232;1620231174.980179809;232
1620231174.9525680542;-0.0233508720;-1.2668990747;1.8121054533;0.7199403831;-0.0128651180;0.0072209861;0.6938790896;1620231174.9445118904;-0.0537077036;5.2450428475;1.4840642194;0.7068014491;0.0062603252;0.0071694792;-0.7073479473;232;1620231174.980179809;232
1620231174.9612500668;-0.0233282684;-1.2668638430;1.8120478082;0.7199968091;-0.0129962817;0.0073330975;0.6938169191;1620231174.9525969028;-0.0537095543;5.2450493792;1.4840639688;0.7068023144;0.0062633073;0.0071760952;-0.7073469891;232;1620231174.980179809;232
1620231174.9692599773;-0.0232817103;-1.2668183165;1.8119581146;0.7200550229;-0.0133400671;0.0073676874;0.6937496117;1620231174.9612650871;-0.0537109261;5.2450462437;1.4840641417;0.7067986366;0.0062567218;0.0071703536;-0.7073507806;233;1620231175.006151201;233
1620231174.9859640598;-0.0232035716;-1.2667565540;1.8118143730;0.7201101244;-0.0140497181;0.0072512162;0.6936796336;1620231174.9692809582;-0.0537100237;5.2450462637;1.4840662246;0.7068002004;0.0062602163;0.0071702070;-0.7073491885;233;1620231175.006151201;233
1620231175.0033369064;-0.0230863008;-1.2666917898;1.8117288837;0.7203314639;-0.0144722791;0.0068457433;0.6934452184;1620231174.9859790802;-0.0537079445;5.2450502069;1.4840608186;0.7068016004;0.0062661180;0.0071729538;-0.7073477095;234;1620231175.032122529;234
1620231175.0111849308;-0.0230777019;-1.2667013626;1.8116391575;0.7203635833;-0.0145989242;0.0068794285;0.6934088640;1620231175.0033569336;-0.0537178511;5.2450521345;1.4840635861;0.7068022632;0.0062626083;0.0071766808;-0.7073470405;234;1620231175.032122529;234
1620231175.0194170475;-0.0230290456;-1.2666949951;1.8116136477;0.7204169119;-0.0147092327;0.0066746917;0.6933531280;1620231175.0111999512;-0.0537070467;5.2450510408;1.4840656646;0.7068002329;0.0062573987;0.0071699744;-0.7073491834;234;1620231175.032122529;234
1620231175.0357339382;-0.0229886217;-1.2666724685;1.8115715210;0.7203896446;-0.0146783197;0.0062776438;0.6933858220;1620231175.0194311142;-0.0537127366;5.2450547364;1.4840624869;0.7068022360;0.0062661157;0.0071787672;-0.7073470155;234;1620231175.032122529;234
1620231175.0443630219;-0.0229604404;-1.2665966086;1.8116704642;0.7204215273;-0.0144315139;0.0058140756;0.6933619192;1620231175.0357489586;-0.0537125697;5.2450586885;1.4840669285;0.7068003511;0.0062653884;0.0071742855;-0.7073489508;235;1620231175.084065249;235
1620231175.0527501106;-0.0229645942;-1.2664964656;1.8118015582;0.7203853668;-0.0140444754;0.0053248453;0.6934113657;1620231175.0443789959;-0.0537466158;5.2450501961;1.4840678939;0.7068026468;0.0062559150;0.0071721674;-0.7073467622;235;1620231175.084065249;235
1620231175.0610818863;-0.0229847838;-1.2664854170;1.8117285418;0.7202977897;-0.0140565461;0.0053429615;0.6935019542;1620231175.0527639389;-0.0537379337;5.2450628597;1.4840668416;0.7068006597;0.0062684317;0.0071824749;-0.7073485324;235;1620231175.084065249;235
1620231175.0776839256;-0.0229544371;-1.2664704803;1.8115979777;0.7202441585;-0.0139482569;0.0054892697;0.6935586970;1620231175.0610990524;-0.0537186551;5.2450618615;1.4840629590;0.7068026447;0.0062669956;0.0071815387;-0.7073465711;235;1620231175.084065249;235
1620231175.0858740807;-0.0229594622;-1.2664352894;1.8116017847;0.7201291248;-0.0136491584;0.0055757221;0.6936833971;1620231175.0776989460;-0.0537162753;5.2450555035;1.4840643710;0.7068010287;0.0062659708;0.0071777555;-0.7073482334;236;1620231175.110036657;236
1620231175.1024110317;-0.0229273010;-1.2663759900;1.8115573429;0.7200124532;-0.0130999114;0.0060464207;0.6938111417;1620231175.0858900547;-0.0537145421;5.2450536449;1.4840638955;0.7067994520;0.0062590466;0.0071731372;-0.7073499170;236;1620231175.110036657;236
1620231175.1108200550;-0.0229256318;-1.2663469612;1.8115348201;0.7199030814;-0.0128769078;0.0061665234;0.6939277431;1620231175.1024260521;-0.0537084352;5.2450594232;1.4840612910;0.7067990896;0.0062674645;0.0071781776;-0.7073501534;237;1620231175.136007961;237
1620231175.1191709042;-0.0229234637;-1.2663039631;1.8115127971;0.7198226752;-0.0126712840;0.0063533380;0.6940132491;1620231175.1108350754;-0.0537364499;5.2450581784;1.4840650190;0.7068019438;0.0062679308;0.0071781221;-0.7073472979;237;1620231175.136007961;237
1620231175.1358230114;-0.0229422080;-1.2662517158;1.8114037632;0.7196528751;-0.0126904125;0.0066642405;0.6941860563;1620231175.1191871166;-0.0537070906;5.2450531245;1.4840621344;0.7067991960;0.0062554241;0.0071661857;-0.7073502753;237;1620231175.136007961;237
1620231175.1444180012;-0.0229243116;-1.2662227932;1.8113781260;0.7196293361;-0.0126413864;0.0067031694;0.6942109776;1620231175.1358480453;-0.0537121170;5.2450582232;1.4840629218;0.7067983199;0.0062646202;0.0071754204;-0.7073509757;237;1620231175.136007961;237
1620231175.1529369354;-0.0229251032;-1.2661903368;1.8113792708;0.7195154755;-0.0125922895;0.0067211297;0.6943297064;1620231175.1444330215;-0.0537100606;5.2450545055;1.4840619528;0.7068007036;0.0062645929;0.0071753625;-0.7073485947;238;1620231175.187950673;238
1620231175.1615359783;-0.0229426773;-1.2661778430;1.8113850875;0.7194654464;-0.0124692154;0.0066932537;0.6943840367;1620231175.1529510021;-0.0537042748;5.2450541874;1.4840613692;0.7067993895;0.0062652659;0.0071700285;-0.7073499559;238;1620231175.187950673;238
1620231175.1777470112;-0.0228879505;-1.2661374014;1.8113928769;0.7194776482;-0.0121430781;0.0068455585;0.6943756892;1620231175.1615490913;-0.0537007846;5.2450477648;1.4840627155;0.7067984882;0.0062547494;0.0071635128;-0.7073510156;238;1620231175.187950673;238
1620231175.1861300468;-0.0228256126;-1.2661268378;1.8114169711;0.7194799324;-0.0118780601;0.0069265061;0.6943771036;1620231175.1777639389;-0.0537011141;5.2450496365;1.4840611697;0.7067983465;0.0062566562;0.0071627234;-0.7073511484;239;1620231175.213922049;239
1620231175.1944260597;-0.0228338719;-1.2661151438;1.8114319183;0.7194172884;-0.0115666939;0.0070266129;0.6944462567;1620231175.1861441135;-0.0537032707;5.2450492712;1.4840627862;0.7067985486;0.0062617398;0.0071659210;-0.7073508690;239;1620231175.213922049;239
1620231175.2025809288;-0.0227815293;-1.2661098292;1.8114572979;0.7194258035;-0.0113547317;0.0071230351;0.6944399511;1620231175.1944639683;-0.0537019743;5.2450445315;1.4840653149;0.7067971645;0.0062489910;0.0071570624;-0.7073524544;239;1620231175.213922049;239
1620231175.2115170956;-0.0227495797;-1.2660972199;1.8114570643;0.7193956416;-0.0111862818;0.0072226277;0.6944729020;1620231175.2025949955;-0.0537016301;5.2450493809;1.4840636486;0.7067972246;0.0062549566;0.0071603044;-0.7073523088;239;1620231175.213922049;239
1620231175.2194008827;-0.0227353606;-1.2660732246;1.8114249989;0.7194228027;-0.0111050253;0.0074030224;0.6944441695;1620231175.2115349770;-0.0537082891;5.2450453031;1.4840629475;0.7067989219;0.0062535043;0.0071596245;-0.7073506326;240;1620231175.265864737;240
1620231175.2359700203;-0.0226476684;-1.2660180499;1.8113014303;0.7194909503;-0.0114197475;0.0077268800;0.6943649308;1620231175.2194149494;-0.0537064046;5.2450523705;1.4840609398;0.7067981997;0.0062586860;0.0071659800;-0.7073512440;240;1620231175.265864737;240
1620231175.2447450161;-0.0226087520;-1.2659905396;1.8112389342;0.7194974945;-0.0117302860;0.0078071714;0.6943520749;1620231175.2359850407;-0.0537278066;5.2450535118;1.4840683535;0.7067966206;0.0062555368;0.0071644670;-0.7073528651;240;1620231175.265864737;240
1620231175.2533569336;-0.0226037349;-1.2659700201;1.8111553140;0.7195035382;-0.0120364955;0.0079530501;0.6943389161;1620231175.2447619438;-0.0537002668;5.2450561190;1.4840596351;0.7067971188;0.0062591719;0.0071660534;-0.7073523191;240;1620231175.265864737;240
1620231175.2610371113;-0.0225603543;-1.2659508461;1.8110903179;0.7195648359;-0.0123618411;0.0080276504;0.6942688158;1620231175.2533719540;-0.0537098354;5.2450510092;1.4840614226;0.7067984851;0.0062580557;0.0071626642;-0.7073509981;241;1620231175.291836129;241
1620231175.2776420116;-0.0225013944;-1.2659396504;1.8109487849;0.7196269502;-0.0128970148;0.0081484513;0.6941932889;1620231175.2610509396;-0.0537032823;5.2450556517;1.4840621673;0.7067954721;0.0062590490;0.0071632474;-0.7073539940;241;1620231175.291836129;241
1620231175.2944650650;-0.0223476284;-1.2659292721;1.8109165543;0.7198300199;-0.0131946195;0.0076974185;0.6939822722;1620231175.2776579857;-0.0537115238;5.2450570182;1.4840612098;0.7067973877;0.0062580537;0.0071648882;-0.7073520721;242;1620231175.317807465;242
1620231175.3025810719;-0.0222889724;-1.2659181819;1.8108931895;0.7199242890;-0.0131915600;0.0075009080;0.6938866891;1620231175.2944819927;-0.0537257669;5.2450540891;1.4840647920;0.7068002674;0.0062591563;0.0071666242;-0.7073491673;242;1620231175.317807465;242
1620231175.3117051125;-0.0222200210;-1.2659216733;1.8108782757;0.7200338651;-0.0131787911;0.0073047657;0.6937753188;1620231175.3026049137;-0.0536990944;5.2450592898;1.4840655953;0.7067947020;0.0062582071;0.0071645146;-0.7073547581;242;1620231175.317807465;242
1620231175.3191440105;-0.0221118099;-1.2658989862;1.8108072287;0.7201780874;-0.0132494087;0.0071878832;0.6936254825;1620231175.3117198944;-0.0537104300;5.2450623848;1.4840632772;0.7067978321;0.0062640308;0.0071709784;-0.7073515135;242;1620231175.317807465;242
1620231175.3360469341;-0.0219925348;-1.2658683922;1.8107034926;0.7202810528;-0.0135068989;0.0069716093;0.6935158003;1620231175.3191580772;-0.0537088409;5.2450597377;1.4840636693;0.7067977931;0.0062590610;0.0071673547;-0.7073516331;243;1620231175.369750145;243
1620231175.3443319798;-0.0219569463;-1.2658552311;1.8105977195;0.7202904874;-0.0137799543;0.0069605159;0.6935007410;1620231175.3360619545;-0.0537062101;5.2450580786;1.4840607813;0.7067967416;0.0062615536;0.0071655044;-0.7073526804;243;1620231175.369750145;243
1620231175.3527460098;-0.0219232431;-1.2658318781;1.8104944104;0.7202917759;-0.0141099181;0.0069495973;0.6934928773;1620231175.3443470001;-0.0537121727;5.2450593475;1.4840674198;0.7067966742;0.0062550785;0.0071635727;-0.7073528246;243;1620231175.369750145;243
1620231175.3611080647;-0.0218825813;-1.2658100727;1.8103915518;0.7203355568;-0.0144917250;0.0069007698;0.6934400154;1620231175.3527600765;-0.0537139873;5.2450581970;1.4840643325;0.7067997625;0.0062596630;0.0071655929;-0.7073496778;244;1620231175.395721545;244
1620231175.3778140545;-0.0218670939;-1.2658181402;1.8101427100;0.7202733988;-0.0151456312;0.0069479604;0.6934901345;1620231175.3611240387;-0.0537050367;5.2450649316;1.4840650038;0.7067975712;0.0062606446;0.0071717406;-0.7073517963;244;1620231175.395721545;244
1620231175.3858749866;-0.0217698260;-1.2657222544;1.8102611835;0.7204467298;-0.0150084036;0.0063074624;0.6933191713;1620231175.3778400421;-0.0537095367;5.2450709447;1.4840642360;0.7067992783;0.0062663426;0.0071741754;-0.7073500155;244;1620231175.395721545;244
1620231175.3947799206;-0.0217431773;-1.2656823815;1.8102426594;0.7203995908;-0.0150227593;0.0061366295;0.6933693734;1620231175.3859159946;-0.0537126983;5.2450649788;1.4840637349;0.7067988178;0.0062615688;0.0071701718;-0.7073505584;244;1620231175.395721545;244
1620231175.4024279118;-0.0217206659;-1.2657192772;1.8101341662;0.7204356291;-0.0151991317;0.0060503732;0.6933288424;1620231175.3947949409;-0.0537059437;5.2450594380;1.4840622152;0.7067954169;0.0062516403;0.0071594015;-0.7073541536;245;1620231175.447664201;245
1620231175.4113988876;-0.0217000658;-1.2657226238;1.8100601055;0.7204299200;-0.0152368587;0.0059928767;0.6933344459;1620231175.4024410248;-0.0537294696;5.2450769570;1.4840631996;0.7067980809;0.0062719216;0.0071820803;-0.7073510822;245;1620231175.447664201;245
1620231175.4194540977;-0.0216823720;-1.2657064080;1.8100334325;0.7204290544;-0.0152137048;0.0058586702;0.6933370009;1620231175.4114151001;-0.0537141363;5.2450669949;1.4840659670;0.7067959488;0.0062555942;0.0071651400;-0.7073535291;245;1620231175.447664201;245
1620231175.4354178905;-0.0216463515;-1.2656791758;1.8100109599;0.7204395180;-0.0151620262;0.0054405102;0.6933306676;1620231175.4194679260;-0.0537135175;5.2450677179;1.4840616796;0.7067988512;0.0062660134;0.0071697180;-0.7073504904;245;1620231175.447664201;245
1620231175.4442479610;-0.0216076523;-1.2656583728;1.8100010046;0.7204690887;-0.0151741568;0.0052484473;0.6933011546;1620231175.4355349541;-0.0537146273;5.2450706642;1.4840625684;0.7068003360;0.0062683994;0.0071756210;-0.7073489257;246;1620231175.473635577;246
1620231175.4522778988;-0.0216029010;-1.2656413226;1.8100102547;0.7204204263;-0.0150609904;0.0050950200;0.6933553323;1620231175.4442629814;-0.0537118501;5.2450715782;1.4840641539;0.7067987766;0.0062667802;0.0071745614;-0.7073505090;246;1620231175.473635577;246
1620231175.4613509178;-0.0215945508;-1.2656229185;1.8100282803;0.7204012421;-0.0148550310;0.0050324642;0.6933801647;1620231175.4522919655;-0.0537109497;5.2450772031;1.4840627347;0.7067976318;0.0062703307;0.0071778042;-0.7073515885;246;1620231175.473635577;246
1620231175.4697840214;-0.0215737524;-1.2656169900;1.8100432235;0.7203375511;-0.0146467300;0.0050542963;0.6934506037;1620231175.4613649845;-0.0537049424;5.2450636321;1.4840660478;0.7067969836;0.0062539346;0.0071624949;-0.7073525365;247;1620231175.499606969;247
1620231175.4872689247;-0.0215883765;-1.2655720505;1.8099850264;0.7201627155;-0.0140532474;0.0056076873;0.6936401973;1620231175.4697980881;-0.0537123943;5.2450729358;1.4840619141;0.7068012008;0.0062705307;0.0071786642;-0.7073480118;247;1620231175.499606969;247
1620231175.4948968887;-0.0215917102;-1.2655450882;1.8099846313;0.7200555295;-0.0137473043;0.0057981574;0.6937560287;1620231175.4872920513;-0.0537130030;5.2450751482;1.4840624802;0.7067975812;0.0062628988;0.0071737345;-0.7073517462;247;1620231175.499606969;247
1620231175.5025439262;-0.0216068231;-1.2655268955;1.8099634616;0.7199747083;-0.0135014611;0.0060785306;0.6938423318;1620231175.4949109554;-0.0537116871;5.2450716076;1.4840636131;0.7067975141;0.0062610947;0.0071720243;-0.7073518465;247;1620231175.499606969;247
1620231175.5124599934;-0.0215896858;-1.2654984564;1.8099342111;0.7198823351;-0.0133875363;0.0062605204;0.6939387606;1620231175.5025629997;-0.0537128332;5.2450742975;1.4840623917;0.7067995709;0.0062662204;0.0071779147;-0.7073496862;248;1620231175.551549601;248
1620231175.5213789940;-0.0216033842;-1.2654715217;1.8099031292;0.7197831067;-0.0133814716;0.0064551998;0.6940400176;1620231175.5125041008;-0.0537187371;5.2450746261;1.4840656498;0.7067997719;0.0062644727;0.0071764717;-0.7073495155;248;1620231175.551549601;248
1620231175.5376439095;-0.0216495892;-1.2654229684;1.8098829464;0.7196471529;-0.0132767179;0.0066673462;0.6941809927;1620231175.5214359760;-0.0537165627;5.2450801091;1.4840630619;0.7068012302;0.0062715439;0.0071809993;-0.7073479497;248;1620231175.551549601;248
1620231175.5453000069;-0.0216464476;-1.2654064229;1.8098849124;0.7195975914;-0.0132340153;0.0066551821;0.6942333008;1620231175.5376598835;-0.0537158516;5.2450798972;1.4840626223;0.7068012744;0.0062673433;0.0071757308;-0.7073479963;248;1620231175.551549601;248
1620231175.5522439480;-0.0216404809;-1.2653774217;1.8099161031;0.7195752228;-0.0130829086;0.0066830756;0.6942590818;1620231175.5453150272;-0.0537182508;5.2450809102;1.4840625156;0.7068022927;0.0062725563;0.0071797906;-0.7073468914;249;1620231175.577521049;249
1620231175.5608489513;-0.0216375484;-1.2653576485;1.8099461381;0.7196310839;-0.0127898452;0.0067588852;0.6942059064;1620231175.5522589684;-0.0537142507;5.2450761605;1.4840627197;0.7068025347;0.0062640989;0.0071735831;-0.7073467874;249;1620231175.577521049;249
1620231175.5685889721;-0.0216066166;-1.2653524208;1.8099607566;0.7196354313;-0.0126502672;0.0068359210;0.6942032030;1620231175.5608730316;-0.0537134114;5.2450810758;1.4840645335;0.7068002503;0.0062688296;0.0071752931;-0.7073490108;249;1620231175.577521049;249
1620231175.5853080750;-0.0215834875;-1.2653331045;1.8100184614;0.7196849055;-0.0121212897;0.0069581079;0.6941601370;1620231175.5686109066;-0.0537218376;5.2450813421;1.4840630237;0.7068008929;0.0062652475;0.0071798690;-0.7073483540;250;1620231175.629463641;250
1620231175.5938439369;-0.0215564374;-1.2653133850;1.8100336590;0.7197398428;-0.0119751679;0.0069178616;0.6941061139;1620231175.5853209496;-0.0537165827;5.2450775157;1.4840641192;0.7067996062;0.0062650382;0.0071756399;-0.7073496845;250;1620231175.629463641;250
1620231175.6020839214;-0.0215365067;-1.2653150820;1.8100093831;0.7197800080;-0.0119511574;0.0070631911;0.6940634130;1620231175.5938599110;-0.0537176607;5.2450830920;1.4840608653;0.7067993604;0.0062670339;0.0071793097;-0.7073498752;250;1620231175.629463641;250
1620231175.6108350754;-0.0214969797;-1.2652790397;1.8099710622;0.7198378288;-0.0120027778;0.0071145001;0.6940020298;1620231175.6020979881;-0.0537126960;5.2450771000;1.4840616153;0.7067995892;0.0062654771;0.0071749316;-0.7073497048;250;1620231175.629463641;250
1620231175.6273710728;-0.0214433342;-1.2652280755;1.8098252206;0.7199341536;-0.0122996732;0.0074346579;0.6938935497;1620231175.6108610630;-0.0537140986;5.2450835898;1.4840628649;0.7068019552;0.0062733382;0.0071805163;-0.7073472143;251;1620231175.655435017;251
1620231175.6442360878;-0.0214161797;-1.2651885549;1.8096513338;0.7200908646;-0.0129104711;0.0076159668;0.6937178559;1620231175.6273880005;-0.0537127342;5.2450690289;1.4840618224;0.7068025235;0.0062636507;0.0071701136;-0.7073468378;251;1620231175.655435017;251
1620231175.6518199444;-0.0213989252;-1.2651455356;1.8095914593;0.7201352695;-0.0132665245;0.0075330461;0.6936659471;1620231175.6442849636;-0.0537366467;5.2450746476;1.4840701662;0.7068001067;0.0062619708;0.0071733842;-0.7073492344;251;1620231175.655435017;251
1620231175.6606440544;-0.0214011093;-1.2651244330;1.8095408632;0.7202350803;-0.0135325781;0.0075103854;0.6935574184;1620231175.6518340111;-0.0537054295;5.2450695016;1.4840633366;0.7068005025;0.0062627900;0.0071680131;-0.7073488861;252;1620231175.707377713;252
1620231175.6777770519;-0.0213597045;-1.2651043433;1.8094616232;0.7203728442;-0.0140404212;0.0072163839;0.6934073519;1620231175.6606609821;-0.0537075189;5.2450703266;1.4840634320;0.7067993090;0.0062675047;0.0071736465;-0.7073499799;252;1620231175.707377713;252
1620231175.6856749058;-0.0213975146;-1.2651169219;1.8094386702;0.7204383525;-0.0140978227;0.0071282793;0.6933390364;1620231175.6777920723;-0.0537050376;5.2450625334;1.4840631686;0.7067981682;0.0062575684;0.0071634145;-0.7073513114;252;1620231175.707377713;252
1620231175.6943879128;-0.0213863101;-1.2651235118;1.8094527313;0.7204929351;-0.0141850887;0.0068904454;0.6932829405;1620231175.6857099533;-0.0537048778;5.2450706680;1.4840654709;0.7067987521;0.0062670732;0.0071696989;-0.7073505802;253;1620231175.733349145;253
1620231175.7019131184;-0.0212624228;-1.2651011735;1.8094843677;0.7207019171;-0.0142420607;0.0065263788;0.6930680463;1620231175.6944010258;-0.0537042943;5.2450656398;1.4840635398;0.7067983071;0.0062604133;0.0071677649;-0.7073511033;253;1620231175.733349145;253
1620231175.7113609314;-0.0212275975;-1.2650536546;1.8095829327;0.7207951004;-0.0140639878;0.0061957781;0.6929778061;1620231175.7019259930;-0.0537069582;5.2450639659;1.4840661930;0.7067996941;0.0062615631;0.0071686397;-0.7073496984;253;1620231175.733349145;253
1620231175.7188179493;-0.0211623745;-1.2649842006;1.8097056599;0.7208734346;-0.0138231795;0.0058082699;0.6929045208;1620231175.7113759518;-0.0537071666;5.2450746980;1.4840669250;0.7067986088;0.0062694873;0.0071764855;-0.7073506331;253;1620231175.733349145;253
1620231175.7355339527;-0.0211825842;-1.2649659944;1.8096755697;0.7208411691;-0.0137956006;0.0057703997;0.6929389531;1620231175.7188589573;-0.0536986359;5.2450564407;1.4840664455;0.7067976859;0.0062514493;0.0071558165;-0.7073519243;254;1620231175.759320489;254
1620231175.7446320057;-0.0211929540;-1.2649798304;1.8096030921;0.7207699844;-0.0139818369;0.0058660389;0.6930084613;1620231175.7355709076;-0.0537061084;5.2450628381;1.4840641839;0.7068004872;0.0062645066;0.0071683678;-0.7073488826;254;1620231175.759320489;254
1620231175.7517540455;-0.0212421338;-1.2649696777;1.8095796813;0.7206203911;-0.0139369772;0.0059242122;0.6931644223;1620231175.7446470261;-0.0537080690;5.2450714526;1.4840665139;0.7067989150;0.0062639334;0.0071726557;-0.7073504153;254;1620231175.759320489;254
1620231175.7607219219;-0.0212498840;-1.2649530019;1.8095768429;0.7205480580;-0.0138592180;0.0059680938;0.6932407951;1620231175.7517681122;-0.0537059753;5.2450689519;1.4840640309;0.7068018194;0.0062672903;0.0071714623;-0.7073474955;254;1620231175.759320489;254
1620231175.7685260773;-0.0212382673;-1.2649451750;1.8095721670;0.7205315023;-0.0137595817;0.0060246047;0.6932594985;1620231175.7607369423;-0.0537048706;5.2450653445;1.4840677137;0.7067988533;0.0062591320;0.0071652587;-0.7073505943;255;1620231175.811263129;255
1620231175.7775070667;-0.0212591879;-1.2649374407;1.8095558324;0.7204205885;-0.0135922238;0.0061694253;0.6933767845;1620231175.7685499191;-0.0537044558;5.2450639134;1.4840688395;0.7067994356;0.0062574868;0.0071658101;-0.7073500215;255;1620231175.811263129;255
1620231175.7941820621;-0.0213685260;-1.2649095129;1.8095729931;0.7201433213;-0.0130927866;0.0065376328;0.6936709847;1620231175.7775340080;-0.0537128040;5.2450628247;1.4840700254;0.7067991875;0.0062593489;0.0071690044;-0.7073502206;255;1620231175.811263129;255
1620231175.8022420406;-0.0213367692;-1.2648843367;1.8095846199;0.7200662756;-0.0130564238;0.0064827501;0.6937521621;1620231175.7941949368;-0.0537082537;5.2450610542;1.4840666928;0.7068007131;0.0062578823;0.0071671021;-0.7073487283;256;1620231175.837234473;256
1620231175.8242769241;-0.0214167070;-1.2648471042;1.8095973979;0.7198687704;-0.0129787024;0.0067262999;0.6939562404;1620231175.8022649288;-0.0537032740;5.2450725300;1.4840641143;0.7067977179;0.0062662659;0.0071745167;-0.7073515718;256;1620231175.837234473;256
1620231175.8384850025;-0.0213673401;-1.2648175472;1.8096016693;0.7198652874;-0.0130834097;0.0066317584;0.6939587972;1620231175.8242990971;-0.0537116078;5.2450646880;1.4840643130;0.7067993052;0.0062625772;0.0071708311;-0.7073500558;257;1620231175.889177249;257
1620231175.8517560959;-0.0214632934;-1.2648017356;1.8097101023;0.7196617080;-0.0130272097;0.0066133727;0.6941711469;1620231175.8385090828;-0.0537070846;5.2450681405;1.4840652701;0.7067988329;0.0062596301;0.0071706513;-0.7073505557;257;1620231175.889177249;257
1620231175.8624401093;-0.0213927486;-1.2647909380;1.8097547966;0.7196794711;-0.0130140820;0.0065151532;0.6941539060;1620231175.8517689705;-0.0537080866;5.2450699537;1.4840672416;0.7067996773;0.0062671334;0.0071757159;-0.7073495941;257;1620231175.889177249;257
1620231175.8691599369;-0.0214214764;-1.2647843928;1.8098116849;0.7196329919;-0.0128049139;0.0065701109;0.6942054629;1620231175.8624639511;-0.0537049485;5.2450622645;1.4840693038;0.7067986250;0.0062583578;0.0071653478;-0.7073508284;257;1620231175.889177249;257
1620231175.8847041130;-0.0213638235;-1.2647897042;1.8099264470;0.7196482588;-0.0122476313;0.0067111626;0.6941983430;1620231175.8691821098;-0.0537113295;5.2450673480;1.4840688216;0.7067976922;0.0062624249;0.0071698552;-0.7073516788;258;1620231175.915148641;258
1620231175.8934350014;-0.0213527143;-1.2647900627;1.8099861442;0.7196645586;-0.0118426826;0.0068299930;0.6941873127;1620231175.8847301006;-0.0537077629;5.2450694382;1.4840677775;0.7068001507;0.0062665752;0.0071738023;-0.7073491455;258;1620231175.915148641;258
1620231175.9011580944;-0.0213168116;-1.2647944031;1.8100298051;0.7196850513;-0.0114862760;0.0070159754;0.6941702013;1620231175.8934469223;-0.0537064862;5.2450699904;1.4840682789;0.7067990535;0.0062692151;0.0071763882;-0.7073501922;258;1620231175.915148641;258
1620231175.9101889133;-0.0212642724;-1.2647924234;1.8100538070;0.7197248400;-0.0112115239;0.0072382309;0.6941311579;1620231175.9011690617;-0.0537059457;5.2450659028;1.4840687258;0.7067984291;0.0062662116;0.0071729461;-0.7073508776;259;1620231175.941120001;259
1620231175.9266049862;-0.0212162766;-1.2647682012;1.8100929015;0.7197248784;-0.0107376547;0.0078659235;0.6941317810;1620231175.9102010727;-0.0537048280;5.2450657342;1.4840703804;0.7067991526;0.0062654778;0.0071722014;-0.7073501688;259;1620231175.941120001;259
1620231175.9345519543;-0.0212063380;-1.2647614691;1.8100418884;0.7196947288;-0.0107822990;0.0080990295;0.6941596683;1620231175.9266180992;-0.0537018061;5.2450623991;1.4840704192;0.7067993871;0.0062629800;0.0071694802;-0.7073499841;259;1620231175.941120001;259
1620231175.9434831142;-0.0211773837;-1.2647424047;1.8100059499;0.7197229430;-0.0109267718;0.0083615188;0.6941250435;1620231175.9345629215;-0.0537067050;5.2450607603;1.4840711989;0.7067969375;0.0062566596;0.0071643954;-0.7073525392;259;1620231175.941120001;259
1620231175.9518270493;-0.0211482166;-1.2647475542;1.8099412377;0.7197939513;-0.0112963349;0.0086294792;0.6940422124;1620231175.9435040951;-0.0537118050;5.2450669915;1.4840693919;0.7067990003;0.0062669479;0.0071767192;-0.7073502621;260;1620231175.993062713;260
1620231175.9599320889;-0.0211314388;-1.2647199422;1.8098736030;0.7197372569;-0.0116999569;0.0087695255;0.6940925640;1620231175.9518389702;-0.0537240276;5.2450701668;1.4840705075;0.7067964440;0.0062673906;0.0071776529;-0.7073528030;260;1620231175.993062713;260
1620231175.9767439365;-0.0210681594;-1.2647133355;1.8097760636;0.7198095874;-0.0125635204;0.0088319821;0.6940016657;1620231175.9599459171;-0.0537082070;5.2450587912;1.4840686526;0.7067978506;0.0062559502;0.0071643541;-0.7073516335;260;1620231175.993062713;260
1620231175.9847600460;-0.0210726839;-1.2647264372;1.8096939895;0.7197679554;-0.0131681348;0.0087214819;0.6940350325;1620231175.9767560959;-0.0537123381;5.2450584917;1.4840693980;0.7067993676;0.0062599364;0.0071664665;-0.7073500610;260;1620231175.993062713;260
1620231175.9936940670;-0.0210359354;-1.2647399427;1.8096348610;0.7198246322;-0.0135760446;0.0088625291;0.6939666025;1620231175.9847710133;-0.0537342724;5.2450567500;1.4840760585;0.7067989869;0.0062526226;0.0071617135;-0.7073505543;261;1620231176.019033961;261
1620231176.0014410019;-0.0210049584;-1.2647480796;1.8096037817;0.7198378442;-0.0139302421;0.0087880708;0.6939468252;1620231175.9937059879;-0.0537063115;5.2450497526;1.4840698030;0.7067982042;0.0062512860;0.0071585825;-0.7073513800;261;1620231176.019033961;261
1620231176.0100851059;-0.0209986260;-1.2647336002;1.8096577146;0.7198714614;-0.0140291235;0.0084384641;0.6939142995;1620231176.0014529228;-0.0537048517;5.2450546926;1.4840687545;0.7067996479;0.0062546514;0.0071635823;-0.7073498570;261;1620231176.019033961;261
1620231176.0180211067;-0.0208768814;-1.2646669150;1.8098374025;0.7201016236;-0.0137564309;0.0078970273;0.6936872849;1620231176.0100970268;-0.0537095424;5.2450503488;1.4840692830;0.7067986535;0.0062489740;0.0071572120;-0.7073509652;261;1620231176.019033961;261
1620231176.0348091125;-0.0208279073;-1.2646919759;1.8099104333;0.7202229267;-0.0135412753;0.0075705518;0.6935692154;1620231176.0180320740;-0.0537042201;5.2450606774;1.4840674946;0.7067984091;0.0062606613;0.0071649511;-0.7073510278;262;1620231176.070976761;262
1620231176.0433590412;-0.0207660749;-1.2646981559;1.8099175847;0.7202830882;-0.0133718684;0.0074893039;0.6935109057;1620231176.0348200798;-0.0537079063;5.2450542754;1.4840676732;0.7067992895;0.0062584734;0.0071644118;-0.7073501728;262;1620231176.070976761;262
1620231176.0515799522;-0.0207511441;-1.2646994589;1.8099434034;0.7202873714;-0.0131533870;0.0073747102;0.6935118634;1620231176.0433719158;-0.0537077571;5.2450546538;1.4840682690;0.7068020121;0.0062572304;0.0071628857;-0.7073474788;262;1620231176.070976761;262
1620231176.0599710941;-0.0206552754;-1.2646836860;1.8099523166;0.7203851972;-0.0130592726;0.0071772766;0.6934140969;1620231176.0515921116;-0.0537067297;5.2450509988;1.4840694876;0.7068012881;0.0062542377;0.0071602720;-0.7073482552;263;1620231176.096948049;263
1620231176.0766329765;-0.0205344186;-1.2646654598;1.8099164826;0.7204834790;-0.0132184797;0.0069788896;0.6933109860;1620231176.0599830151;-0.0537023834;5.2450567257;1.4840677283;0.7068006854;0.0062617239;0.0071659152;-0.7073487341;263;1620231176.096948049;263
1620231176.0850279331;-0.0204571329;-1.2646536104;1.8098411812;0.7205822272;-0.0134938720;0.0069415320;0.6932034221;1620231176.0766460896;-0.0537124954;5.2450480201;1.4840682955;0.7068013032;0.0062490804;0.0071572969;-0.7073483158;263;1620231176.096948049;263
1620231176.0937130451;-0.0204798366;-1.2646392636;1.8097743421;0.7205237823;-0.0137779436;0.0069361193;0.6932586369;1620231176.0850389004;-0.0537285185;5.2450594046;1.4840710896;0.7068012218;0.0062585109;0.0071651052;-0.7073482347;263;1620231176.096948049;263
1620231176.1017010212;-0.0204735701;-1.2646487807;1.8096294481;0.7204911516;-0.0143043400;0.0070735013;0.6932805001;1620231176.0938770771;-0.0536996583;5.2450492791;1.4840643323;0.7068021531;0.0062542277;0.0071578930;-0.7073474151;264;1620231176.148890793;264
1620231176.1101698875;-0.0204550527;-1.2646558284;1.8094948740;0.7205054282;-0.0147911085;0.0070497148;0.6932556906;1620231176.1017129421;-0.0537065204;5.2450529405;1.4840696720;0.7068011207;0.0062559437;0.0071629115;-0.7073483807;264;1620231176.148890793;264
1620231176.1272389889;-0.0204606969;-1.2646358796;1.8093108695;0.7204923208;-0.0156707982;0.0068520103;0.6932519684;1620231176.1101920605;-0.0537065065;5.2450467523;1.4840696647;0.7068038024;0.0062544453;0.0071595260;-0.7073457486;264;1620231176.148890793;264
1620231176.1347959042;-0.0204442035;-1.2646272525;1.8092693695;0.7205133436;-0.0159694826;0.0066419885;0.6932253468;1620231176.1272521019;-0.0537054853;5.2450476347;1.4840675823;0.7068025188;0.0062574839;0.0071617951;-0.7073469814;264;1620231176.148890793;264
1620231176.1439681053;-0.0204549489;-1.2646197084;1.8092394808;0.7204611639;-0.0161843742;0.0064625488;0.6932762889;1620231176.1348071098;-0.0537107471;5.2450588083;1.4840686548;0.7068022049;0.0062660003;0.0071730640;-0.7073471054;265;1620231176.174862153;265
1620231176.1515789032;-0.0203374625;-1.2645330516;1.8093123568;0.7206652656;-0.0160907898;0.0059272974;0.6930710848;1620231176.1439800262;-0.0536982522;5.2450471482;1.4840708675;0.7067985933;0.0062472103;0.0071545575;-0.7073510679;265;1620231176.174862153;265
1620231176.1605849266;-0.0204227992;-1.2646304708;1.8092817988;0.7205314058;-0.0161464789;0.0058586866;0.6932095356;1620231176.1515910625;-0.0537080766;5.2450552576;1.4840658709;0.7068019340;0.0062652314;0.0071710843;-0.7073474030;265;1620231176.174862153;265
1620231176.1771829128;-0.0202420504;-1.2645220230;1.8094365657;0.7208463210;-0.0157223347;0.0051004638;0.6928978099;1620231176.1605980396;-0.0537102140;5.2450460677;1.4840652031;0.7068036336;0.0062562892;0.0071636496;-0.7073458592;265;1620231176.174862153;265
1620231176.1847810745;-0.0203412736;-1.2646134807;1.8094013547;0.7206989848;-0.0156410773;0.0052048041;0.6930521193;1620231176.1772129536;-0.0537149168;5.2450508347;1.4840647208;0.7068046928;0.0062611621;0.0071685917;-0.7073447076;266;1620231176.200833505;266
1620231176.1936988831;-0.0202274446;-1.2645079667;1.8094985824;0.7209144186;-0.0153684869;0.0047968064;0.6928370669;1620231176.1847929955;-0.0537104953;5.2450519539;1.4840672590;0.7068025020;0.0062596443;0.0071673982;-0.7073469223;266;1620231176.200833505;266
1620231176.2015070915;-0.0203093006;-1.2645773861;1.8095093506;0.7207946824;-0.0153119369;0.0048145533;0.6929627627;1620231176.1937110424;-0.0537111538;5.2450483128;1.4840681056;0.7068030875;0.0062573380;0.0071654950;-0.7073463769;266;1620231176.200833505;266
1620231176.2101190090;-0.0202643038;-1.2645576812;1.8095243355;0.7208489282;-0.0152829750;0.0046268657;0.6929082518;1620231176.2015190125;-0.0537141726;5.2450504940;1.4840652102;0.7068060305;0.0062658674;0.0071706651;-0.7073433082;267;1620231176.252776169;267
1620231176.2268168926;-0.0203068414;-1.2645180388;1.8095844119;0.7207290698;-0.0150194835;0.0045118203;0.6930394409;1620231176.2101309299;-0.0537135463;5.2450452966;1.4840653716;0.7068027928;0.0062595200;0.0071619983;-0.7073466875;267;1620231176.252776169;267
1620231176.2434909344;-0.0203218843;-1.2644844420;1.8096433363;0.7206611875;-0.0144909111;0.0047565830;0.6931196442;1620231176.2268290520;-0.0537121479;5.2450472979;1.4840666645;0.7068032866;0.0062604445;0.0071666970;-0.7073461382;267;1620231176.252776169;267
1620231176.2515408993;-0.0203354349;-1.2644911358;1.8096238691;0.7205878524;-0.0143510021;0.0049701821;0.6931972973;1620231176.2435030937;-0.0537117614;5.2450471845;1.4840640117;0.7068032954;0.0062634936;0.0071687405;-0.7073460818;268;1620231176.278747497;268
1620231176.2600789070;-0.0203583414;-1.2645188343;1.8096095653;0.7205090781;-0.0140769207;0.0053232035;0.6932821736;1620231176.2515530586;-0.0537084250;5.2450420266;1.4840664661;0.7068039987;0.0062611344;0.0071644567;-0.7073454433;268;1620231176.278747497;268
1620231176.2770180702;-0.0203177313;-1.2643791100;1.8098914602;0.7204673669;-0.0130602804;0.0052986465;0.6933456040;1620231176.2600910664;-0.0537114769;5.2450464274;1.4840676376;0.7068033388;0.0062615897;0.0071678703;-0.7073460641;268;1620231176.278747497;268
1620231176.2850329876;-0.0203654212;-1.2643581032;1.8098799774;0.7203245095;-0.0128681774;0.0055929628;0.6934952990;1620231176.2770299911;-0.0537128008;5.2450375320;1.4840622165;0.7068037530;0.0062574786;0.0071624123;-0.7073457419;268;1620231176.278747497;268
1620231176.2935910225;-0.0204004843;-1.2643675664;1.8098373582;0.7202392935;-0.0128740702;0.0058937193;0.6935812011;1620231176.2850439548;-0.0537351844;5.2450565818;1.4840692406;0.7068033818;0.0062713199;0.0071811674;-0.7073458001;269;1620231176.330690193;269
1620231176.3014791012;-0.0204683150;-1.2643731250;1.8098073345;0.7201303697;-0.0129568434;0.0061379126;0.6936906348;1620231176.2936029434;-0.0537082576;5.2450480344;1.4840612791;0.7068042855;0.0062737684;0.0071745300;-0.7073449427;269;1620231176.330690193;269
1620231176.3102169037;-0.0204975512;-1.2643707382;1.8098100345;0.7200857030;-0.0129426354;0.0062749285;0.6937360404;1620231176.3014900684;-0.0537083146;5.2450444746;1.4840655469;0.7068040861;0.0062687065;0.0071722598;-0.7073452099;269;1620231176.330690193;269
1620231176.3269000053;-0.0205187756;-1.2643610155;1.8098672146;0.7201101598;-0.0127507361;0.0065634872;0.6937115374;1620231176.3102290630;-0.0537169893;5.2450471901;1.4840638188;0.7068036132;0.0062690815;0.0071773545;-0.7073456273;270;1620231176.356661561;270
1620231176.3435940742;-0.0205982645;-1.2643705815;1.8099840266;0.7200476029;-0.0123005119;0.0068329940;0.6937819954;1620231176.3269240856;-0.0537172012;5.2450407726;1.4840641574;0.7068030826;0.0062638252;0.0071725977;-0.7073462524;270;1620231176.356661561;270
1620231176.3516299725;-0.0206390674;-1.2643602165;1.8100527956;0.7199235264;-0.0119912155;0.0068822914;0.6939156728;1620231176.3436160088;-0.0537148322;5.2450422476;1.4840613857;0.7068037007;0.0062689156;0.0071748608;-0.7073455667;270;1620231176.356661561;270
1620231176.3602778912;-0.0206413218;-1.2643732180;1.8101262724;0.7198846296;-0.0116557040;0.0069761128;0.6939608047;1620231176.3516540527;-0.0537344948;5.2450406073;1.4840704362;0.7068040553;0.0062639639;0.0071734454;-0.7073452706;271;1620231176.382633025;271
1620231176.3769319057;-0.0206452240;-1.2643893380;1.8102220640;0.7199296663;-0.0110252562;0.0073073481;0.6939209768;1620231176.3602900505;-0.0537039517;5.2450336990;1.4840647562;0.7068022815;0.0062561219;0.0071621484;-0.7073472269;271;1620231176.382633025;271
1620231176.3849689960;-0.0206055483;-1.2643973651;1.8102174453;0.7199532933;-0.0109886233;0.0074480223;0.6938955487;1620231176.3769559860;-0.0537302841;5.2450351428;1.4840712555;0.7068021307;0.0062602701;0.0071668250;-0.7073472935;271;1620231176.382633025;271
1620231176.3935880661;-0.0206239246;-1.2643979091;1.8102033103;0.7199138934;-0.0108964805;0.0077771681;0.6939342682;1620231176.3849799633;-0.0537104533;5.2450383432;1.4840637206;0.7068041603;0.0062676090;0.0071737203;-0.7073451306;272;1620231176.434575665;272
1620231176.4015030861;-0.0206307481;-1.2643942471;1.8101777814;0.7198721127;-0.0109900224;0.0079735521;0.6939739067;1620231176.3936069012;-0.0537089111;5.2450423724;1.4840636554;0.7068037154;0.0062674864;0.0071767684;-0.7073455453;272;1620231176.434575665;272
1620231176.4102370739;-0.0206009212;-1.2643860332;1.8101341658;0.7199183018;-0.0112631289;0.0081659192;0.6939193745;1620231176.4015150070;-0.0537106382;5.2450359472;1.4840651849;0.7068028702;0.0062615447;0.0071702525;-0.7073465086;272;1620231176.434575665;272
1620231176.4266738892;-0.0205955135;-1.2642883121;1.8100611083;0.7199999843;-0.0118818317;0.0083732680;0.6938218310;1620231176.4102489948;-0.0537037308;5.2450341744;1.4840657185;0.7068023957;0.0062655138;0.0071706208;-0.7073469439;272;1620231176.434575665;272
1620231176.4348919392;-0.0206604860;-1.2643574748;1.8100097643;0.7199928335;-0.0121978295;0.0087565196;0.6938190370;1620231176.4266850948;-0.0537055400;5.2450331087;1.4840622083;0.7068023951;0.0062643791;0.0071713544;-0.7073469470;273;1620231176.460547001;273
1620231176.4514839649;-0.0206165109;-1.2643134292;1.8100740597;0.7202240261;-0.0125613897;0.0083946470;0.6935770279;1620231176.4349040985;-0.0537067511;5.2450370513;1.4840650008;0.7068001788;0.0062600963;0.0071697001;-0.7073492164;273;1620231176.460547001;273
1620231176.4599881172;-0.0207230077;-1.2644579144;1.8100191062;0.7203071962;-0.0127108159;0.0083137483;0.6934889039;1620231176.4514980316;-0.0537034744;5.2450342464;1.4840618511;0.7067997539;0.0062664573;0.0071732170;-0.7073495489;273;1620231176.460547001;273
1620231176.4769339561;-0.0206327270;-1.2644626592;1.8101168220;0.7203462554;-0.0127156634;0.0081208357;0.6934505291;1620231176.4600009918;-0.0537052424;5.2450379328;1.4840662629;0.7067999581;0.0062651753;0.0071748222;-0.7073493399;274;1620231176.512489777;274
1620231176.4850010872;-0.0205465038;-1.2644685525;1.8101493876;0.7204625835;-0.0127877590;0.0077557066;0.6933325234;1620231176.4769470692;-0.0537056144;5.2450383422;1.4840675723;0.7067996726;0.0062669121;0.0071767553;-0.7073495902;274;1620231176.512489777;274
1620231176.4934539795;-0.0204800584;-1.2644711196;1.8101790834;0.7206105420;-0.0127082662;0.0076344267;0.6931815507;1620231176.4850130081;-0.0537055252;5.2450373690;1.4840667494;0.7068001176;0.0062685029;0.0071744972;-0.7073491544;274;1620231176.512489777;274
1620231176.5015690327;-0.0204867606;-1.2644730012;1.8101815026;0.7206005696;-0.0128086177;0.0075089003;0.6931914417;1620231176.4934659004;-0.0537043008;5.2450420655;1.4840642872;0.7068017575;0.0062716951;0.0071831235;-0.7073473999;275;1620231176.538461105;275
1620231176.5099880695;-0.0204896395;-1.2644815973;1.8101470842;0.7206354844;-0.0130626348;0.0073308335;0.6931523102;1620231176.5015799999;-0.0537014528;5.2450372829;1.4840613395;0.7068018864;0.0062723338;0.0071802992;-0.7073472941;275;1620231176.538461105;275
1620231176.5268490314;-0.0205408168;-1.2644839630;1.8100600607;0.7206405657;-0.0135787832;0.0072469835;0.6931379898;1620231176.5100009441;-0.0537051966;5.2450424516;1.4840592953;0.7068011529;0.0062768918;0.0071849285;-0.7073479396;275;1620231176.538461105;275
1620231176.5348589420;-0.0204626735;-1.2644785338;1.8100028987;0.7206572795;-0.0140267143;0.0069899022;0.6931143326;1620231176.5268619061;-0.0537030665;5.2450495145;1.4840634765;0.7067989109;0.0062777563;0.0071851539;-0.7073501700;275;1620231176.538461105;275
1620231176.5437440872;-0.0204061714;-1.2644654822;1.8099736669;0.7207698933;-0.0142868414;0.0068362476;0.6929934435;1620231176.5348711014;-0.0537022119;5.2450426363;1.4840620747;0.7068006211;0.0062757702;0.0071809811;-0.7073485211;276;1620231176.564432449;276
1620231176.5515658855;-0.0203947769;-1.2644994217;1.8098846221;0.7207810402;-0.0146321259;0.0068625222;0.6929743853;1620231176.5437729359;-0.0537080786;5.2450476457;1.4840626831;0.7068021596;0.0062846470;0.0071905067;-0.7073468081;276;1620231176.564432449;276
1620231176.5603909492;-0.0204415940;-1.2645426334;1.8098252225;0.7206989754;-0.0148515666;0.0069357217;0.6930543367;1620231176.5515789986;-0.0537097457;5.2450373784;1.4840620799;0.7068007692;0.0062705700;0.0071810699;-0.7073484183;276;1620231176.564432449;276
1620231176.5768179893;-0.0203734184;-1.2644578943;1.8100662618;0.7208166415;-0.0145160008;0.0061585569;0.6929464101;1620231176.5604259968;-0.0537012225;5.2450406531;1.4840658401;0.7067983949;0.0062697551;0.0071788998;-0.7073508200;277;1620231176.616375161;277
1620231176.5849149227;-0.0203837084;-1.2645112320;1.8100387131;0.7207728374;-0.0146211670;0.0061029159;0.6929902545;1620231176.5768330097;-0.0536987597;5.2450376034;1.4840613939;0.7068030768;0.0062739003;0.0071774643;-0.7073461195;277;1620231176.616375161;277
1620231176.5934751034;-0.0204133271;-1.2645353865;1.8100107534;0.7207717174;-0.0146366868;0.0060323523;0.6929917096;1620231176.5849280357;-0.0536919035;5.2450336213;1.4840611006;0.7067987109;0.0062615426;0.0071633704;-0.7073507344;277;1620231176.616375161;277
1620231176.6014959812;-0.0204317480;-1.2645513416;1.8100761357;0.7207679656;-0.0145445547;0.0058048370;0.6929994946;1620231176.5935029984;-0.0537064243;5.2450347359;1.4840609852;0.7067997269;0.0062697330;0.0071762342;-0.7073495162;277;1620231176.616375161;277
1620231176.6103620529;-0.0204403750;-1.2645730513;1.8100917041;0.7207608164;-0.0146130522;0.0055323638;0.6930077180;1620231176.6015079021;-0.0537060858;5.2450296432;1.4840622109;0.7068018323;0.0062665455;0.0071710798;-0.7073474930;278;1620231176.642346441;278
1620231176.6267681122;-0.0204613459;-1.2645974166;1.8101681253;0.7207077202;-0.0142725065;0.0053555676;0.6930714216;1620231176.6103889942;-0.0537069252;5.2450283477;1.4840626338;0.7067999382;0.0062602635;0.0071694465;-0.7073494578;278;1620231176.642346441;278
1620231176.6348869801;-0.0204453920;-1.2646074676;1.8102211587;0.7207025785;-0.0140832632;0.0053187295;0.6930809233;1620231176.6267800331;-0.0537266388;5.2450320842;1.4840694208;0.7068007571;0.0062584836;0.0071688803;-0.7073486611;278;1620231176.642346441;278
1620231176.6434259415;-0.0205265593;-1.2646140896;1.8102672200;0.7205735618;-0.0136931488;0.0055598004;0.6932209809;1620231176.6348989010;-0.0537015107;5.2450279799;1.4840647059;0.7068020088;0.0062628665;0.0071666309;-0.7073473943;278;1620231176.642346441;278
1620231176.6514289379;-0.0205068739;-1.2646125200;1.8103028737;0.7204919315;-0.0134781851;0.0056854626;0.6933090153;1620231176.6434550285;-0.0537073652;5.2450340884;1.4840608333;0.7068014637;0.0062691775;0.0071766387;-0.7073477817;279;1620231176.694289217;279
1620231176.6611020565;-0.0205373603;-1.2646245871;1.8103413465;0.7204291187;-0.0131999614;0.0058897391;0.6933779322;1620231176.6514399052;-0.0537100306;5.2450289533;1.4840607077;0.7068019637;0.0062629379;0.0071693618;-0.7073474111;279;1620231176.694289217;279
1620231176.6773951054;-0.0206405973;-1.2646478451;1.8104113699;0.7201588493;-0.0127479144;0.0065400622;0.6936612646;1620231176.6611249447;-0.0537052775;5.2450295627;1.4840625099;0.7067995599;0.0062602024;0.0071686042;-0.7073498449;279;1620231176.694289217;279
1620231176.6943969727;-0.0206851195;-1.2646743619;1.8104385203;0.7202598288;-0.0125710853;0.0069714320;0.6935554383;1620231176.6774060726;-0.0537061151;5.2450346864;1.4840606283;0.7068023603;0.0062704230;0.0071771559;-0.7073468694;280;1620231176.720260513;280
1620231176.7023839951;-0.0206485410;-1.2646652473;1.8104417772;0.7200424322;-0.0128952756;0.0070412734;0.6937744793;1620231176.6944200993;-0.0537286866;5.2450308965;1.4840708392;0.7067987851;0.0062573276;0.0071674602;-0.7073506562;280;1620231176.720260513;280
1620231176.7102138996;-0.0206055680;-1.2646615319;1.8104610397;0.7200872592;-0.0129402771;0.0071146213;0.6937263658;1620231176.7024049759;-0.0537113872;5.2450397005;1.4840629675;0.7067998570;0.0062693071;0.0071815213;-0.7073493364;280;1620231176.720260513;280
1620231176.7273180485;-0.0206387524;-1.2647051553;1.8105259317;0.7200765579;-0.0128671893;0.0071606724;0.6937383592;1620231176.7102351189;-0.0537052057;5.2450374477;1.4840611701;0.7068001869;0.0062654012;0.0071746051;-0.7073491116;281;1620231176.746231873;281
1620231176.7359309196;-0.0206492396;-1.2647380964;1.8105673286;0.7200647026;-0.0127903098;0.0072401906;0.6937512607;1620231176.7273380756;-0.0537007041;5.2450355268;1.4840621929;0.7068022642;0.0062681951;0.0071700331;-0.7073470575;281;1620231176.746231873;281
1620231176.7444350719;-0.0206418879;-1.2647656117;1.8106092186;0.7201157408;-0.0126525453;0.0073097198;0.6937000800;1620231176.7359499931;-0.0537085747;5.2450369056;1.4840604051;0.7068008237;0.0062694993;0.0071761425;-0.7073484233;281;1620231176.746231873;281
1620231176.7521810532;-0.0206703889;-1.2647884857;1.8106817864;0.7200716964;-0.0124653610;0.0072547923;0.6937497639;1620231176.7444579601;-0.0537053760;5.2450356489;1.4840610202;0.7068033053;0.0062657244;0.0071733243;-0.7073460057;281;1620231176.746231873;281
1620231176.7608499527;-0.0206281325;-1.2648111817;1.8107292787;0.7202179246;-0.0123314541;0.0071781205;0.6936011468;1620231176.7521929741;-0.0537351714;5.2450429205;1.4840645134;0.7068026612;0.0062718906;0.0071853699;-0.7073464724;282;1620231176.798174569;282
1620231176.7774798870;-0.0205769551;-1.2648476880;1.8107824504;0.7203847832;-0.0122956661;0.0070510443;0.6934297826;1620231176.7608621120;-0.0537068182;5.2450404260;1.4840622221;0.7068011437;0.0062722331;0.0071793484;-0.7073480468;282;1620231176.798174569;282
1620231176.7942531109;-0.0205703261;-1.2648591772;1.8107356829;0.7205279388;-0.0125706288;0.0071146307;0.6932754508;1620231176.7775011063;-0.0537080754;5.2450481271;1.4840633099;0.7068028576;0.0062786382;0.0071842257;-0.7073462279;283;1620231176.824146009;283
1620231176.8028519154;-0.0205350591;-1.2648738454;1.8107078896;0.7206293645;-0.0128079896;0.0071163436;0.6931656599;1620231176.7942750454;-0.0537119019;5.2450432672;1.4840648314;0.7068029531;0.0062689727;0.0071756055;-0.7073463056;283;1620231176.824146009;283
1620231176.8110620975;-0.0205482584;-1.2648820116;1.8106432740;0.7206599724;-0.0130833564;0.0072112380;0.6931277140;1620231176.8028728962;-0.0537155682;5.2450301384;1.4840596089;0.7068076841;0.0062689328;0.0071736104;-0.7073415989;283;1620231176.824146009;283
1620231176.8185889721;-0.0205569830;-1.2649093914;1.8105720790;0.7206909007;-0.0134391529;0.0073162401;0.6930876477;1620231176.8110840321;-0.0537130231;5.2450351404;1.4840594985;0.7068066623;0.0062712110;0.0071754576;-0.7073425809;283;1620231176.824146009;283
1620231176.8354520798;-0.0205681941;-1.2648805260;1.8106571901;0.7206957028;-0.0135447905;0.0070567547;0.6930832885;1620231176.8186080456;-0.0537097490;5.2450395984;1.4840583918;0.7068033198;0.0062706672;0.0071774440;-0.7073459056;284;1620231176.876088729;284
1620231176.8441700935;-0.0205103512;-1.2648653563;1.8106984371;0.7208652164;-0.0134948107;0.0070403402;0.6929081206;1620231176.8354730606;-0.0537119475;5.2450407333;1.4840610981;0.7068049109;0.0062716014;0.0071766921;-0.7073443151;284;1620231176.876088729;284
1620231176.8521471024;-0.0205806951;-1.2649287184;1.8105930797;0.7207269097;-0.0138043932;0.0070288238;0.6930459985;1620231176.8441829681;-0.0537093918;5.2450356951;1.4840585488;0.7068056418;0.0062688748;0.0071727809;-0.7073436486;284;1620231176.876088729;284
1620231176.8602020741;-0.0205801228;-1.2649712826;1.8105739441;0.7207668858;-0.0139266690;0.0069731175;0.6930025395;1620231176.8521690369;-0.0537136850;5.2450356340;1.4840616693;0.7068047312;0.0062644790;0.0071726407;-0.7073445988;285;1620231176.902060065;285
1620231176.8766839504;-0.0205683021;-1.2650094000;1.8105965248;0.7207988065;-0.0139825695;0.0066637791;0.6929712565;1620231176.8602139950;-0.0537074196;5.2450366651;1.4840598793;0.7068037793;0.0062668661;0.0071734034;-0.7073455211;285;1620231176.902060065;285
1620231176.8938689232;-0.0205716618;-1.2650469084;1.8106110672;0.7208067120;-0.0139685789;0.0065368456;0.6929645246;1620231176.8767340183;-0.0537142646;5.2450289789;1.4840572542;0.7068073832;0.0062632685;0.0071682431;-0.7073420041;285;1620231176.902060065;285
1620231176.9027500153;-0.0205239324;-1.2650480383;1.8106562963;0.7208814858;-0.0138252419;0.0065597014;0.6928893969;1620231176.8938910961;-0.0537162679;5.2450391593;1.4840602722;0.7068050899;0.0062671885;0.0071765925;-0.7073441763;286;1620231176.928031433;286
1620231176.9110839367;-0.0205614822;-1.2650581675;1.8106744675;0.7207955748;-0.0137096986;0.0065915927;0.6929807605;1620231176.9028000832;-0.0537160145;5.2450312027;1.4840624101;0.7068033702;0.0062571848;0.0071663856;-0.7073460867;286;1620231176.928031433;286
1620231176.9194970131;-0.0206203092;-1.2650769392;1.8107129324;0.7206704619;-0.0135910757;0.0065061241;0.6931140154;1620231176.9111020565;-0.0537079806;5.2450423104;1.4840576271;0.7068052156;0.0062724077;0.0071791673;-0.7073439783;286;1620231176.928031433;286
1620231176.9351019859;-0.0206225661;-1.2651395197;1.8107845519;0.7207129307;-0.0129686706;0.0066030079;0.6930808649;1620231176.9195148945;-0.0537241222;5.2450369445;1.4840639741;0.7068037768;0.0062636655;0.0071740180;-0.7073455457;286;1620231176.928031433;286
1620231176.9439198971;-0.0206119091;-1.2651674863;1.8108041139;0.7206489199;-0.0126932873;0.0067938672;0.6931506749;1620231176.9351229668;-0.0537090547;5.2450477662;1.4840624186;0.7068034888;0.0062752231;0.0071845874;-0.7073456238;287;1620231176.979974105;287
1620231176.9521028996;-0.0205865820;-1.2651877108;1.8107961628;0.7204190140;-0.0125741866;0.0071566515;0.6933881427;1620231176.9439420700;-0.0537190620;5.2450390924;1.4840622484;0.7068047484;0.0062686711;0.0071833314;-0.7073444360;287;1620231176.979974105;287
1620231176.9611968994;-0.0206085672;-1.2652042219;1.8108010573;0.7205161773;-0.0121137532;0.0074852102;0.6932919059;1620231176.9521338940;-0.0537140918;5.2450520547;1.4840612897;0.7068036221;0.0062809568;0.0071936590;-0.7073453475;287;1620231176.979974105;287
1620231176.9685420990;-0.0206071634;-1.2652073111;1.8107547616;0.7203357925;-0.0120632668;0.0077980075;0.6934767586;1620231176.9612181187;-0.0537131894;5.2450490977;1.4840614160;0.7068041348;0.0062790259;0.0071887569;-0.7073449022;288;1620231177.005945457;288
1620231176.9854409695;-0.0206221093;-1.2652159344;1.8106949013;0.7201948858;-0.0122830835;0.0082214874;0.6936143449;1620231176.9685609341;-0.0537154050;5.2450405338;1.4840604926;0.7068033897;0.0062691949;0.0071813703;-0.7073458090;288;1620231177.005945457;288
1620231176.9939649105;-0.0206377148;-1.2652151800;1.8106096957;0.7200622883;-0.0126067643;0.0085744936;0.6937419178;1620231176.9854600430;-0.0537129923;5.2450433964;1.4840661772;0.7068008441;0.0062721140;0.0071842740;-0.7073482972;288;1620231177.005945457;288
1620231177.0019419193;-0.0206712251;-1.2652228629;1.8105703837;0.7200221394;-0.0129511171;0.0086284988;0.6937765752;1620231176.9939849377;-0.0537331714;5.2450484325;1.4840630286;0.7068031811;0.0062768777;0.0071891529;-0.7073458702;288;1620231177.005945457;288
1620231177.0106480122;-0.0206366225;-1.2652523885;1.8105244179;0.7201465692;-0.0133161978;0.0086580957;0.6936401337;1620231177.0019609928;-0.0537134633;5.2450414449;1.4840625491;0.7068033330;0.0062725697;0.0071838612;-0.7073458104;289;1620231177.057888185;289
1620231177.0274460316;-0.0206235283;-1.2653196461;1.8104722789;0.7200781521;-0.0140702274;0.0084502038;0.6936988378;1620231177.0106699467;-0.0537114520;5.2450322506;1.4840626797;0.7068040968;0.0062671882;0.0071765165;-0.7073451695;289;1620231177.057888185;289
1620231177.0350999832;-0.0205832808;-1.2653281775;1.8105532989;0.7203746076;-0.0139459259;0.0079260574;0.6933996780;1620231177.0274679661;-0.0537144375;5.2450323679;1.4840630822;0.7068043854;0.0062719351;0.0071828065;-0.7073447751;289;1620231177.057888185;289
1620231177.0441238880;-0.0204969265;-1.2652936494;1.8106925898;0.7203567682;-0.0139452526;0.0074370073;0.6934236420;1620231177.0351181030;-0.0537095779;5.2450336915;1.4840644995;0.7068016273;0.0062652497;0.0071776739;-0.7073476425;289;1620231177.057888185;289
1620231177.0525469780;-0.0204375980;-1.2652742765;1.8107912665;0.7205283001;-0.0137963818;0.0070862168;0.6932520567;1620231177.0441460609;-0.0537058684;5.2450346593;1.4840621593;0.7068027414;0.0062741392;0.0071831853;-0.7073463945;290;1620231177.083859513;290
1620231177.0612819195;-0.0205110224;-1.2654916626;1.8104848779;0.7204320517;-0.0145592003;0.0075633250;0.6933314393;1620231177.0525679588;-0.0537068575;5.2450296649;1.4840628033;0.7068011157;0.0062669541;0.0071755085;-0.7073481605;290;1620231177.083859513;290
1620231177.0772380829;-0.0203544854;-1.2653598919;1.8108200007;0.7207529571;-0.0142171701;0.0062909077;0.6930176559;1620231177.0613029003;-0.0537050750;5.2450261788;1.4840622758;0.7068029550;0.0062661057;0.0071736261;-0.7073463492;290;1620231177.083859513;290
1620231177.0849950314;-0.0203486043;-1.2653933552;1.8107893943;0.7208121503;-0.0143516134;0.0062444407;0.6929537373;1620231177.0772490501;-0.0537077168;5.2450290240;1.4840627305;0.7068021765;0.0062665825;0.0071765895;-0.7073470929;291;1620231177.109830809;291
1620231177.0936510563;-0.0203701198;-1.2654327813;1.8107307199;0.7207555491;-0.0146005909;0.0061093602;0.6930086124;1620231177.0850160122;-0.0537061689;5.2450411869;1.4840609057;0.7068016863;0.0062792087;0.0071871272;-0.7073473638;291;1620231177.109830809;291
1620231177.1028370857;-0.0203500327;-1.2654537233;1.8107102472;0.7207924749;-0.0146136431;0.0061423142;0.6929696397;1620231177.0936729908;-0.0537026505;5.2450229896;1.4840618704;0.7068017223;0.0062638744;0.0071690364;-0.7073476474;291;1620231177.109830809;291
1620231177.1107730865;-0.0203325646;-1.2654526779;1.8107380706;0.7207992252;-0.0144832199;0.0061544730;0.6929652486;1620231177.1028580666;-0.0537056487;5.2450204097;1.4840701858;0.7067986088;0.0062517716;0.0071645151;-0.7073509113;291;1620231177.109830809;291
1620231177.1276230812;-0.0203010688;-1.2654648257;1.8107453447;0.7207543922;-0.0140895774;0.0065398568;0.6930164646;1620231177.1107931137;-0.0537043511;5.2450248871;1.4840616873;0.7068027449;0.0062671944;0.0071750660;-0.7073465349;292;1620231177.161773601;292
1620231177.1350231171;-0.0202838468;-1.2654680173;1.8107479841;0.7207233489;-0.0139466837;0.0067075155;0.6930500369;1620231177.1276450157;-0.0537086004;5.2450327618;1.4840657096;0.7067987733;0.0062687236;0.0071806561;-0.7073504332;292;1620231177.161773601;292
1620231177.1453130245;-0.0202617179;-1.2654539398;1.8107341402;0.7206797645;-0.0137493062;0.0070243127;0.6930961640;1620231177.1350440979;-0.0536993742;5.2450246956;1.4840637474;0.7067994122;0.0062628900;0.0071704748;-0.7073499498;292;1620231177.161773601;292
1620231177.1535580158;-0.0202997222;-1.2654722528;1.8107246415;0.7204938871;-0.0137345950;0.0071329510;0.6932885695;1620231177.1453330517;-0.0537051559;5.2450274253;1.4840639634;0.7067982460;0.0062623160;0.0071735297;-0.7073510892;293;1620231177.187744905;293
1620231177.1609749794;-0.0203391446;-1.2654781576;1.8107011129;0.7203898682;-0.0137218624;0.0073115154;0.6933950461;1620231177.1535770893;-0.0536963811;5.2450220960;1.4840629658;0.7067981723;0.0062608803;0.0071693179;-0.7073512182;293;1620231177.187744905;293
1620231177.1699359417;-0.0203274022;-1.2654706448;1.8106541641;0.7203365812;-0.0137610977;0.0075130041;0.6934474722;1620231177.1609969139;-0.0537003638;5.2450276686;1.4840643870;0.7067986826;0.0062671696;0.0071751627;-0.7073505933;293;1620231177.187744905;293
1620231177.1862800121;-0.0203429121;-1.2654890791;1.8106503201;0.7201789137;-0.0138997395;0.0076049110;0.6936074501;1620231177.1699569225;-0.0537037177;5.2450190407;1.4840620267;0.7068018252;0.0062616956;0.0071723584;-0.7073475301;293;1620231177.187744905;293
1620231177.1951639652;-0.0203573458;-1.2655055385;1.8106701079;0.7201163386;-0.0138585415;0.0075591969;0.6936737405;1620231177.1863019466;-0.0537053649;5.2450189668;1.4840659526;0.7067968722;0.0062589492;0.0071693938;-0.7073525336;294;1620231177.239687641;294
1620231177.2034199238;-0.0203610000;-1.2655134197;1.8106849851;0.7200574580;-0.0138090136;0.0075361596;0.6937360987;1620231177.1951839924;-0.0537069619;5.2450292028;1.4840643259;0.7067983758;0.0062677943;0.0071771842;-0.7073508739;294;1620231177.239687641;294
1620231177.2114050388;-0.0203835290;-1.2655179801;1.8107271451;0.7199753396;-0.0136732568;0.0075890997;0.6938234343;1620231177.2034409046;-0.0537065415;5.2450206825;1.4840656404;0.7067957669;0.0062553655;0.0071684303;-0.7073536795;294;1620231177.239687641;294
1620231177.2276999950;-0.0203608657;-1.2655731689;1.8107342592;0.7199089995;-0.0133958574;0.0077956495;0.6938953893;1620231177.2114250660;-0.0537046434;5.2450241311;1.4840653297;0.7067983789;0.0062585923;0.0071690497;-0.7073510348;294;1620231177.239687641;294
1620231177.2443521023;-0.0203434444;-1.2656357537;1.8107803589;0.7198863595;-0.0129242465;0.0079101146;0.6939265259;1620231177.2277200222;-0.0537022078;5.2450225351;1.4840629964;0.7068013827;0.0062689900;0.0071749605;-0.7073478813;295;1620231177.265658961;295
1620231177.2530930042;-0.0203193186;-1.2656554476;1.8107909607;0.7199375952;-0.0127252864;0.0079515896;0.6938765728;1620231177.2443759441;-0.0536997278;5.2450352368;1.4840644639;0.7068000813;0.0062723606;0.0071812965;-0.7073490875;295;1620231177.265658961;295
1620231177.2613699436;-0.0202858330;-1.2656635007;1.8108034773;0.7199658826;-0.0126252664;0.0079711814;0.6938488242;1620231177.2531130314;-0.0537296702;5.2450368010;1.4840680536;0.7067983358;0.0062710708;0.0071832983;-0.7073508228;296;1620231177.291630345;296
1620231177.2696249485;-0.0202498566;-1.2656736399;1.8107745056;0.7200212163;-0.0126537740;0.0081175556;0.6937891866;1620231177.2613899708;-0.0537078803;5.2450342466;1.4840643779;0.7067980141;0.0062734806;0.0071839808;-0.7073511158;296;1620231177.291630345;296
1620231177.2869179249;-0.0202332055;-1.2656660767;1.8106970387;0.7200095864;-0.0129695013;0.0083544012;0.6937926142;1620231177.2696449757;-0.0537061242;5.2450269394;1.4840657484;0.7067986463;0.0062653364;0.0071752631;-0.7073506449;296;1620231177.291630345;296
1620231177.2947549820;-0.0202034284;-1.2656653268;1.8106396697;0.7201169039;-0.0132756858;0.0084411318;0.6936743820;1620231177.2869739532;-0.0537005736;5.2450305909;1.4840653655;0.7067964317;0.0062645869;0.0071733439;-0.7073528838;296;1620231177.291630345;296
1620231177.3030509949;-0.0201778214;-1.2656527667;1.8105940821;0.7201748028;-0.0136529335;0.0084052071;0.6936073841;1620231177.2947659492;-0.0537049806;5.2450348076;1.4840621956;0.7068005256;0.0062772301;0.0071858614;-0.7073485539;297;1620231177.343573017;297
1620231177.3115708828;-0.0201163271;-1.2655722253;1.8106806914;0.7202987646;-0.0138276234;0.0080459902;0.6934794507;1620231177.3030700684;-0.0537091121;5.2450248449;1.4840656669;0.7068002850;0.0062648115;0.0071732744;-0.7073490322;297;1620231177.343573017;297
1620231177.3198509216;-0.0200501673;-1.2655247954;1.8107090005;0.7204492982;-0.0140029521;0.0078383450;0.6933219212;1620231177.3115820885;-0.0536979002;5.2450274795;1.4840625853;0.7067992549;0.0062691525;0.0071748583;-0.7073500070;297;1620231177.343573017;297
1620231177.3365180492;-0.0200669246;-1.2655931412;1.8105754013;0.7205021488;-0.0146768107;0.0076543696;0.6932551157;1620231177.3198699951;-0.0537126698;5.2450218371;1.4840636177;0.7067997681;0.0062610705;0.0071726335;-0.7073495883;297;1620231177.343573017;297
1620231177.3448200226;-0.0199852766;-1.2655975087;1.8106026124;0.7207035879;-0.0146938674;0.0073547158;0.6930485818;1620231177.3365368843;-0.0537086772;5.2450221990;1.4840650122;0.7068019501;0.0062631190;0.0071709998;-0.7073474065;298;1620231177.369544441;298
1620231177.3534109592;-0.0200246300;-1.2656195584;1.8106252719;0.7206798634;-0.0148191142;0.0069970684;0.6930742885;1620231177.3448500633;-0.0537150785;5.2450316607;1.4840635257;0.7067996785;0.0062688878;0.0071811184;-0.7073495225;298;1620231177.369544441;298
1620231177.3620769978;-0.0199813139;-1.2656310128;1.8106552953;0.7208054395;-0.0147797835;0.0067696143;0.6929467863;1620231177.3534300327;-0.0537013125;5.2450240249;1.4840675853;0.7067972576;0.0062579964;0.0071666803;-0.7073521844;298;1620231177.369544441;298
1620231177.3692810535;-0.0200019723;-1.2656385635;1.8106792402;0.7208187216;-0.0146537420;0.0066565546;0.6929367422;1620231177.3620989323;-0.0537357756;5.2450282865;1.4840674188;0.7068035504;0.0062649851;0.0071788410;-0.7073457113;299;1620231177.421487065;299
1620231177.3867969513;-0.0199121478;-1.2656382473;1.8107539178;0.7210124950;-0.0146036288;0.0062853867;0.6927396408;1620231177.3692939281;-0.0537081676;5.2450319754;1.4840634131;0.7067997545;0.0062679173;0.0071802643;-0.7073494639;299;1620231177.421487065;299
1620231177.4031729698;-0.0199253001;-1.2656388743;1.8107689794;0.7209466611;-0.0147893643;0.0059086105;0.6928075309;1620231177.3868229389;-0.0537165205;5.2450296827;1.4840628400;0.7068029970;0.0062711569;0.0071807460;-0.7073461903;299;1620231177.421487065;299
1620231177.4121580124;-0.0199093723;-1.2656473407;1.8107530140;0.7209667156;-0.0147800033;0.0058860390;0.6927870532;1620231177.4031929970;-0.0537084225;5.2450282244;1.4840668394;0.7068005979;0.0062610851;0.0071723621;-0.7073487618;300;1620231177.447458449;300
1620231177.4195818901;-0.0200106788;-1.2656496427;1.8107410546;0.7207739578;-0.0148116213;0.0058480909;0.6929872419;1620231177.4121789932;-0.0537093046;5.2450287790;1.4840627694;0.7068011727;0.0062613440;0.0071714950;-0.7073481939;300;1620231177.447458449;300
1620231177.4284329414;-0.0199567903;-1.2656453101;1.8107500006;0.7208194515;-0.0146034418;0.0059996365;0.6929430439;1620231177.4196000099;-0.0537102221;5.2450296963;1.4840674006;0.7067993644;0.0062564764;0.0071700035;-0.7073500591;300;1620231177.447458449;300
1620231177.4444789886;-0.0200126448;-1.2656433187;1.8107582535;0.7206020102;-0.0143459270;0.0062726014;0.6931721228;1620231177.4284551144;-0.0537130106;5.2450351377;1.4840641503;0.7068026954;0.0062700457;0.0071800378;-0.7073465087;300;1620231177.447458449;300
1620231177.4520890713;-0.0200653753;-1.2656427887;1.8107406806;0.7204477737;-0.0141850456;0.0064489436;0.6933341193;1620231177.4444999695;-0.0537095913;5.2450334690;1.4840632520;0.7068010496;0.0062644365;0.0071757377;-0.7073482465;301;1620231177.473430049;301
1620231177.4612998962;-0.0200914884;-1.2656396016;1.8107338755;0.7203555998;-0.0140076492;0.0066385008;0.6934317024;1620231177.4521379471;-0.0537127005;5.2450373956;1.4840605801;0.7068040185;0.0062750067;0.0071813765;-0.7073451290;301;1620231177.473430049;301
1620231177.4693629742;-0.0201266013;-1.2656310573;1.8107575721;0.7202581537;-0.0138706820;0.0067956092;0.6935341491;1620231177.4613199234;-0.0537114332;5.2450301095;1.4840615777;0.7068050897;0.0062696577;0.0071751455;-0.7073441693;301;1620231177.473430049;301
1620231177.4777760506;-0.0201408543;-1.2656368027;1.8107453200;0.7201807356;-0.0138637826;0.0069557391;0.6936130920;1620231177.4694008827;-0.0537119424;5.2450296363;1.4840637524;0.7068034777;0.0062656255;0.0071704260;-0.7073458637;302;1620231177.525372497;302
1620231177.4946880341;-0.0202186544;-1.2656486151;1.8107840178;0.7200353721;-0.0138755655;0.0069538079;0.6937637755;1620231177.4777960777;-0.0537396118;5.2450395819;1.4840707621;0.7068032408;0.0062673328;0.0071814460;-0.7073459735;302;1620231177.525372497;302
1620231177.5025999546;-0.0201868163;-1.2655576584;1.8110236216;0.7201024394;-0.0133860742;0.0065358688;0.6937078435;1620231177.4947090149;-0.0537183256;5.2450358422;1.4840637009;0.7068039767;0.0062710636;0.0071803521;-0.7073452161;302;1620231177.525372497;302
1620231177.5105819702;-0.0202321565;-1.2655851832;1.8110079688;0.7200386607;-0.0134093048;0.0066355642;0.6937726478;1620231177.5026209354;-0.0537212802;5.2450409985;1.4840645470;0.7068050280;0.0062746471;0.0071851927;-0.7073440847;302;1620231177.525372497;302
1620231177.5278649330;-0.0202502828;-1.2656275468;1.8110023227;0.7200353774;-0.0133507160;0.0068695091;0.6937749083;1620231177.5106039047;-0.0537156429;5.2450407461;1.4840646618;0.7068024279;0.0062686911;0.0071798383;-0.7073467900;303;1620231177.551343929;303
1620231177.5364840031;-0.0202605972;-1.2656299934;1.8110309617;0.7199839888;-0.0131558012;0.0069797125;0.6938308616;1620231177.5278871059;-0.0537117903;5.2450386117;1.4840650003;0.7068006403;0.0062635722;0.0071762223;-0.7073486583;303;1620231177.551343929;303
1620231177.5442380905;-0.0202334974;-1.2656417765;1.8110682010;0.7200155069;-0.0128785154;0.0071263814;0.6938018653;1620231177.5365080833;-0.0537194473;5.2450491359;1.4840632061;0.7068047196;0.0062781210;0.0071898887;-0.7073443144;303;1620231177.551343929;303
1620231177.5529890060;-0.0202342410;-1.2656514312;1.8111275778;0.7199700015;-0.0126423655;0.0071571055;0.6938531137;1620231177.5442600250;-0.0537150752;5.2450420396;1.4840613745;0.7068018634;0.0062745644;0.0071842899;-0.7073472568;304;1620231177.577315297;304
1620231177.5604779720;-0.0202406357;-1.2656502814;1.8111788427;0.7199224496;-0.0123572190;0.0072413494;0.6939067146;1620231177.5530281067;-0.0537182643;5.2450407825;1.4840616125;0.7068044064;0.0062692751;0.0071810653;-0.7073447954;304;1620231177.577315297;304
1620231177.5772790909;-0.0202216620;-1.2656521448;1.8112088840;0.7199565217;-0.0120624386;0.0076128130;0.6938725744;1620231177.5604999065;-0.0537134324;5.2450516303;1.4840637010;0.7068006598;0.0062774399;0.0071890075;-0.7073483860;304;1620231177.577315297;304
1620231177.5942130089;-0.0202007858;-1.2656543229;1.8111560587;0.7200096904;-0.0122884963;0.0080906561;0.6938080281;1620231177.5773010254;-0.0537170358;5.2450406366;1.4840631559;0.7068026955;0.0062696620;0.0071828343;-0.7073464836;305;1620231177.629257897;305
1620231177.6023569107;-0.0202217593;-1.2656538901;1.8111210598;0.7200112979;-0.0124898102;0.0082540342;0.6938008406;1620231177.5942358971;-0.0537141535;5.2450372523;1.4840636862;0.7068006352;0.0062648905;0.0071776561;-0.7073486371;305;1620231177.629257897;305
1620231177.6112020016;-0.0202249096;-1.2656530306;1.8110797372;0.7199932971;-0.0128555131;0.0082777987;0.6938125582;1620231177.6023778915;-0.0537051428;5.2450319589;1.4840609072;0.7068026237;0.0062646552;0.0071739738;-0.7073466896;305;1620231177.629257897;305
1620231177.6277050972;-0.0202109157;-1.2656371772;1.8109947556;0.7201054339;-0.0136041415;0.0083273016;0.6936813010;1620231177.6112210751;-0.0537119392;5.2450379247;1.4840651109;0.7067991216;0.0062699101;0.0071817223;-0.7073500638;306;1620231177.655229329;306
1620231177.6360440254;-0.0202240994;-1.2656318799;1.8109776609;0.7201389698;-0.0139827731;0.0082516077;0.6936398613;1620231177.6277239323;-0.0537366358;5.2450379933;1.4840708620;0.7068005529;0.0062694122;0.0071812523;-0.7073486428;306;1620231177.655229329;306
1620231177.6441180706;-0.0202392840;-1.2656299279;1.8109816062;0.7201563154;-0.0142761323;0.0079930444;0.6936189045;1620231177.6360640526;-0.0537135887;5.2450345331;1.4840599819;0.7068034467;0.0062736066;0.0071840534;-0.7073456856;306;1620231177.655229329;306
1620231177.6530129910;-0.0201916233;-1.2656497828;1.8109967710;0.7203133736;-0.0144006207;0.0077357619;0.6934561442;1620231177.6441390514;-0.0537115489;5.2450350068;1.4840613055;0.7068021640;0.0062703227;0.0071820297;-0.7073470170;306;1620231177.655229329;306
1620231177.6615049839;-0.0201462727;-1.2656551215;1.8110571468;0.7204432365;-0.0144141077;0.0073819688;0.6933248034;1620231177.6530320644;-0.0537067696;5.2450268487;1.4840624925;0.7067976334;0.0062597495;0.0071704234;-0.7073517555;307;1620231177.707172073;307
1620231177.6697919369;-0.0201269919;-1.2656759481;1.8110650644;0.7205546995;-0.0144571799;0.0072067744;0.6932099086;1620231177.6615259647;-0.0537078078;5.2450324257;1.4840622331;0.7068007245;0.0062659847;0.0071749582;-0.7073485656;307;1620231177.707172073;307
1620231177.6864418983;-0.0200490476;-1.2656912052;1.8111522618;0.7208415836;-0.0143522063;0.0068159467;0.6929177212;1620231177.6698100567;-0.0537126389;5.2450428520;1.4840625818;0.7068005782;0.0062778991;0.0071888516;-0.7073484651;307;1620231177.707172073;307
1620231177.7031269073;-0.0200366672;-1.2657013533;1.8111961133;0.7209518899;-0.0144918320;0.0063907377;0.6928040976;1620231177.6864609718;-0.0537060707;5.2450316895;1.4840612303;0.7068012833;0.0062693370;0.0071794169;-0.7073479323;308;1620231177.733143353;308
1620231177.7110800743;-0.0200618352;-1.2656822110;1.8111975719;0.7209247964;-0.0146383340;0.0062256567;0.6928307140;1620231177.7031459808;-0.0537096374;5.2450349167;1.4840607442;0.7068004069;0.0062739149;0.0071822911;-0.7073487382;308;1620231177.733143353;308
1620231177.7194080353;-0.0200774701;-1.2656873271;1.8112025338;0.7209386424;-0.0147847613;0.0061220734;0.6928141201;1620231177.7111020088;-0.0537043885;5.2450331397;1.4840613783;0.7067992404;0.0062707863;0.0071801239;-0.7073499536;308;1620231177.733143353;308
1620231177.7358119488;-0.0201222376;-1.2656805436;1.8111547746;0.7208978277;-0.0151675568;0.0060587611;0.6928488714;1620231177.7194271088;-0.0537095130;5.2450299096;1.4840575323;0.7068017074;0.0062725794;0.0071816280;-0.7073474573;309;1620231177.759114721;309
1620231177.7453250885;-0.0201394653;-1.2656700765;1.8111354185;0.7208636425;-0.0152292356;0.0060661960;0.6928830208;1620231177.7358329296;-0.0537101024;5.2450291727;1.4840621117;0.7067998711;0.0062677949;0.0071765427;-0.7073493862;309;1620231177.759114721;309
1620231177.7524669170;-0.0201830636;-1.2656632736;1.8111091834;0.7207736118;-0.0152569619;0.0061079639;0.6929756983;1620231177.7453451157;-0.0537060842;5.2450225440;1.4840603103;0.7068000101;0.0062681235;0.0071758255;-0.7073492517;309;1620231177.759114721;309
1620231177.7616739273;-0.0202043405;-1.2656739802;1.8110796367;0.7207434340;-0.0152854676;0.0062342624;0.6930053324;1620231177.7524769306;-0.0537137725;5.2450268037;1.4840600311;0.7068024502;0.0062704316;0.0071816289;-0.7073467342;309;1620231177.759114721;309
1620231177.7690670490;-0.0202623616;-1.2657044519;1.8110378841;0.7206457711;-0.0152824023;0.0064166004;0.6931052936;1620231177.7617139816;-0.0537062950;5.2450266005;1.4840613359;0.7068018218;0.0062728876;0.0071777596;-0.7073473796;310;1620231177.811057377;310
1620231177.7781569958;-0.0202348620;-1.2656304230;1.8111840524;0.7206578858;-0.0149035589;0.0060988685;0.6931038157;1620231177.7690889835;-0.0537120705;5.2450212810;1.4840613872;0.7067987521;0.0062642795;0.0071760131;-0.7073505409;310;1620231177.811057377;310
1620231177.7941648960;-0.0203518665;-1.2656015625;1.8112490214;0.7205736198;-0.0145903056;0.0059476809;0.6931993989;1620231177.7781789303;-0.0537068627;5.2450132082;1.4840621187;0.7067992754;0.0062553491;0.0071689851;-0.7073501682;310;1620231177.811057377;310
1620231177.8025410175;-0.0203621218;-1.2656231331;1.8112568214;0.7205355083;-0.0146666344;0.0058264862;0.6932384317;1620231177.7941761017;-0.0537102961;5.2450208167;1.4840599423;0.7068005154;0.0062692865;0.0071760590;-0.7073487341;311;1620231177.837028777;311
1620231177.8115470409;-0.0203835499;-1.2656330063;1.8112733528;0.7205279514;-0.0145926735;0.0056977278;0.6932489171;1620231177.8025739193;-0.0537078890;5.2450176524;1.4840617549;0.7068014538;0.0062623100;0.0071706347;-0.7073479132;311;1620231177.837028777;311
1620231177.8192570210;-0.0204068027;-1.2656265168;1.8113246203;0.7205362008;-0.0145627577;0.0055695421;0.6932420137;1620231177.8116118908;-0.0537089080;5.2450207366;1.4840634732;0.7068013991;0.0062626226;0.0071742360;-0.7073479287;311;1620231177.837028777;311
1620231177.8359351158;-0.0204935277;-1.2656151964;1.8113956523;0.7205222288;-0.0142681667;0.0056001661;0.6932624145;1620231177.8192980289;-0.0537040719;5.2450209270;1.4840644562;0.7067979030;0.0062636450;0.0071735891;-0.7073514196;311;1620231177.837028777;311
1620231177.8439080715;-0.0205079521;-1.2656138409;1.8114294883;0.7205052384;-0.0141631264;0.0056027512;0.6932822055;1620231177.8359448910;-0.0537069968;5.2450124581;1.4840600966;0.7068006458;0.0062627138;0.0071717927;-0.7073487053;312;1620231177.888971537;312
1620231177.8524019718;-0.0205677619;-1.2656072264;1.8114727182;0.7204288123;-0.0139877770;0.0056522644;0.6933647816;1620231177.8439300060;-0.0537137914;5.2450189015;1.4840621237;0.7067995667;0.0062649833;0.0071759393;-0.7073497214;312;1620231177.888971537;312
1620231177.8609359264;-0.0206076668;-1.2656132687;1.8115089424;0.7203330971;-0.0137692531;0.0057158466;0.6934680714;1620231177.8524229527;-0.0537076467;5.2450158919;1.4840610768;0.7067992595;0.0062626062;0.0071731229;-0.7073500780;312;1620231177.888971537;312
1620231177.8777339458;-0.0206434596;-1.2656315609;1.8115704464;0.7202585782;-0.0132391714;0.0059748267;0.6935536074;1620231177.8609580994;-0.0537084326;5.2450202434;1.4840586078;0.7068004690;0.0062702157;0.0071816700;-0.7073487153;312;1620231177.888971537;312
1620231177.8943810463;-0.0207460841;-1.2656253616;1.8116137016;0.7200842519;-0.0125906209;0.0066808596;0.6937402342;1620231177.8777539730;-0.0537021230;5.2450112782;1.4840607986;0.7067995719;0.0062601217;0.0071678559;-0.7073498412;313;1620231177.914942793;313
1620231177.9022569656;-0.0207978677;-1.2656109907;1.8116375931;0.7199753283;-0.0123637366;0.0069816187;0.6938543952;1620231177.8944020271;-0.0537069977;5.2450096525;1.4840607314;0.7067997857;0.0062546970;0.0071676666;-0.7073496775;313;1620231177.914942793;313
1620231177.9112040997;-0.0208195868;-1.2656113967;1.8116319750;0.7199764090;-0.0122680009;0.0073483894;0.6938511856;1620231177.9022779465;-0.0537110919;5.2450272408;1.4840625110;0.7068013264;0.0062758501;0.0071889836;-0.7073477343;314;1620231177.940914137;314
1620231177.9191949368;-0.0208890359;-1.2655957746;1.8116174383;0.7198804752;-0.0122683764;0.0076424749;0.6939475347;1620231177.9112548828;-0.0537098338;5.2450176001;1.4840628894;0.7067992992;0.0062618231;0.0071757131;-0.7073500190;314;1620231177.940914137;314
1620231177.9362139702;-0.0209701218;-1.2655828500;1.8115872550;0.7198671646;-0.0126285698;0.0080686925;0.6939500564;1620231177.9192121029;-0.0537126929;5.2450261650;1.4840626032;0.7068016315;0.0062715113;0.0071835605;-0.7073475230;314;1620231177.940914137;314
1620231177.9441409111;-0.0210046032;-1.2655782163;1.8116174135;0.7198312418;-0.0127334887;0.0080850552;0.6939852112;1620231177.9362339973;-0.0537116047;5.2450220709;1.4840597230;0.7068024446;0.0062672046;0.0071803381;-0.7073467814;314;1620231177.940914137;314
1620231177.9527161121;-0.0210061337;-1.2655846790;1.8116720913;0.7198684851;-0.0128656645;0.0079700205;0.6939454717;1620231177.9441618919;-0.0537038539;5.2450164307;1.4840627059;0.7067994626;0.0062634863;0.0071741664;-0.7073498567;315;1620231177.992856889;315
1620231177.9610440731;-0.0210327696;-1.2656384931;1.8116544814;0.7199079793;-0.0129551887;0.0080674153;0.6939017086;1620231177.9527380466;-0.0537338089;5.2450236464;1.4840629436;0.7068029025;0.0062729905;0.0071849893;-0.7073462254;315;1620231177.992856889;315
1620231177.9775741100;-0.0210506744;-1.2656824855;1.8117753109;0.7199643210;-0.0126207171;0.0081665274;0.6938482556;1620231177.9610550404;-0.0537083676;5.2450308794;1.4840635909;0.7068001277;0.0062753085;0.0071872608;-0.7073489543;315;1620231177.992856889;315
1620231177.9860670567;-0.0210925847;-1.2656421042;1.8118985620;0.7200058648;-0.0120338766;0.0081919163;0.6938152729;1620231177.9775950909;-0.0537080104;5.2450226849;1.4840657785;0.7068012714;0.0062679483;0.0071792559;-0.7073479581;316;1620231178.018828281;316
1620231177.9943339825;-0.0210753105;-1.2656368923;1.8119802597;0.7200067057;-0.0117079717;0.0081798801;0.6938201184;1620231177.9860880375;-0.0537113538;5.2450271114;1.4840646092;0.7068023371;0.0062719661;0.0071843530;-0.7073468059;316;1620231178.018828281;316
1620231178.0025680065;-0.0211139137;-1.2656553393;1.8119925844;0.7199549383;-0.0115483304;0.0082022198;0.6938762473;1620231177.9943749905;-0.0537035813;5.2450178428;1.4840654028;0.7068009058;0.0062648829;0.0071748917;-0.7073483949;316;1620231178.018828281;316
1620231178.0112059116;-0.0211290825;-1.2656819514;1.8119033236;0.7199419157;-0.0116444811;0.0084497317;0.6938851822;1620231178.0026159286;-0.0537085052;5.2450223859;1.4840594950;0.7068033539;0.0062702330;0.0071825943;-0.7073458230;316;1620231178.018828281;316
1620231178.0194408894;-0.0211414997;-1.2657007201;1.8118074148;0.7199297632;-0.0118999825;0.0086774151;0.6938906462;1620231178.0112268925;-0.0537041842;5.2450075473;1.4840571635;0.7068040911;0.0062604712;0.0071674436;-0.7073453266;317;1620231178.044799585;317
1620231178.0359740257;-0.0211070756;-1.2656442597;1.8117334744;0.7199761952;-0.0123861336;0.0087668658;0.6938328359;1620231178.0194621086;-0.0537142812;5.2450127265;1.4840621116;0.7068027706;0.0062591023;0.0071716030;-0.7073466160;317;1620231178.044799585;317
1620231178.0443849564;-0.0211255627;-1.2655935002;1.8117361615;0.7199736178;-0.0125666121;0.0087394409;0.6938326110;1620231178.0359899998;-0.0537064644;5.2450189061;1.4840628332;0.7068036354;0.0062665027;0.0071761843;-0.7073456400;317;1620231178.044799585;317
1620231178.0526649952;-0.0210914419;-1.2655518002;1.8117238784;0.7201072258;-0.0128711249;0.0085709838;0.6936904611;1620231178.0444059372;-0.0537110629;5.2450162107;1.4840625364;0.7068055640;0.0062666713;0.0071762503;-0.7073437106;317;1620231178.044799585;317
1620231178.0611269474;-0.0211392356;-1.2655290310;1.8116241514;0.7201009267;-0.0133071730;0.0085787400;0.6936886763;1620231178.0526850224;-0.0537067139;5.2450167781;1.4840636124;0.7068065486;0.0062690148;0.0071746213;-0.7073427225;318;1620231178.096742393;318
1620231178.0778269768;-0.0212171333;-1.2655582457;1.8114178258;0.7200703709;-0.0141389234;0.0086292402;0.6937033141;1620231178.0611469746;-0.0537097893;5.2450178046;1.4840623780;0.7068067355;0.0062684605;0.0071765466;-0.7073425212;318;1620231178.096742393;318
1620231178.0859270096;-0.0212123189;-1.2655663035;1.8113719609;0.7201241659;-0.0143537545;0.0084175811;0.6936456586;1620231178.0778369904;-0.0537079107;5.2450110289;1.4840651957;0.7068055904;0.0062607769;0.0071695367;-0.7073438045;318;1620231178.096742393;318
1620231178.0946660042;-0.0210837676;-1.2655519570;1.8113864392;0.7202832774;-0.0145557741;0.0078615092;0.6934827513;1620231178.0859749317;-0.0537083508;5.2450148970;1.4840601328;0.7068063813;0.0062661216;0.0071749643;-0.7073429119;319;1620231178.122713689;319
1620231178.1026549339;-0.0211317650;-1.2655608410;1.8113800139;0.7203690414;-0.0144591258;0.0076777546;0.6933977430;1620231178.0946829319;-0.0537090139;5.2450244263;1.4840602364;0.7068075873;0.0062770544;0.0071844589;-0.7073415134;319;1620231178.122713689;319
1620231178.1111459732;-0.0211165689;-1.2655566618;1.8113977653;0.7204464550;-0.0143604422;0.0074272131;0.6933220894;1620231178.1026709080;-0.0537115303;5.2450209130;1.4840601687;0.7068075925;0.0062762274;0.0071881242;-0.7073414784;319;1620231178.122713689;319
1620231178.1196188927;-0.0210951085;-1.2655466143;1.8113846169;0.7205316402;-0.0142724540;0.0072782135;0.6932369582;1620231178.1111690998;-0.0537010286;5.2450184666;1.4840595439;0.7068041257;0.0062730318;0.0071803842;-0.7073450495;319;1620231178.122713689;319
1620231178.1359028816;-0.0210715957;-1.2655342352;1.8113113722;0.7206008965;-0.0143657572;0.0070504642;0.6931653944;1620231178.1196660995;-0.0537096596;5.2450085415;1.4840622146;0.7068051245;0.0062616419;0.0071722244;-0.7073442351;320;1620231178.174656401;320
1620231178.1444311142;-0.0210518988;-1.2655277282;1.8112641143;0.7206445859;-0.0145611709;0.0069742817;0.6931166658;1620231178.1359529495;-0.0537073565;5.2450187748;1.4840606133;0.7068052663;0.0062697449;0.0071805259;-0.7073439375;320;1620231178.174656401;320
1620231178.1526861191;-0.0210864822;-1.2654889662;1.8112034015;0.7206190013;-0.0146763848;0.0069198863;0.6931413809;1620231178.1444530487;-0.0537111775;5.2450201192;1.4840627465;0.7068061015;0.0062714963;0.0071836266;-0.7073430559;320;1620231178.174656401;320
1620231178.1613008976;-0.0210739110;-1.2654795496;1.8111616878;0.7206705631;-0.0149850511;0.0068008489;0.6930823445;1620231178.1527049541;-0.0537119388;5.2450169537;1.4840597156;0.7068056569;0.0062698787;0.0071802952;-0.7073435484;321;1620231178.200627737;321
1620231178.1776158810;-0.0211589223;-1.2654195412;1.8110421433;0.7206627418;-0.0152044533;0.0067953095;0.6930857530;1620231178.1613209248;-0.0537054314;5.2450134631;1.4840618063;0.7068036053;0.0062648389;0.0071758886;-0.7073456877;321;1620231178.200627737;321
1620231178.1858820915;-0.0212139152;-1.2653879166;1.8110296383;0.7205411514;-0.0152418197;0.0067081026;0.6932121879;1620231178.1776270866;-0.0537237093;5.2450243068;1.4840629379;0.7068059228;0.0062762544;0.0071910884;-0.7073431165;321;1620231178.200627737;321
1620231178.1943819523;-0.0212198742;-1.2653714665;1.8110229291;0.7206247460;-0.0152746791;0.0065927826;0.6931256703;1620231178.1859009266;-0.0537166855;5.2450290283;1.4840612793;0.7068053655;0.0062783010;0.0071909407;-0.7073436566;321;1620231178.200627737;321
1620231178.2023229599;-0.0212376494;-1.2653569798;1.8109946858;0.7205771385;-0.0153427347;0.0065357574;0.6931742002;1620231178.1944038868;-0.0537143042;5.2450195889;1.4840616067;0.7068067575;0.0062709423;0.0071834186;-0.7073424075;322;1620231178.226599049;322
1620231178.2111220360;-0.0212577709;-1.2653478773;1.8109959336;0.7205876970;-0.0153054564;0.0064107787;0.6931652154;1620231178.2023479939;-0.0537142793;5.2450318471;1.4840643713;0.7068034862;0.0062778872;0.0071918519;-0.7073455290;322;1620231178.226599049;322
1620231178.2274610996;-0.0213058736;-1.2653307284;1.8110559850;0.7205885616;-0.0151230648;0.0060699827;0.6931713880;1620231178.2111420631;-0.0537146045;5.2450184022;1.4840606576;0.7068066949;0.0062676430;0.0071791840;-0.7073425422;322;1620231178.226599049;322
1620231178.2359580994;-0.0213337347;-1.2653202115;1.8110771824;0.7206207094;-0.0150261667;0.0058121397;0.6931422845;1620231178.2274930477;-0.0537136604;5.2450213607;1.4840617207;0.7068052820;0.0062677117;0.0071816375;-0.7073439285;322;1620231178.226599049;322
1620231178.2443490028;-0.0213743730;-1.2653208527;1.8111086978;0.7205932553;-0.0149866557;0.0055641782;0.6931737160;1620231178.2359800339;-0.0537073027;5.2450314547;1.4840606470;0.7068049639;0.0062776393;0.0071891385;-0.7073440822;323;1620231178.278541809;323
1620231178.2529740334;-0.0214153090;-1.2652981415;1.8111311862;0.7205808065;-0.0148747785;0.0053985119;0.6931903767;1620231178.2443718910;-0.0537135746;5.2450238880;1.4840602647;0.7068052368;0.0062710471;0.0071829743;-0.7073439305;323;1620231178.278541809;323
1620231178.2609229088;-0.0214585691;-1.2653177004;1.8110970981;0.7205256067;-0.0149027709;0.0054198400;0.6932469855;1620231178.2529950142;-0.0537131849;5.2450215052;1.4840603112;0.7068076589;0.0062700528;0.0071804870;-0.7073415444;323;1620231178.278541809;323
1620231178.2687699795;-0.0215380937;-1.2652993997;1.8111357029;0.7204077715;-0.0147512601;0.0053793594;0.6933729916;1620231178.2609450817;-0.0537184260;5.2450281899;1.4840603446;0.7068063491;0.0062758787;0.0071876805;-0.7073427284;324;1620231178.304513121;324
1620231178.2857708931;-0.0215922333;-1.2651557318;1.8113198209;0.7203793563;-0.0141683619;0.0051654565;0.6934162953;1620231178.2687900066;-0.0537180892;5.2450279947;1.4840643667;0.7068056118;0.0062710833;0.0071825694;-0.7073435597;324;1620231178.304513121;324
1620231178.2943089008;-0.0216905209;-1.2651651678;1.8112561564;0.7202229019;-0.0140990044;0.0054903304;0.6935777144;1620231178.2857921124;-0.0537130667;5.2450258164;1.4840588615;0.7068058217;0.0062727226;0.0071846320;-0.7073433144;324;1620231178.304513121;324
1620231178.3023350239;-0.0217113725;-1.2651532718;1.8112475939;0.7202932950;-0.0140719813;0.0055958377;0.6935043151;1620231178.2943310738;-0.0537197469;5.2450312089;1.4840635389;0.7068072210;0.0062751955;0.0071862670;-0.7073418776;324;1620231178.304513121;324
1620231178.3112869263;-0.0217881719;-1.2651329373;1.8112798843;0.7201609525;-0.0138851690;0.0056899503;0.6936447427;1620231178.3023450375;-0.0537159990;5.2450217917;1.4840572540;0.7068061539;0.0062699431;0.0071809643;-0.7073430443;325;1620231178.356455881;325
1620231178.3206970692;-0.0218448510;-1.2651279298;1.8113222366;0.7201679895;-0.0136689781;0.0057622485;0.6936411337;1620231178.3113079071;-0.0537102478;5.2450285603;1.4840593951;0.7068065639;0.0062773957;0.0071828282;-0.7073425496;325;1620231178.356455881;325
1620231178.3362929821;-0.0219367761;-1.2650909894;1.8114234205;0.7201636854;-0.0134133533;0.0056020933;0.6936519045;1620231178.3207170963;-0.0537134769;5.2450327404;1.4840599766;0.7068059245;0.0062765427;0.0071868216;-0.7073431556;325;1620231178.356455881;325
1620231178.3450438976;-0.0220117786;-1.2650807476;1.8114698636;0.7201700677;-0.0132718148;0.0055700992;0.6936482585;1620231178.3363120556;-0.0537179625;5.2450404429;1.4840602529;0.7068049034;0.0062836045;0.0071949766;-0.7073440303;325;1620231178.356455881;325
1620231178.3526380062;-0.0220388725;-1.2650873896;1.8115123131;0.7202288773;-0.0131958278;0.0056249186;0.6935882025;1620231178.3450651169;-0.0537144712;5.2450393282;1.4840602625;0.7068064615;0.0062827613;0.0071944409;-0.7073424863;326;1620231178.382427217;326
1620231178.3611791134;-0.0220909452;-1.2650823483;1.8115405035;0.7202433141;-0.0130796292;0.0057176026;0.6935746541;1620231178.3526480198;-0.0537116835;5.2450297976;1.4840641448;0.7068057080;0.0062733906;0.0071827343;-0.7073434414;326;1620231178.382427217;326
1620231178.3695580959;-0.0221656038;-1.2650806027;1.8115905413;0.7201423666;-0.0130067992;0.0057865569;0.6936802656;1620231178.3612000942;-0.0537143459;5.2450295440;1.4840610283;0.7068066424;0.0062752259;0.0071858820;-0.7073424595;326;1620231178.382427217;326
1620231178.3861870766;-0.0222919096;-1.2650678884;1.8116738747;0.7200676495;-0.0126635282;0.0060233109;0.6937621602;1620231178.3695769310;-0.0537387145;5.2450378965;1.4840667468;0.7068069390;0.0062823113;0.0071894610;-0.7073420638;327;1620231178.408398553;327
1620231178.3942940235;-0.0223291267;-1.2650498323;1.8117033875;0.7200851032;-0.0124686320;0.0062434628;0.6937456281;1620231178.3862071037;-0.0537215407;5.2450259257;1.4840609193;0.7068033292;0.0062701005;0.0071832026;-0.7073458427;327;1620231178.408398553;327
1620231178.4028251171;-0.0223800150;-1.2650453996;1.8117210333;0.7200917170;-0.0122316836;0.0065743980;0.6937399241;1620231178.3943150043;-0.0537165652;5.2450301165;1.4840591052;0.7068064855;0.0062801166;0.0071889549;-0.7073425416;327;1620231178.408398553;327
1620231178.4111540318;-0.0224364820;-1.2650376151;1.8117465557;0.7200309803;-0.0120489075;0.0068248920;0.6938037417;1620231178.4028439522;-0.0537169106;5.2450343537;1.4840618885;0.7068040398;0.0062797678;0.0071918791;-0.7073449587;327;1620231178.408398553;327
1620231178.4195709229;-0.0224769255;-1.2650310169;1.8117839453;0.7199792299;-0.0118973965;0.0071058292;0.6938572387;1620231178.4111740589;-0.0537145793;5.2450290360;1.4840607603;0.7068040604;0.0062776140;0.0071858709;-0.7073450183;328;1620231178.460341305;328
1620231178.4361429214;-0.0225744550;-1.2650114308;1.8118598640;0.7199271934;-0.0116354378;0.0074735337;0.6939118093;1620231178.4195899963;-0.0537146901;5.2450280220;1.4840637853;0.7068034693;0.0062749873;0.0071855299;-0.7073456358;328;1620231178.460341305;328
1620231178.4444949627;-0.0226020808;-1.2650156755;1.8118593406;0.7198935068;-0.0117045061;0.0077134408;0.6939429704;1620231178.4361619949;-0.0537113372;5.2450288217;1.4840586738;0.7068031294;0.0062794570;0.0071880054;-0.7073459106;328;1620231178.460341305;328
1620231178.4531679153;-0.0226439285;-1.2650187855;1.8118604329;0.7198886920;-0.0117368133;0.0078813669;0.6939455328;1620231178.4445059299;-0.0537392772;5.2450279852;1.4840628518;0.7068054816;0.0062797820;0.0071925658;-0.7073435109;329;1620231178.486312689;329
1620231178.4618608952;-0.0226824774;-1.2650178808;1.8118818808;0.7198647145;-0.0117287252;0.0079767291;0.6939694529;1620231178.4531879425;-0.0537152406;5.2450301582;1.4840583927;0.7068034892;0.0062854258;0.0071943116;-0.7073454339;329;1620231178.486312689;329
1620231178.4690461159;-0.0227386602;-1.2650190794;1.8119495428;0.7198338599;-0.0116083046;0.0079847194;0.6940033903;1620231178.4618809223;-0.0537190481;5.2450233834;1.4840589846;0.7068016218;0.0062743340;0.0071903868;-0.7073474383;329;1620231178.486312689;329
1620231178.4862310886;-0.0227512461;-1.2650451527;1.8119547363;0.7198128922;-0.0113839087;0.0082259505;0.6940260374;1620231178.4690570831;-0.0537053541;5.2450360435;1.4840590397;0.7068032048;0.0062940527;0.0072012739;-0.7073455706;329;1620231178.486312689;329
1620231178.4939799309;-0.0228587995;-1.2650783059;1.8119252244;0.7197167085;-0.0111686140;0.0087075867;0.6941234037;1620231178.4862499237;-0.0537093407;5.2450240931;1.4840590611;0.7068022973;0.0062809679;0.0071917965;-0.7073466902;330;1620231178.538255305;330
1620231178.5026600361;-0.0228035828;-1.2650686696;1.8118837088;0.7197729362;-0.0111328023;0.0089340420;0.6940627954;1620231178.4939990044;-0.0537076947;5.2450172065;1.4840640044;0.7068004742;0.0062669301;0.0071810456;-0.7073487456;330;1620231178.538255305;330
1620231178.5108900070;-0.0227444361;-1.2650473389;1.8118687001;0.7198148477;-0.0110418345;0.0091448564;0.6940180362;1620231178.5026819706;-0.0536989786;5.2450152116;1.4840586362;0.7068023326;0.0062770892;0.0071849941;-0.7073467584;330;1620231178.538255305;330
1620231178.5195109844;-0.0228391363;-1.2650699666;1.8117941093;0.7197172119;-0.0110900842;0.0095751038;0.6941127158;1620231178.5109350681;-0.0536985149;5.2450141779;1.4840593021;0.7068007899;0.0062747886;0.0071819251;-0.7073483515;330;1620231178.538255305;330
1620231178.5359730721;-0.0228768068;-1.2650718903;1.8116760768;0.7196761685;-0.0117081459;0.0097317139;0.6941429431;1620231178.5195310116;-0.0537226794;5.2450164074;1.4840617366;0.7068002402;0.0062728736;0.0071838841;-0.7073488979;331;1620231178.564226713;331
1620231178.5445609093;-0.0228642267;-1.2650506826;1.8116587019;0.7197109025;-0.0119715119;0.0096707078;0.6941032900;1620231178.5359940529;-0.0537251402;5.2450093354;1.4840668509;0.7067988727;0.0062624964;0.0071726933;-0.7073504699;331;1620231178.564226713;331
1620231178.5525460243;-0.0229423974;-1.2649759209;1.8117929757;0.7197177565;-0.0117458975;0.0093862674;0.6941039424;1620231178.5445730686;-0.0536930434;5.2450196312;1.4840617866;0.7067999489;0.0062778349;0.0071832511;-0.7073491513;331;1620231178.564226713;331
1620231178.5619480610;-0.0229194682;-1.2649570930;1.8117742593;0.7197648737;-0.0119667059;0.0091410131;0.6940545846;1620231178.5525679588;-0.0536939487;5.2450124095;1.4840608932;0.7067993289;0.0062702936;0.0071795896;-0.7073498750;332;1620231178.590197985;332
1620231178.5692861080;-0.0228364987;-1.2649665393;1.8116720934;0.7198675224;-0.0123681194;0.0089321231;0.6939437996;1620231178.5619699955;-0.0537020791;5.2450066595;1.4840605197;0.7067994250;0.0062630051;0.0071736071;-0.7073499041;332;1620231178.590197985;332
1620231178.5776278973;-0.0228473292;-1.2649794895;1.8115657652;0.7199080866;-0.0124953872;0.0089641003;0.6938990251;1620231178.5693058968;-0.0536980910;5.2450138179;1.4840644190;0.7067973742;0.0062693929;0.0071788282;-0.7073518438;332;1620231178.590197985;332
1620231178.5941801071;-0.0228178509;-1.2649989913;1.8114339872;0.7199762175;-0.0126259558;0.0088682216;0.6938272019;1620231178.5776500702;-0.0536970331;5.2450049861;1.4840595736;0.7068008998;0.0062696291;0.0071767340;-0.7073483401;332;1620231178.590197985;332
1620231178.6107358932;-0.0227930030;-1.2649822200;1.8113093561;0.7200269764;-0.0128223255;0.0086116068;0.6937741574;1620231178.5942029953;-0.0536951767;5.2450117065;1.4840600831;0.7068004242;0.0062744078;0.0071792684;-0.7073487472;333;1620231178.642140801;333
1620231178.6276190281;-0.0227929178;-1.2649393346;1.8111135566;0.7200474208;-0.0132942179;0.0085277932;0.6937450917;1620231178.6107649803;-0.0536930762;5.2450119357;1.4840610455;0.7067971640;0.0062641746;0.0071742060;-0.7073521470;333;1620231178.642140801;333
1620231178.6360669136;-0.0227560113;-1.2649125292;1.8109721653;0.7200979202;-0.0136157495;0.0085036114;0.6936867343;1620231178.6276409626;-0.0537052837;5.2450109870;1.4840625862;0.7068026637;0.0062735208;0.0071833062;-0.7073464763;333;1620231178.642140801;333
1620231178.6445429325;-0.0226764044;-1.2648827778;1.8108577857;0.7201978259;-0.0140274626;0.0083900176;0.6935761886;1620231178.6360859871;-0.0536959353;5.2449995230;1.4840634749;0.7068002733;0.0062574378;0.0071657470;-0.7073491855;334;1620231178.668112137;334
1620231178.6526019573;-0.0226775059;-1.2648596243;1.8107459918;0.7202240316;-0.0142964068;0.0082827212;0.6935447740;1620231178.6445639133;-0.0537067834;5.2450053468;1.4840619031;0.7068012395;0.0062628295;0.0071735518;-0.7073480932;334;1620231178.668112137;334
1620231178.6610970497;-0.0226414715;-1.2648438593;1.8106198959;0.7203015110;-0.0145894498;0.0081646645;0.6934596019;1620231178.6526229382;-0.0537061681;5.2450035607;1.4840591277;0.7068032653;0.0062619245;0.0071730472;-0.7073460821;334;1620231178.668112137;334
1620231178.6694340706;-0.0225695385;-1.2648186710;1.8105199435;0.7204289806;-0.0148218364;0.0079898366;0.6933242817;1620231178.6611471176;-0.0537030435;5.2450118054;1.4840585775;0.7068006517;0.0062673584;0.0071780387;-0.7073485950;335;1620231178.720054801;335
1620231178.6859099865;-0.0224425807;-1.2647848535;1.8103652602;0.7206204427;-0.0150731700;0.0075403814;0.6931248947;1620231178.6694550514;-0.0537006496;5.2450104241;1.4840568292;0.7068024028;0.0062659558;0.0071753113;-0.7073468853;335;1620231178.720054801;335
1620231178.6940639019;-0.0225472801;-1.2647740053;1.8103423001;0.7205181224;-0.0149693686;0.0073366332;0.6932356938;1620231178.6859469414;-0.0537109641;5.2450137842;1.4840627360;0.7068047896;0.0062652441;0.0071770181;-0.7073444892;335;1620231178.720054801;335
1620231178.7023980618;-0.0224895715;-1.2647600032;1.8102589541;0.7206222027;-0.0151241682;0.0069852468;0.6931277710;1620231178.6940870285;-0.0537006280;5.2450117986;1.4840639000;0.7068012582;0.0062584298;0.0071698241;-0.7073481513;335;1620231178.720054801;335
1620231178.7110950947;-0.0224766971;-1.2647393644;1.8101755490;0.7206589576;-0.0152526679;0.0066207233;0.6930903181;1620231178.7024190426;-0.0537104367;5.2450178741;1.4840621808;0.7068053115;0.0062647047;0.0071752585;-0.7073439904;336;1620231178.746026121;336
1620231178.7276940346;-0.0224105704;-1.2646612203;1.8100278801;0.7206627435;-0.0154927038;0.0059258567;0.6930873469;1620231178.7111170292;-0.0537110430;5.2450191233;1.4840634297;0.7068052896;0.0062689076;0.0071757335;-0.7073439702;336;1620231178.746026121;336
1620231178.7360820770;-0.0224157814;-1.2646294883;1.8099468544;0.7206454031;-0.0154684731;0.0058280189;0.6931067475;1620231178.7277159691;-0.0537169086;5.2450131872;1.4840650098;0.7068046630;0.0062561861;0.0071709226;-0.7073447578;336;1620231178.746026121;336
1620231178.7444009781;-0.0224098112;-1.2645880654;1.8098785760;0.7206190304;-0.0154142175;0.0056880732;0.6931365383;1620231178.7360930443;-0.0537080493;5.2450162379;1.4840608632;0.7068065361;0.0062658359;0.0071728474;-0.7073427811;337;1620231178.771997465;337
1620231178.7528910637;-0.0224079210;-1.2645560872;1.8097968576;0.7205595202;-0.0153985739;0.0056192110;0.6931993121;1620231178.7444179058;-0.0537165975;5.2450229603;1.4840614255;0.7068048448;0.0062615199;0.0071750069;-0.7073444875;337;1620231178.771997465;337
1620231178.7620270252;-0.0224195521;-1.2645207007;1.8097314255;0.7205084384;-0.0152804067;0.0056444600;0.6932548156;1620231178.7529110909;-0.0537148589;5.2450208826;1.4840631982;0.7068080320;0.0062631854;0.0071751358;-0.7073412867;337;1620231178.771997465;337
1620231178.7778708935;-0.0224168243;-1.2644500750;1.8096070699;0.7204493691;-0.0149856066;0.0055771599;0.6933231810;1620231178.7620499134;-0.0537183216;5.2450202210;1.4840625671;0.7068054642;0.0062615475;0.0071732084;-0.7073438865;337;1620231178.771997465;337
1620231178.7857151031;-0.0224340404;-1.2644337574;1.8095227953;0.7204231859;-0.0149494319;0.0055125677;0.6933516852;1620231178.7778930664;-0.0537099495;5.2450237726;1.4840606112;0.7068072711;0.0062654662;0.0071762649;-0.7073420154;338;1620231178.823940265;338
1620231178.7943840027;-0.0224707512;-1.2644329680;1.8094650113;0.7203663923;-0.0148364974;0.0054635553;0.6934135049;1620231178.7857310772;-0.0537111426;5.2450240528;1.4840633526;0.7068065094;0.0062629961;0.0071732970;-0.7073428285;338;1620231178.823940265;338
1620231178.8023629189;-0.0224518847;-1.2643875147;1.8094884690;0.7203524913;-0.0146797291;0.0051447430;0.6934337210;1620231178.7944049835;-0.0537184773;5.2450265711;1.4840606321;0.7068100257;0.0062721126;0.0071835053;-0.7073391304;338;1620231178.823940265;338
1620231178.8116788864;-0.0224387803;-1.2642824981;1.8095999795;0.7204045265;-0.0142620467;0.0047123701;0.6933914521;1620231178.8023850918;-0.0537148919;5.2450253313;1.4840627595;0.7068078342;0.0062640178;0.0071767648;-0.7073414604;338;1620231178.823940265;338
1620231178.8192958832;-0.0224410117;-1.2642691906;1.8095301856;0.7203773915;-0.0142681119;0.0046952812;0.6934196342;1620231178.8117001057;-0.0537462423;5.2450281241;1.4840652448;0.7068084798;0.0062683438;0.0071832376;-0.7073407113;339;1620231178.849911545;339
1620231178.8358130455;-0.0225175118;-1.2642324635;1.8093708800;0.7202219721;-0.0141204561;0.0049883907;0.6935820352;1620231178.8193171024;-0.0537190305;5.2450281069;1.4840643733;0.7068075472;0.0062712813;0.0071832141;-0.7073416174;339;1620231178.849911545;339
1620231178.8444321156;-0.0225230362;-1.2641905000;1.8093469000;0.7201627022;-0.0139260382;0.0050200033;0.6936472788;1620231178.8358340263;-0.0537187682;5.2450308296;1.4840625572;0.7068091648;0.0062710829;0.0071830906;-0.7073400040;339;1620231178.849911545;339
1620231178.8524630070;-0.0225545526;-1.2641486691;1.8093188776;0.7200755657;-0.0136842404;0.0052225055;0.6937410516;1620231178.8444540501;-0.0537157967;5.2450339516;1.4840644541;0.7068078513;0.0062696931;0.0071841887;-0.7073413177;340;1620231178.875882945;340
1620231178.8610410690;-0.0225724236;-1.2641000348;1.8092823745;0.7199853086;-0.0134846146;0.0053404944;0.6938377330;1620231178.8524730206;-0.0537127423;5.2450363110;1.4840629184;0.7068064805;0.0062741950;0.0071868100;-0.7073426209;340;1620231178.875882945;340
1620231178.8774440289;-0.0225992079;-1.2640374744;1.8091657308;0.7199356865;-0.0131521698;0.0057990999;0.6938919211;1620231178.8610639572;-0.0537072057;5.2450223399;1.4840645205;0.7068067848;0.0062616497;0.0071733765;-0.7073425644;340;1620231178.875882945;340
1620231178.8852660656;-0.0226002257;-1.2640026617;1.8091208898;0.7198926473;-0.0130693262;0.0059164627;0.6939371475;1620231178.8774809837;-0.0537353998;5.2450347914;1.4840657671;0.7068107209;0.0062778424;0.0071894773;-0.7073383243;341;1620231178.927825657;341
1620231178.8933639526;-0.0226260039;-1.2639789184;1.8090782292;0.7198707498;-0.0129021708;0.0061046337;0.6939613613;1620231178.8852779865;-0.0537137600;5.2450310897;1.4840573375;0.7068099630;0.0062781201;0.0071865612;-0.7073391087;341;1620231178.927825657;341
1620231178.9021599293;-0.0226884562;-1.2639454756;1.8090517539;0.7197581993;-0.0127340886;0.0062273827;0.6940801087;1620231178.8933899403;-0.0537101236;5.2450328067;1.4840630462;0.7068082074;0.0062743372;0.0071833816;-0.7073409288;341;1620231178.927825657;341
1620231178.9121389389;-0.0226841938;-1.2639244911;1.8090086446;0.7197603055;-0.0126809847;0.0063655651;0.6940776432;1620231178.9021849632;-0.0537156343;5.2450228015;1.4840652699;0.7068100496;0.0062641048;0.0071745454;-0.7073392685;341;1620231178.927825657;341
1620231178.9190030098;-0.0226793843;-1.2638906020;1.8089767166;0.7197811557;-0.0126049833;0.0064672183;0.6940564656;1620231178.9121689796;-0.0537161102;5.2450311305;1.4840598315;0.7068121490;0.0062767094;0.0071872464;-0.7073369299;342;1620231178.953797049;342
1620231178.9365549088;-0.0227557964;-1.2638618499;1.8088901391;0.7196794954;-0.0123201231;0.0068337026;0.6941634815;1620231178.9190139771;-0.0537135467;5.2450318674;1.4840606125;0.7068094048;0.0062729184;0.0071841052;-0.7073397376;342;1620231178.953797049;342
1620231178.9451100826;-0.0227060458;-1.2638452740;1.8088481238;0.7197290245;-0.0121594367;0.0069284222;0.6941140225;1620231178.9365649223;-0.0537144388;5.2450384871;1.4840631456;0.7068083206;0.0062800588;0.0071886519;-0.7073407114;342;1620231178.953797049;342
1620231178.9520719051;-0.0227176142;-1.2638404429;1.8088057066;0.7197137274;-0.0119237789;0.0071347895;0.6941318815;1620231178.9451200962;-0.0537152335;5.2450384066;1.4840608995;0.7068089910;0.0062793809;0.0071900761;-0.7073400331;342;1620231178.953797049;342
1620231178.9610359669;-0.0227763192;-1.2638202491;1.8087838504;0.7196057176;-0.0116520851;0.0072676092;0.6942470900;1620231178.9521269798;-0.0537160549;5.2450384845;1.4840654739;0.7068096212;0.0062787524;0.0071873528;-0.7073394366;343;1620231179.005739777;343
1620231178.9691829681;-0.0227579379;-1.2638002986;1.8087357735;0.7196646844;-0.0114179661;0.0075202979;0.6941871629;1620231178.9610469341;-0.0537061572;5.2450381956;1.4840636675;0.7068066375;0.0062769362;0.0071856647;-0.7073424513;343;1620231179.005739777;343
1620231178.9858319759;-0.0227549100;-1.2637743046;1.8085241043;0.7196348195;-0.0113713724;0.0082128451;0.6942110397;1620231178.9691998959;-0.0537193047;5.2450376567;1.4840653155;0.7068087743;0.0062783447;0.0071893407;-0.7073402664;343;1620231179.005739777;343
1620231178.9948549271;-0.0226818172;-1.2637476709;1.8083919416;0.7197300259;-0.0116243201;0.0084040528;0.6941058543;1620231178.9858500957;-0.0537156351;5.2450361615;1.4840632844;0.7068080187;0.0062740461;0.0071877945;-0.7073410751;344;1620231179.031711073;344
1620231179.0024859905;-0.0226992662;-1.2637200801;1.8083105178;0.7197378062;-0.0117274518;0.0085373164;0.6940944254;1620231178.9948959351;-0.0537084876;5.2450336729;1.4840636623;0.7068085138;0.0062772319;0.0071836482;-0.7073405943;344;1620231179.031711073;344
1620231179.0108780861;-0.0226160297;-1.2637000330;1.8081243406;0.7198812415;-0.0121620530;0.0087702376;0.6939352747;1620231179.0025010109;-0.0537117971;5.2450346738;1.4840617374;0.7068061233;0.0062749639;0.0071849526;-0.7073429899;344;1620231179.031711073;344
1620231179.0273609161;-0.0226294741;-1.2636812358;1.8078515330;0.7199161982;-0.0126901252;0.0090124701;0.6938864487;1620231179.0108990669;-0.0537128099;5.2450357367;1.4840632877;0.7068075960;0.0062761414;0.0071875273;-0.7073414817;344;1620231179.031711073;344
1620231179.0357201099;-0.0225902587;-1.2636931445;1.8077247524;0.7200135929;-0.0128576543;0.0090118110;0.6937823103;1620231179.0274050236;-0.0537334801;5.2450389185;1.4840669910;0.7068061378;0.0062797397;0.0071919951;-0.7073428615;345;1620231179.057682433;345
1620231179.0437450409;-0.0226407742;-1.2637025934;1.8076739758;0.7199808091;-0.0128740913;0.0088439274;0.6938181874;1620231179.0357370377;-0.0537091894;5.2450310206;1.4840633368;0.7068065352;0.0062745122;0.0071827753;-0.7073426045;345;1620231179.057682433;345
1620231179.0520811081;-0.0226030423;-1.2636855842;1.8075934517;0.7200630220;-0.0129123134;0.0086742122;0.6937342968;1620231179.0437819958;-0.0537088180;5.2450257159;1.4840654250;0.7068074792;0.0062667445;0.0071761837;-0.7073417969;345;1620231179.057682433;345
1620231179.0606799126;-0.0225461077;-1.2636573525;1.8075205441;0.7201780706;-0.0128883120;0.0085350493;0.6936170348;1620231179.0520980358;-0.0537167556;5.2450275554;1.4840644168;0.7068053773;0.0062683495;0.0071828432;-0.7073438154;346;1620231179.109625145;346
1620231179.0774080753;-0.0224362382;-1.2635229825;1.8074002336;0.7203054730;-0.0128906405;0.0081302489;0.6934895500;1620231179.0607190132;-0.0537078289;5.2450299717;1.4840635331;0.7068067687;0.0062734655;0.0071833724;-0.7073423743;346;1620231179.109625145;346
1620231179.0854809284;-0.0225019533;-1.2636815139;1.8069399821;0.7201885416;-0.0137974136;0.0088122413;0.6935852077;1620231179.0774400234;-0.0537117026;5.2450397568;1.4840600420;0.7068050685;0.0062829608;0.0071956672;-0.7073438640;346;1620231179.109625145;346
1620231179.0940370560;-0.0224787349;-1.2636460911;1.8067748297;0.7202189466;-0.0140901167;0.0088126780;0.6935477448;1620231179.0855150223;-0.0537054108;5.2450340460;1.4840591605;0.7068070541;0.0062797753;0.0071889912;-0.7073419761;346;1620231179.109625145;346
1620231179.1020560265;-0.0223754005;-1.2634319190;1.8068750468;0.7203678907;-0.0138374203;0.0082067273;0.6934055649;1620231179.0940558910;-0.0537080221;5.2450371387;1.4840608673;0.7068044123;0.0062779579;0.0071890508;-0.7073446314;347;1620231179.135596545;347
1620231179.1106419563;-0.0222923516;-1.2634166036;1.8066606116;0.7204723417;-0.0143821756;0.0081814965;0.6932862475;1620231179.1020739079;-0.0536998574;5.2450360887;1.4840602948;0.7068066213;0.0062785586;0.0071874322;-0.7073424352;347;1620231179.135596545;347
1620231179.1191079617;-0.0222658939;-1.2633896830;1.8065175890;0.7204975385;-0.0146612849;0.0081027639;0.6932551399;1620231179.1106710434;-0.0537033093;5.2450409682;1.4840625615;0.7068042935;0.0062839247;0.0071919847;-0.7073446673;347;1620231179.135596545;347
1620231179.1359760761;-0.0221949264;-1.2633392445;1.8063085132;0.7206169569;-0.0150374685;0.0074596351;0.6931301680;1620231179.1191270351;-0.0537044665;5.2450428903;1.4840623788;0.7068037920;0.0062835258;0.0071980773;-0.7073451100;347;1620231179.135596545;347
1620231179.1440670490;-0.0221309752;-1.2633346473;1.8062443960;0.7206929058;-0.0151492013;0.0070284019;0.6930532727;1620231179.1359949112;-0.0537070721;5.2450393632;1.4840645524;0.7068053002;0.0062816214;0.0071947056;-0.7073436542;348;1620231179.161567817;348
1620231179.1526899338;-0.0221211357;-1.2633162202;1.8061615833;0.7207696035;-0.0151073010;0.0067501648;0.6929771882;1620231179.1441090107;-0.0536960553;5.2450398794;1.4840607668;0.7068049680;0.0062847876;0.0071934737;-0.7073439705;348;1620231179.161567817;348
1620231179.1608951092;-0.0221003252;-1.2632941444;1.8060723310;0.7208111244;-0.0150404914;0.0065608393;0.6929372713;1620231179.1527090073;-0.0537079380;5.2450431239;1.4840628971;0.7068017466;0.0062835691;0.0071960305;-0.7073471742;348;1620231179.161567817;348
1620231179.1689980030;-0.0220156767;-1.2632635405;1.8059624272;0.7208571312;-0.0150817642;0.0063001307;0.6928909331;1620231179.1609189510;-0.0536975290;5.2450353363;1.4840624876;0.7068028623;0.0062775911;0.0071890065;-0.7073461839;349;1620231179.213510481;349
1620231179.1857249737;-0.0219265533;-1.2632009564;1.8057750851;0.7209884971;-0.0152227951;0.0058395123;0.6927551903;1620231179.1690170765;-0.0537087438;5.2450396326;1.4840659612;0.7068031122;0.0062808067;0.0071942663;-0.7073458522;349;1620231179.213510481;349
1620231179.1935889721;-0.0218828369;-1.2631525478;1.8056763869;0.7209514155;-0.0153359048;0.0055867555;0.6927933709;1620231179.1857440472;-0.0537004961;5.2450298248;1.4840637643;0.7068018482;0.0062731505;0.0071856684;-0.7073472705;349;1620231179.213510481;349
1620231179.2024910450;-0.0219174186;-1.2631238650;1.8055584874;0.7208913199;-0.0155238323;0.0054735637;0.6928526219;1620231179.1936359406;-0.0537027702;5.2450411876;1.4840644386;0.7068022468;0.0062829316;0.0071967721;-0.7073466726;349;1620231179.213510481;349
1620231179.2109780312;-0.0219724196;-1.2630966882;1.8054941612;0.7207802988;-0.0155228788;0.0053780899;0.6929688862;1620231179.2025289536;-0.0537003618;5.2450402822;1.4840668530;0.7068032203;0.0062778188;0.0071924602;-0.7073457890;350;1620231179.239481865;350
1620231179.2273900509;-0.0219402135;-1.2630189489;1.8053419080;0.7207524300;-0.0154239380;0.0051834672;0.6930015646;1620231179.2110149860;-0.0536931268;5.2450328950;1.4840650148;0.7068004278;0.0062718019;0.0071820555;-0.7073487385;350;1620231179.239481865;350
1620231179.2358920574;-0.0219616569;-1.2629995859;1.8052733159;0.7206492846;-0.0153268424;0.0051852031;0.6931109653;1620231179.2274229527;-0.0536990081;5.2450282936;1.4840670705;0.7068030712;0.0062680356;0.0071770756;-0.7073461810;350;1620231179.239481865;350
1620231179.2437970638;-0.0219079826;-1.2630091189;1.8051536650;0.7207121275;-0.0154000135;0.0052151710;0.6930437726;1620231179.2359099388;-0.0536947084;5.2450350888;1.4840643199;0.7068057635;0.0062784073;0.0071840530;-0.7073433280;350;1620231179.239481865;350
1620231179.2524130344;-0.0219252181;-1.2629195085;1.8052762016;0.7206666889;-0.0148277098;0.0048697647;0.6931060149;1620231179.2438418865;-0.0537018553;5.2450357251;1.4840620520;0.7068048518;0.0062771903;0.0071889629;-0.7073441999;351;1620231179.291424649;351
1620231179.2605469227;-0.0219331820;-1.2628623099;1.8052752535;0.7206143135;-0.0144867448;0.0048578939;0.6931677620;1620231179.2524321079;-0.0536982965;5.2450384479;1.4840620337;0.7068024997;0.0062766380;0.0071874647;-0.7073465704;351;1620231179.291424649;351
1620231179.2772679329;-0.0219570277;-1.2628527029;1.8050937869;0.7204805583;-0.0144732625;0.0049405721;0.6933064839;1620231179.2605719566;-0.0537013348;5.2450351938;1.4840642775;0.7068012349;0.0062701887;0.0071824803;-0.7073479420;351;1620231179.291424649;351
1620231179.2858181000;-0.0218979315;-1.2628207475;1.8050899117;0.7204984185;-0.0143962836;0.0047480943;0.6932908708;1620231179.2773060799;-0.0536966914;5.2450316640;1.4840624144;0.7068045341;0.0062708020;0.0071782484;-0.7073446829;352;1620231179.317396001;352
1620231179.3024489880;-0.0219458113;-1.2627960440;1.8049882706;0.7203721130;-0.0141832176;0.0046906550;0.6934268908;1620231179.2858359814;-0.0537144749;5.2450358565;1.4840610839;0.7068049530;0.0062747667;0.0071853459;-0.7073441571;352;1620231179.317396001;352
1620231179.3108060360;-0.0219315814;-1.2627542502;1.8049746186;0.7203170283;-0.0138805931;0.0046651322;0.6934904069;1620231179.3024680614;-0.0537038332;5.2450306813;1.4840647050;0.7068041019;0.0062681016;0.0071764509;-0.7073451569;352;1620231179.317396001;352
1620231179.3191320896;-0.0219086266;-1.2627266026;1.8049571125;0.7203330497;-0.0135182915;0.0047597103;0.6934802798;1620231179.3108260632;-0.0537012958;5.2450328136;1.4840631440;0.7068058482;0.0062687407;0.0071789123;-0.7073433813;353;1620231179.343367353;353
1620231179.3355801105;-0.0218665209;-1.2625798891;1.8049203170;0.7203253845;-0.0127509722;0.0050730699;0.6935005531;1620231179.3191430569;-0.0537115232;5.2450419873;1.4840623461;0.7068052648;0.0062779137;0.0071942821;-0.7073437268;353;1620231179.343367353;353
1620231179.3442149162;-0.0218868636;-1.2625566157;1.8048727886;0.7202271287;-0.0124626274;0.0052499772;0.6936065194;1620231179.3355970383;-0.0537041015;5.2450324538;1.4840641245;0.7068066043;0.0062683471;0.0071804026;-0.7073426141;353;1620231179.343367353;353
1620231179.3522880077;-0.0219541122;-1.2625235619;1.8048670406;0.7200452121;-0.0121669792;0.0054409900;0.6937991445;1620231179.3442609310;-0.0537165891;5.2450371745;1.4840601554;0.7068073969;0.0062720545;0.0071857210;-0.7073417353;353;1620231179.343367353;353
1620231179.3603560925;-0.0219225787;-1.2625111837;1.8047681962;0.7200525858;-0.0121990503;0.0056916548;0.6937889174;1620231179.3523058891;-0.0537014495;5.2450454358;1.4840580370;0.7068055038;0.0062822847;0.0071911541;-0.7073434809;354;1620231179.395310033;354
1620231179.3775310516;-0.0218973159;-1.2624688639;1.8046605695;0.7200593477;-0.0122326716;0.0058542571;0.6937799545;1620231179.3604130745;-0.0537279324;5.2450446321;1.4840621012;0.7068053277;0.0062788193;0.0071905025;-0.7073436942;354;1620231179.395310033;354
1620231179.3858809471;-0.0219063622;-1.2624555110;1.8046167636;0.7200707647;-0.0122107282;0.0059675196;0.6937675263;1620231179.3775770664;-0.0537085932;5.2450453903;1.4840564250;0.7068079315;0.0062830355;0.0071947231;-0.7073410121;354;1620231179.395310033;354
1620231179.4022350311;-0.0219118773;-1.2624427249;1.8045502764;0.7200952308;-0.0121732989;0.0060577281;0.6937420078;1620231179.3859241009;-0.0537069037;5.2450483867;1.4840586578;0.7068048549;0.0062857432;0.0071955823;-0.7073440536;355;1620231179.421281361;355
1620231179.4106678963;-0.0218813732;-1.2624296229;1.8045399086;0.7200838104;-0.0119395163;0.0061405462;0.6937571965;1620231179.4022519588;-0.0537074140;5.2450417085;1.4840594398;0.7068052698;0.0062738799;0.0071892786;-0.7073438084;355;1620231179.421281361;355
1620231179.4275090694;-0.0218783083;-1.2624748900;1.8044296422;0.7200145504;-0.0117763253;0.0066084570;0.6938275677;1620231179.4107050896;-0.0537112471;5.2450375732;1.4840633217;0.7068043232;0.0062673424;0.0071807846;-0.7073448985;355;1620231179.421281361;355
1620231179.4362230301;-0.0219269798;-1.2624866221;1.8044231002;0.7199594040;-0.0115447355;0.0067557136;0.6938872646;1620231179.4275450706;-0.0537157339;5.2450335522;1.4840653985;0.7068012080;0.0062726547;0.0071842174;-0.7073479294;356;1620231179.473224097;356
1620231179.4442470074;-0.0218834789;-1.2624596744;1.8044454034;0.7199704566;-0.0112916914;0.0068437419;0.6938790979;1620231179.4362399578;-0.0537169327;5.2450339897;1.4840644870;0.7068049086;0.0062784736;0.0071892331;-0.7073441290;356;1620231179.473224097;356
1620231179.4523689747;-0.0218587963;-1.2624546269;1.8044301693;0.7200104167;-0.0111201573;0.0070492235;0.6938383460;1620231179.4443058968;-0.0537160247;5.2450356669;1.4840626923;0.7068055869;0.0062765919;0.0071901690;-0.7073434584;356;1620231179.473224097;356
1620231179.4606950283;-0.0218294996;-1.2624219907;1.8044155367;0.7200200399;-0.0111827282;0.0070811462;0.6938270289;1620231179.4523849487;-0.0537146731;5.2450253565;1.4840680059;0.7068028506;0.0062654658;0.0071752553;-0.7073464427;357;1620231179.499195225;357
1620231179.4772601128;-0.0217743514;-1.2623316768;1.8044409278;0.7200672419;-0.0112344216;0.0071431764;0.6937765706;1620231179.4607319832;-0.0537106300;5.2450242064;1.4840675893;0.7068072796;0.0062789058;0.0071793021;-0.7073418569;357;1620231179.499195225;357
1620231179.4849760532;-0.0217681499;-1.2623220771;1.8043593108;0.7200230509;-0.0115668044;0.0072676014;0.6938156796;1620231179.4772849083;-0.0537178734;5.2450299601;1.4840629921;0.7068030985;0.0062750410;0.0071886658;-0.7073459740;357;1620231179.499195225;357
1620231179.5017440319;-0.0217026708;-1.2623444850;1.8040939079;0.7199943480;-0.0126260463;0.0076092107;0.6938233361;1620231179.4849960804;-0.0537189985;5.2450252003;1.4840621430;0.7068040779;0.0062712065;0.0071872658;-0.7073450436;358;1620231179.551138073;358
1620231179.5098109245;-0.0216940725;-1.2623580383;1.8039846563;0.7199886561;-0.0130448639;0.0077976848;0.6938194021;1620231179.5017719269;-0.0537119223;5.2450141485;1.4840592480;0.7068037310;0.0062646853;0.0071721725;-0.7073456011;358;1620231179.551138073;358
1620231179.5182900429;-0.0216594475;-1.2623646165;1.8039542294;0.7200336395;-0.0133638657;0.0076942982;0.6937678019;1620231179.5098280907;-0.0537155212;5.2450264417;1.4840562189;0.7068037972;0.0062768577;0.0071876076;-0.7073452704;358;1620231179.551138073;358
1620231179.5353119373;-0.0215590722;-1.2623952474;1.8039876120;0.7202184841;-0.0135794443;0.0071952241;0.6935770776;1620231179.5183079243;-0.0537149421;5.2450338399;1.4840534812;0.7068032018;0.0062898969;0.0072027003;-0.7073455961;358;1620231179.551138073;358
1620231179.5435550213;-0.0215473836;-1.2624318723;1.8040012994;0.7203227683;-0.0136157708;0.0068962986;0.6934710962;1620231179.5353229046;-0.0537121695;5.2450257177;1.4840568519;0.7068013489;0.0062730839;0.0071864025;-0.7073477625;359;1620231179.577109505;359
1620231179.5516610146;-0.0214303257;-1.2624381781;1.8040446285;0.7204970667;-0.0135591275;0.0067706848;0.6932923516;1620231179.5435719490;-0.0537097150;5.2450203344;1.4840647563;0.7068032867;0.0062615528;0.0071727424;-0.7073460671;359;1620231179.577109505;359
1620231179.5597140789;-0.0213625530;-1.2624556123;1.8040640610;0.7206138727;-0.0135340962;0.0067019745;0.6931720986;1620231179.5516788960;-0.0537386689;5.2450267994;1.4840713689;0.7068057290;0.0062662283;0.0071789852;-0.7073435220;359;1620231179.577109505;359
1620231179.5683219433;-0.0213028344;-1.2624577433;1.8040727152;0.7207097732;-0.0134799909;0.0066568263;0.6930738772;1620231179.5597310066;-0.0537084563;5.2450235965;1.4840691242;0.7068024660;0.0062650601;0.0071738017;-0.7073468454;360;1620231179.603080873;360
1620231179.5850100517;-0.0212345075;-1.2624704259;1.8040071633;0.7207345748;-0.0138421148;0.0066948684;0.6930405813;1620231179.5683410168;-0.0537148241;5.2450191866;1.4840678445;0.7068035952;0.0062657183;0.0071791508;-0.7073456570;360;1620231179.603080873;360
1620231179.5932610035;-0.0212096184;-1.2624698101;1.8039357963;0.7208520723;-0.0140606794;0.0066448439;0.6929144487;1620231179.5850210190;-0.0537091017;5.2450235787;1.4840627554;0.7068074888;0.0062720705;0.0071848729;-0.7073416519;360;1620231179.603080873;360
1620231179.6018519402;-0.0211890073;-1.2624834066;1.8038502603;0.7208775247;-0.0144723659;0.0067789337;0.6928781936;1620231179.5932788849;-0.0537140638;5.2450241389;1.4840676831;0.7068013594;0.0062620159;0.0071753780;-0.7073479621;360;1620231179.603080873;360
1620231179.6096611023;-0.0211974827;-1.2624727502;1.8038053682;0.7208362207;-0.0147452042;0.0068230636;0.6929149787;1620231179.6018710136;-0.0537158375;5.2450267174;1.4840673412;0.7068009439;0.0062669186;0.0071756632;-0.7073483309;361;1620231179.655023537;361
1620231179.6269419193;-0.0210943637;-1.2624993572;1.8037188261;0.7209035549;-0.0153310880;0.0066349885;0.6928340344;1620231179.6096789837;-0.0537121707;5.2450463713;1.4840665801;0.7067994816;0.0062803875;0.0071870106;-0.7073495574;361;1620231179.655023537;361
1620231179.6436929703;-0.0209434412;-1.2625066056;1.8037284333;0.7210439026;-0.0155958302;0.0060421393;0.6926874859;1620231179.6269578934;-0.0537096957;5.2450519324;1.4840699469;0.7068014671;0.0062783082;0.0071841681;-0.7073476209;361;1620231179.655023537;361
1620231179.6523180008;-0.0209186405;-1.2625177869;1.8037657082;0.7210017225;-0.0155511346;0.0058630544;0.6927339338;1620231179.6437089443;-0.0537046384;5.2450602267;1.4840622570;0.7068032747;0.0062860550;0.0071955861;-0.7073456297;362;1620231179.680994945;362
1620231179.6605229378;-0.0209556579;-1.2625484537;1.8038001695;0.7209971220;-0.0153476876;0.0058761119;0.6927431486;1620231179.6523358822;-0.0537098252;5.2450538826;1.4840651285;0.7068036623;0.0062832960;0.0071938460;-0.7073452847;362;1620231179.680994945;362
1620231179.6687960625;-0.0208747759;-1.2625433361;1.8038624795;0.7210237045;-0.0153758581;0.0054636544;0.6927182320;1620231179.6605560780;-0.0537166644;5.2450526667;1.4840614324;0.7068049665;0.0062862802;0.0071982999;-0.7073439097;362;1620231179.680994945;362
1620231179.6855440140;-0.0209043186;-1.2626535592;1.8038853778;0.7209616292;-0.0154267202;0.0052915737;0.6927830431;1620231179.6688079834;-0.0537086294;5.2450448174;1.4840608419;0.7068014729;0.0062755734;0.0071858231;-0.7073476225;363;1620231179.732937689;363
1620231179.6929759979;-0.0208926465;-1.2626868659;1.8038853582;0.7209500732;-0.0156101419;0.0051061253;0.6927923519;1620231179.6855731010;-0.0537128784;5.2450389186;1.4840611538;0.7068015779;0.0062711895;0.0071806679;-0.7073476088;363;1620231179.732937689;363
1620231179.7014350891;-0.0209517025;-1.2627070944;1.8039090879;0.7208664663;-0.0154846113;0.0051994370;0.6928814693;1620231179.6929879189;-0.0537217713;5.2450506079;1.4840609754;0.7068051495;0.0062813359;0.0071938845;-0.7073438156;363;1620231179.732937689;363
1620231179.7096130848;-0.0208090474;-1.2626132710;1.8040848591;0.7210154425;-0.0152254621;0.0046950808;0.6927357889;1620231179.7014479637;-0.0537153516;5.2450406675;1.4840634415;0.7068011344;0.0062651818;0.0071767992;-0.7073481444;363;1620231179.732937689;363
1620231179.7191860676;-0.0208028752;-1.2626189738;1.8040676339;0.7209654294;-0.0152099772;0.0048171199;0.6927873423;1620231179.7096240520;-0.0537128607;5.2450441117;1.4840619370;0.7068027853;0.0062768780;0.0071866008;-0.7073462916;364;1620231179.758908945;364
1620231179.7277760506;-0.0209416799;-1.2626711647;1.8040491503;0.7207569539;-0.0150825564;0.0052093563;0.6930041793;1620231179.7192099094;-0.0537188952;5.2450454842;1.4840616378;0.7068037209;0.0062772319;0.0071889726;-0.7073453295;364;1620231179.758908945;364
1620231179.7440268993;-0.0208600042;-1.2626603139;1.8040961391;0.7207120548;-0.0149063709;0.0053156876;0.6930538779;1620231179.7277939320;-0.0537152091;5.2450398480;1.4840606120;0.7068036717;0.0062714514;0.0071832255;-0.7073454883;364;1620231179.758908945;364
1620231179.7534959316;-0.0208739853;-1.2626755345;1.8041686261;0.7206304146;-0.0146878745;0.0053826811;0.6931429136;1620231179.7440490723;-0.0537138669;5.2450392241;1.4840643461;0.7068014171;0.0062648285;0.0071796273;-0.7073478364;365;1620231179.784880313;365
1620231179.7605578899;-0.0208789487;-1.2626913004;1.8042125702;0.7205546052;-0.0145844496;0.0054448849;0.6932234185;1620231179.7535190582;-0.0537104324;5.2450475470;1.4840605288;0.7068026179;0.0062746503;0.0071859154;-0.7073464856;365;1620231179.784880313;365
1620231179.7769649029;-0.0208522777;-1.2626858102;1.8044037443;0.7205444540;-0.0142245077;0.0053757052;0.6932419888;1620231179.7605900764;-0.0537092119;5.2450437722;1.4840620117;0.7068030902;0.0062747561;0.0071842847;-0.7073460293;365;1620231179.784880313;365
1620231179.7948210239;-0.0208287992;-1.2626002993;1.8046734684;0.7206463744;-0.0136273123;0.0053229432;0.6931484442;1620231179.7769880295;-0.0537113348;5.2450431809;1.4840606327;0.7068040638;0.0062725771;0.0071814179;-0.7073451049;366;1620231179.836823049;366
1620231179.8040111065;-0.0208346920;-1.2626067704;1.8047952462;0.7206517322;-0.0134947267;0.0052676467;0.6931458902;1620231179.7948529720;-0.0537068464;5.2450369099;1.4840631549;0.7068004139;0.0062657164;0.0071723290;-0.7073489050;366;1620231179.836823049;366
1620231179.8104240894;-0.0208761424;-1.2626486066;1.8048743570;0.7205718979;-0.0133794483;0.0053621915;0.6932303926;1620231179.8040230274;-0.0537086577;5.2450299680;1.4840661775;0.7067994048;0.0062590558;0.0071666932;-0.7073500294;366;1620231179.836823049;366
1620231179.8199570179;-0.0208677167;-1.2626770387;1.8049896049;0.7204763622;-0.0132121748;0.0054037952;0.6933325674;1620231179.8104360104;-0.0537088451;5.2450387532;1.4840628942;0.7067985757;0.0062691498;0.0071788982;-0.7073506447;366;1620231179.836823049;366
1620231179.8363320827;-0.0208644256;-1.2627181158;1.8052177214;0.7203717615;-0.0127244349;0.0055960704;0.6934488431;1620231179.8199698925;-0.0537035972;5.2450240372;1.4840640931;0.7067974976;0.0062550766;0.0071651352;-0.7073519861;367;1620231179.862794345;367
1620231179.8527429104;-0.0208633271;-1.2627939522;1.8053792952;0.7202261865;-0.0121418489;0.0061830938;0.6936054968;1620231179.8363599777;-0.0537149941;5.2450367557;1.4840598875;0.7067994599;0.0062731832;0.0071866588;-0.7073496467;367;1620231179.862794345;367
1620231179.8604969978;-0.0208794655;-1.2628143294;1.8054400624;0.7201536083;-0.0119024058;0.0065228859;0.6936818905;1620231179.8527560234;-0.0537109985;5.2450324556;1.4840591362;0.7067992101;0.0062618954;0.0071750005;-0.7073501146;368;1620231179.888765817;368
1620231179.8777499199;-0.0208732717;-1.2628745222;1.8055104359;0.7200333304;-0.0116091035;0.0073769352;0.6938031512;1620231179.8605101109;-0.0536997981;5.2450438099;1.4840550244;0.7068009934;0.0062783842;0.0071871426;-0.7073480633;368;1620231179.888765817;368
1620231179.8860499859;-0.0208425807;-1.2628939948;1.8055420609;0.7200398033;-0.0116116794;0.0077043501;0.6937928318;1620231179.8777759075;-0.0537055317;5.2450446706;1.4840545051;0.7067980280;0.0062818482;0.0071918341;-0.7073509479;368;1620231179.888765817;368
1620231179.8946740627;-0.0208473277;-1.2628965228;1.8055836347;0.7200103681;-0.0115114037;0.0081273167;0.6938202247;1620231179.8860640526;-0.0536969856;5.2450487258;1.4840514644;0.7067958823;0.0062809493;0.0071929339;-0.7073530888;368;1620231179.888765817;368
1620231179.9027390480;-0.0207927039;-1.2629083517;1.8056459025;0.7200363613;-0.0116094663;0.0082788416;0.6937898237;1620231179.8947360516;-0.0536966342;5.2450518498;1.4840504068;0.7067991878;0.0062861832;0.0071969767;-0.7073496982;369;1620231179.940708489;369
1620231179.9114329815;-0.0206926276;-1.2628495688;1.8058512995;0.7201948092;-0.0114595949;0.0080439210;0.6936306004;1620231179.9027559757;-0.0537011674;5.2450457650;1.4840511023;0.7067961610;0.0062778788;0.0071888025;-0.7073528795;369;1620231179.940708489;369
1620231179.9195110798;-0.0206344097;-1.2628210251;1.8060056076;0.7202418466;-0.0113260745;0.0080009519;0.6935844485;1620231179.9114689827;-0.0537024500;5.2450410486;1.4840530067;0.7067937350;0.0062753345;0.0071845443;-0.7073553694;369;1620231179.940708489;369
1620231179.9359159470;-0.0206443649;-1.2629492777;1.8060970449;0.7202484350;-0.0115732619;0.0079106771;0.6935745618;1620231179.9195280075;-0.0536963557;5.2450296031;1.4840513265;0.7067941867;0.0062680070;0.0071740247;-0.7073550898;370;1620231179.966679817;370
1620231179.9441020489;-0.0205643215;-1.2630078736;1.8061621836;0.7203874575;-0.0114907009;0.0079253708;0.6934313689;1620231179.9359459877;-0.0537042658;5.2450308884;1.4840544015;0.7067930388;0.0062684970;0.0071798705;-0.7073561731;370;1620231179.966679817;370
1620231179.9527120590;-0.0205518643;-1.2631374920;1.8061481178;0.7203092531;-0.0115252347;0.0081582523;0.6935093307;1620231179.9441139698;-0.0537306511;5.2450314187;1.4840653875;0.7067959760;0.0062729880;0.0071836291;-0.7073531603;370;1620231179.966679817;370
1620231179.9625730515;-0.0204180018;-1.2631789852;1.8062035132;0.7204921634;-0.0114576458;0.0081169833;0.6933209065;1620231179.9527370930;-0.0537073104;5.2450325258;1.4840605744;0.7067964169;0.0062759512;0.0071895264;-0.7073526335;370;1620231179.966679817;370
1620231179.9697179794;-0.0203188852;-1.2632134707;1.8062716258;0.7206139501;-0.0113461701;0.0080940410;0.6931964266;1620231179.9626340866;-0.0537058511;5.2450250259;1.4840657007;0.7067956945;0.0062669694;0.0071821662;-0.7073535098;371;1620231179.992651161;371
1620231179.9865610600;-0.0202659526;-1.2632761621;1.8063052091;0.7206456071;-0.0115120279;0.0080835006;0.6931609043;1620231179.9697449207;-0.0537093929;5.2450245918;1.4840661984;0.7067957109;0.0062704235;0.0071845236;-0.7073534389;371;1620231179.992651161;371
1620231179.9938800335;-0.0201988973;-1.2633038169;1.8063025858;0.7206999923;-0.0118306167;0.0080379918;0.6930995226;1620231179.9865770340;-0.0537160511;5.2450262282;1.4840624507;0.7067992683;0.0062746768;0.0071904493;-0.7073497863;371;1620231179.992651161;371
1620231180.0026390553;-0.0201200573;-1.2633053997;1.8062650074;0.7207927549;-0.0122384375;0.0080712253;0.6929955848;1620231179.9938929081;-0.0536996541;5.2450320282;1.4840613562;0.7067959372;0.0062788547;0.0071874526;-0.7073531082;372;1620231180.044593889;372
1620231180.0105860233;-0.0201025003;-1.2633391900;1.8062134093;0.7207555076;-0.0128260206;0.0079871812;0.6930246723;1620231180.0026650429;-0.0537062188;5.2450389709;1.4840603156;0.7067982930;0.0062832352;0.0071965056;-0.7073506233;372;1620231180.044593889;372
1620231180.0268309116;-0.0199617091;-1.2633837643;1.8061214982;0.7208676875;-0.0139355265;0.0078988278;0.6928875715;1620231180.0106210709;-0.0537034353;5.2450213807;1.4840650071;0.7067976758;0.0062644827;0.0071768411;-0.7073516062;372;1620231180.044593889;372
1620231180.0351641178;-0.0199638416;-1.2634207332;1.8060843215;0.7208208262;-0.0143593997;0.0077826203;0.6929289826;1620231180.0268421173;-0.0537112178;5.2450335939;1.4840646526;0.7067992447;0.0062751529;0.0071906122;-0.7073498040;372;1620231180.044593889;372
1620231180.0433709621;-0.0199176504;-1.2634498600;1.8060719012;0.7208240569;-0.0147416323;0.0076852927;0.6929186818;1620231180.0351760387;-0.0537070591;5.2450217936;1.4840617710;0.7068004441;0.0062740226;0.0071843250;-0.7073486794;373;1620231180.070565193;373
1620231180.0517969131;-0.0198686443;-1.2634714085;1.8061043071;0.7208062479;-0.0149672409;0.0075299047;0.6929340771;1620231180.0433828831;-0.0537074410;5.2450253498;1.4840607955;0.7067986686;0.0062744449;0.0071876643;-0.7073504159;373;1620231180.070565193;373
1620231180.0598149300;-0.0198045544;-1.2635100373;1.8061253728;0.7208183761;-0.0151512651;0.0073544342;0.6929193460;1620231180.0518100262;-0.0537085473;5.2450136752;1.4840619662;0.7068015584;0.0062653609;0.0071768988;-0.7073477182;373;1620231180.070565193;373
1620231180.0763139725;-0.0195136922;-1.2634809613;1.8062594902;0.7210983320;-0.0151564045;0.0067717766;0.6926338296;1620231180.0598258972;-0.0537070809;5.2450228289;1.4840646786;0.7068006958;0.0062736723;0.0071846936;-0.7073484273;374;1620231180.096536609;374
1620231180.0847790241;-0.0195727940;-1.2635524510;1.8062982922;0.7209601807;-0.0151559765;0.0065812828;0.6927794749;1620231180.0763680935;-0.0537115164;5.2450076242;1.4840627751;0.7068005630;0.0062564360;0.0071723549;-0.7073488379;374;1620231180.096536609;374
1620231180.0927290916;-0.0195392231;-1.2636051220;1.8063770082;0.7209462967;-0.0151026537;0.0063485066;0.6927972601;1620231180.0847909451;-0.0537106428;5.2450134091;1.4840608840;0.7067989403;0.0062612482;0.0071747818;-0.7073503922;374;1620231180.096536609;374
1620231180.1017229557;-0.0195102706;-1.2636387057;1.8064526084;0.7209171155;-0.0150191078;0.0061046301;0.6928316336;1620231180.0927391052;-0.0537089414;5.2450047516;1.4840598536;0.7067998008;0.0062568736;0.0071725382;-0.7073495938;375;1620231180.148479217;375
1620231180.1098139286;-0.0194285302;-1.2636684131;1.8065375183;0.7209329871;-0.0149115867;0.0059221955;0.6928190242;1620231180.1017510891;-0.0537105011;5.2450128146;1.4840563608;0.7068015888;0.0062675362;0.0071792615;-0.7073476446;375;1620231180.148479217;375
1620231180.1262850761;-0.0192974065;-1.2637303066;1.8067135308;0.7209642257;-0.0148050560;0.0056521605;0.6927910570;1620231180.1098339558;-0.0537156987;5.2450182022;1.4840633303;0.7068005751;0.0062698141;0.0071846679;-0.7073485824;375;1620231180.148479217;375
1620231180.1348569393;-0.0192624889;-1.2637733650;1.8067784865;0.7208999404;-0.0147754913;0.0056615184;0.6928585050;1620231180.1262979507;-0.0537136196;5.2450199164;1.4840646561;0.7068005717;0.0062678768;0.0071840270;-0.7073486095;375;1620231180.148479217;375
1620231180.1514360905;-0.0191773440;-1.2638401868;1.8070837067;0.7207685854;-0.0143767060;0.0053220051;0.6930062286;1620231180.1348690987;-0.0537180566;5.2450210641;1.4840615718;0.7068026288;0.0062727475;0.0071864651;-0.7073464860;376;1620231180.174450673;376
1620231180.1597681046;-0.0191535955;-1.2638668234;1.8071377115;0.7206518976;-0.0142366326;0.0053653287;0.6931301277;1620231180.1514489651;-0.0537163115;5.2450183479;1.4840660340;0.7068026019;0.0062664063;0.0071829714;-0.7073466045;376;1620231180.174450673;376
1620231180.1764569283;-0.0190669113;-1.2639519184;1.8072146564;0.7205042761;-0.0137911061;0.0059365367;0.6932879279;1620231180.1597800255;-0.0537243605;5.2450276973;1.4840626289;0.7068045189;0.0062767452;0.0071918730;-0.7073445069;377;1620231180.200422041;377
1620231180.1849780083;-0.0189809619;-1.2639752669;1.8072429420;0.7204675622;-0.0135776309;0.0062522188;0.6933275197;1620231180.1764709949;-0.0537197262;5.2450360541;1.4840637396;0.7067995865;0.0062777226;0.0071952900;-0.7073493921;377;1620231180.200422041;377
1620231180.1931428909;-0.0188784504;-1.2639964204;1.8072666081;0.7204319078;-0.0134775683;0.0065222434;0.6933640326;1620231180.1849899292;-0.0537263145;5.2450463939;1.4840657861;0.7068013229;0.0062867605;0.0072033521;-0.7073474948;377;1620231180.200422041;377
1620231180.2014079094;-0.0188766077;-1.2640062742;1.8073091228;0.7202799611;-0.0133106990;0.0067881200;0.6935225478;1620231180.1931540966;-0.0537283159;5.2450514331;1.4840678559;0.7068010072;0.0062836014;0.0072048881;-0.7073478226;377;1620231180.200422041;377
1620231180.2097830772;-0.0188330544;-1.2640193365;1.8073169134;0.7201708219;-0.0133025229;0.0071040693;0.6936328729;1620231180.2014200687;-0.0537122796;5.2450618912;1.4840686926;0.7067977373;0.0062844187;0.0072029794;-0.7073511022;378;1620231180.252364649;378
1620231180.2263300419;-0.0186927879;-1.2640445538;1.8073612872;0.7201039869;-0.0136087074;0.0073609252;0.6936936413;1620231180.2097940445;-0.0537202308;5.2450665644;1.4840713557;0.7067996162;0.0062858193;0.0072034996;-0.7073492070;378;1620231180.252364649;378
1620231180.2347619534;-0.0186828919;-1.2640533762;1.8074030856;0.7200490336;-0.0136427559;0.0074842090;0.6937486944;1620231180.2263400555;-0.0537218002;5.2450653780;1.4840667444;0.7068031760;0.0062815338;0.0071976941;-0.7073457471;378;1620231180.252364649;378
1620231180.2430820465;-0.0186045928;-1.2640727242;1.8074711258;0.7200950257;-0.0137024509;0.0073999052;0.6937006834;1620231180.2347750664;-0.0537156658;5.2450558842;1.4840663128;0.7068062699;0.0062757983;0.0071861049;-0.7073428243;379;1620231180.278336049;379
1620231180.2515439987;-0.0184857173;-1.2641116504;1.8075526365;0.7202017085;-0.0137236727;0.0071785704;0.6935918310;1620231180.2430939674;-0.0537190420;5.2450610739;1.4840654206;0.7068044856;0.0062776110;0.0071931417;-0.7073445196;379;1620231180.278336049;379
1620231180.2620720863;-0.0183895245;-1.2641454004;1.8076442555;0.7203714567;-0.0135680584;0.0071320413;0.6934190696;1620231180.2515590191;-0.0537212496;5.2450618012;1.4840658128;0.7068076782;0.0062840957;0.0071942080;-0.7073412610;379;1620231180.278336049;379
1620231180.2706139088;-0.0182527579;-1.2641837066;1.8077114019;0.7205325674;-0.0134564627;0.0070632707;0.6932545371;1620231180.2620990276;-0.0537203144;5.2450479084;1.4840673073;0.7068059818;0.0062658131;0.0071765004;-0.7073432982;379;1620231180.278336049;379
1620231180.2869141102;-0.0180900894;-1.2642603694;1.8078254106;0.7206992754;-0.0132038799;0.0070839516;0.6930858747;1620231180.2706398964;-0.0537229928;5.2450565580;1.4840664310;0.7068035713;0.0062740139;0.0071906821;-0.7073454902;380;1620231180.304307457;380
1620231180.2951109409;-0.0179765412;-1.2642953711;1.8078521282;0.7207961719;-0.0133207264;0.0070089873;0.6929836296;1620231180.2869400978;-0.0537238664;5.2450663613;1.4840672426;0.7068055484;0.0062826829;0.0071974682;-0.7073433686;380;1620231180.304307457;380
1620231180.3031001091;-0.0179123971;-1.2643295604;1.8078393309;0.7208002501;-0.0135039198;0.0069924171;0.6929760094;1620231180.2951231003;-0.0537199015;5.2450613135;1.4840657308;0.7068055931;0.0062769177;0.0071933614;-0.7073434169;380;1620231180.304307457;380
1620231180.3113000393;-0.0178486992;-1.2643552737;1.8078398168;0.7207034941;-0.0139783218;0.0070482861;0.6930666648;1620231180.3031129837;-0.0537156419;5.2450600939;1.4840606423;0.7068056135;0.0062829886;0.0071921112;-0.7073433553;381;1620231180.356250145;381
1620231180.3195810318;-0.0178519597;-1.2643869199;1.8078449054;0.7208465313;-0.0140503940;0.0070192002;0.6929167306;1620231180.3113250732;-0.0537243398;5.2450706232;1.4840595041;0.7068029216;0.0062837661;0.0072020612;-0.7073459370;381;1620231180.356250145;381
1620231180.3368151188;-0.0176609987;-1.2644183751;1.8078246734;0.7208494410;-0.0149716226;0.0069083014;0.6928955255;1620231180.3195929527;-0.0537151731;5.2450706182;1.4840579529;0.7068016731;0.0062872124;0.0072003774;-0.7073471710;381;1620231180.356250145;381
1620231180.3442730904;-0.0175722508;-1.2644422487;1.8078343425;0.7208738383;-0.0152936403;0.0067489919;0.6928646801;1620231180.3368389606;-0.0537180309;5.2450794100;1.4840626801;0.7068048201;0.0062908163;0.0072036394;-0.7073439612;381;1620231180.356250145;381
1620231180.3530058861;-0.0174885377;-1.2644551048;1.8078744894;0.7210000647;-0.0153757319;0.0066139740;0.6927328121;1620231180.3442969322;-0.0537134344;5.2450833107;1.4840665897;0.7068038505;0.0062893806;0.0072029160;-0.7073449502;382;1620231180.382221449;382
1620231180.3614571095;-0.0174596648;-1.2644898294;1.8079179181;0.7209666328;-0.0154542951;0.0065205345;0.6927667441;1620231180.3530321121;-0.0537085706;5.2450830052;1.4840657308;0.7068033810;0.0062865802;0.0071968203;-0.7073455063;382;1620231180.382221449;382
1620231180.3700120449;-0.0173887237;-1.2645237755;1.8079565402;0.7209846150;-0.0155430276;0.0064134600;0.6927470438;1620231180.3615000248;-0.0537188524;5.2450874271;1.4840692187;0.7068040056;0.0062814769;0.0071964138;-0.7073449317;382;1620231180.382221449;382
1620231180.3869259357;-0.0172532917;-1.2646223846;1.8080539458;0.7210035818;-0.0156118401;0.0061832394;0.6927278492;1620231180.3700399399;-0.0537155120;5.2450773706;1.4840685839;0.7068044883;0.0062805265;0.0071929118;-0.7073444934;383;1620231180.408192849;383
1620231180.4032750130;-0.0171856013;-1.2646012632;1.8083131101;0.7209070886;-0.0151666351;0.0057233494;0.6928421076;1620231180.3869509697;-0.0537151950;5.2450660858;1.4840623150;0.7068032430;0.0062754625;0.0071894654;-0.7073458177;383;1620231180.408192849;383
1620231180.4111149311;-0.0171159935;-1.2646361474;1.8083417493;0.7208503267;-0.0151998054;0.0055930146;0.6929015014;1620231180.4032869339;-0.0537117181;5.2450750623;1.4840640859;0.7068000712;0.0062844070;0.0071964698;-0.7073488365;383;1620231180.408192849;383
1620231180.4197449684;-0.0170399957;-1.2646338105;1.8084322748;0.7208237012;-0.0150339171;0.0054402638;0.6929340348;1620231180.4111390114;-0.0537097440;5.2450661457;1.4840616859;0.7068031574;0.0062828753;0.0071941869;-0.7073457894;384;1620231180.460135489;384
1620231180.4362139702;-0.0169464402;-1.2646188788;1.8085348855;0.7207110172;-0.0143946389;0.0057235743;0.6930625259;1620231180.4197700024;-0.0537080964;5.2450657334;1.4840648011;0.7067996606;0.0062754413;0.0071886917;-0.7073494054;384;1620231180.460135489;384
1620231180.4445209503;-0.0168835598;-1.2646365389;1.8085625904;0.7206383092;-0.0140968476;0.0060553391;0.6931414279;1620231180.4362390041;-0.0537115534;5.2450683779;1.4840636797;0.7068014532;0.0062823039;0.0071990229;-0.7073474482;384;1620231180.460135489;384
1620231180.4528970718;-0.0168052511;-1.2646498235;1.8085936395;0.7205755326;-0.0138595254;0.0062825172;0.6932094527;1620231180.4445550442;-0.0537050342;5.2450590391;1.4840634716;0.7067992486;0.0062712578;0.0071840617;-0.7073499012;385;1620231180.486106913;385
1620231180.4613540173;-0.0167841466;-1.2646674020;1.8086045628;0.7204547734;-0.0135981161;0.0066954125;0.6933362692;1620231180.4529221058;-0.0537050364;5.2450619369;1.4840620463;0.7068003026;0.0062805567;0.0071951272;-0.7073486531;385;1620231180.486106913;385
1620231180.4694600105;-0.0167060476;-1.2646860240;1.8086218890;0.7203993560;-0.0135583028;0.0068810333;0.6933928120;1620231180.4613800049;-0.0537094220;5.2450560556;1.4840641477;0.7067997724;0.0062729344;0.0071877503;-0.7073493255;385;1620231180.486106913;385
1620231180.4864089489;-0.0166000915;-1.2647029700;1.8086478714;0.7202722135;-0.0135405356;0.0073133692;0.6935208050;1620231180.4694969654;-0.0537067848;5.2450583585;1.4840639598;0.7068021894;0.0062783801;0.0071886340;-0.7073468531;385;1620231180.486106913;385
1620231180.5030500889;-0.0164884076;-1.2647252301;1.8087068143;0.7201734032;-0.0136838876;0.0074750764;0.6936188751;1620231180.4864339828;-0.0537239663;5.2450684065;1.4840661866;0.7067981055;0.0062831689;0.0071984389;-0.7073507915;386;1620231180.512078257;386
1620231180.5114960670;-0.0164290099;-1.2647549018;1.8087463305;0.7201720514;-0.0137000289;0.0074527286;0.6936202004;1620231180.5030770302;-0.0537062036;5.2450588584;1.4840627744;0.7068003672;0.0062771195;0.0071909985;-0.7073486610;386;1620231180.512078257;386
1620231180.5196809769;-0.0163492584;-1.2647760852;1.8088097534;0.7202372310;-0.0136829409;0.0073312975;0.6935541509;1620231180.5115718842;-0.0537020168;5.2450618961;1.4840604459;0.7067965231;0.0062793584;0.0071942550;-0.7073524491;387;1620231180.564020977;387
1620231180.5375170708;-0.0161601401;-1.2648936634;1.8088925141;0.7203148645;-0.0135808056;0.0073738277;0.6934750784;1620231180.5197100639;-0.0537066044;5.2450585304;1.4840602469;0.7067996967;0.0062838412;0.0071947848;-0.7073492328;387;1620231180.564020977;387
1620231180.5449540615;-0.0160773478;-1.2649070555;1.8089530261;0.7203831583;-0.0134715425;0.0072906647;0.6934071452;1620231180.5375421047;-0.0537074272;5.2450463559;1.4840609340;0.7067964940;0.0062721309;0.0071837014;-0.7073526496;387;1620231180.564020977;387
1620231180.5535979271;-0.0160571872;-1.2649515898;1.8089771276;0.7203495160;-0.0135092477;0.0072932206;0.6934413342;1620231180.5449759960;-0.0536985067;5.2450441135;1.4840586652;0.7067954187;0.0062698798;0.0071824464;-0.7073537568;387;1620231180.564020977;387
1620231180.5610940456;-0.0159182540;-1.2649475105;1.8090325036;0.7204692463;-0.0135426229;0.0071149157;0.6933181380;1620231180.5536389351;-0.0537029698;5.2450501998;1.4840576995;0.7067968157;0.0062851275;0.0071942269;-0.7073521058;388;1620231180.589992289;388
1620231180.5777289867;-0.0158428678;-1.2649794975;1.8090528491;0.7204969904;-0.0141254105;0.0067964591;0.6932808722;1620231180.5611178875;-0.0537051023;5.2450384640;1.4840638427;0.7067964782;0.0062699530;0.0071807638;-0.7073527145;388;1620231180.589992289;388
1620231180.5871999264;-0.0157749302;-1.2649839959;1.8090500260;0.7204889236;-0.0144733230;0.0066139695;0.6932838447;1620231180.5777559280;-0.0537025230;5.2450352509;1.4840646824;0.7067952678;0.0062724578;0.0071828025;-0.7073538811;388;1620231180.589992289;388
1620231180.5946409702;-0.0157111318;-1.2649947401;1.8090233381;0.7205105585;-0.0147999024;0.0065534261;0.6932550401;1620231180.5872249603;-0.0537111624;5.2450232444;1.4840649149;0.7067972439;0.0062608158;0.0071738173;-0.7073521008;389;1620231180.615963721;389
1620231180.6033370495;-0.0155822074;-1.2650215860;1.8089716984;0.7206290603;-0.0151614046;0.0065670826;0.6931239159;1620231180.5946660042;-0.0537061108;5.2450303957;1.4840640390;0.7067982346;0.0062688487;0.0071776255;-0.7073510012;389;1620231180.615963721;389
1620231180.6111030579;-0.0155592719;-1.2650528683;1.8089510149;0.7204965115;-0.0154198391;0.0065159875;0.6932564802;1620231180.6033620834;-0.0537021072;5.2450272616;1.4840632080;0.7067973952;0.0062660690;0.0071771311;-0.7073518695;389;1620231180.615963721;389
1620231180.6197960377;-0.0154030741;-1.2649768553;1.8091169392;0.7206388792;-0.0152069942;0.0060626149;0.6931173046;1620231180.6111280918;-0.0537081699;5.2450146398;1.4840645471;0.7067957437;0.0062538619;0.0071676575;-0.7073537238;389;1620231180.615963721;389
1620231180.6364250183;-0.0154026168;-1.2649967678;1.8091134158;0.7203697528;-0.0152172214;0.0061036521;0.6933964240;1620231180.6198210716;-0.0537169219;5.2450243999;1.4840660644;0.7067985308;0.0062692031;0.0071770941;-0.7073507074;390;1620231180.667906425;390
1620231180.6443440914;-0.0153159552;-1.2650329708;1.8090776113;0.7204341206;-0.0154473634;0.0061069569;0.6933244276;1620231180.6364510059;-0.0537085276;5.2450206395;1.4840650122;0.7067958554;0.0062598445;0.0071727121;-0.7073535081;390;1620231180.667906425;390
1620231180.6535298824;-0.0152891985;-1.2650462507;1.8091038024;0.7203678796;-0.0154045506;0.0061062317;0.6933942109;1620231180.6443700790;-0.0537142370;5.2450202814;1.4840655102;0.7067989100;0.0062645098;0.0071775191;-0.7073503658;390;1620231180.667906425;390
1620231180.6615920067;-0.0152435030;-1.2650521412;1.8091635021;0.7204475752;-0.0153301201;0.0058733728;0.6933150672;1620231180.6535570621;-0.0537170221;5.2450137061;1.4840677380;0.7067992805;0.0062616868;0.0071717954;-0.7073500786;391;1620231180.693877761;391
1620231180.6697819233;-0.0152032561;-1.2650593379;1.8092210807;0.7204310610;-0.0153210479;0.0057605895;0.6933333739;1620231180.6616621017;-0.0537133670;5.2450213111;1.4840656412;0.7067991784;0.0062674574;0.0071794466;-0.7073500519;391;1620231180.693877761;391
1620231180.6863889694;-0.0150400890;-1.2650818187;1.8093182008;0.7204882127;-0.0152406951;0.0055208114;0.6932777057;1620231180.6698091030;-0.0537079665;5.2450149439;1.4840659869;0.7067989001;0.0062617263;0.0071736884;-0.7073504392;391;1620231180.693877761;391
1620231180.6946730614;-0.0149472396;-1.2650921079;1.8093826145;0.7204832042;-0.0151141031;0.0054391901;0.6932863273;1620231180.6864030361;-0.0537218851;5.2450199770;1.4840664573;0.7068005086;0.0062694412;0.0071833523;-0.7073486655;392;1620231180.719849065;392
1620231180.7030940056;-0.0148292679;-1.2650434279;1.8094775361;0.7205342113;-0.0147480655;0.0054050558;0.6932414661;1620231180.6947000027;-0.0537145150;5.2450215640;1.4840656935;0.7067995507;0.0062653338;0.0071808347;-0.7073496846;392;1620231180.719849065;392
1620231180.7116899490;-0.0148216089;-1.2650890064;1.8095523489;0.7203811731;-0.0143538447;0.0056237990;0.6934070273;1620231180.7031199932;-0.0537146098;5.2450190501;1.4840634795;0.7068000955;0.0062677013;0.0071804280;-0.7073491234;392;1620231180.719849065;392
1620231180.7202720642;-0.0147280477;-1.2650298115;1.8096472216;0.7203573052;-0.0139261843;0.0057256871;0.6934397095;1620231180.7117249966;-0.0537134169;5.2450194793;1.4840647149;0.7067971882;0.0062624693;0.0071799933;-0.7073520792;392;1620231180.719849065;392
1620231180.7362210751;-0.0145962359;-1.2651087295;1.8096761595;0.7201901269;-0.0134368640;0.0065177052;0.6936159970;1620231180.7202980518;-0.0537126554;5.2450127827;1.4840668789;0.7068001180;0.0062564600;0.0071713107;-0.7073492929;393;1620231180.771791785;393
1620231180.7444438934;-0.0145136420;-1.2651074799;1.8096686156;0.7201378371;-0.0134096256;0.0067293456;0.6936687923;1620231180.7362470627;-0.0537171458;5.2450151047;1.4840611167;0.7068001425;0.0062656616;0.0071785894;-0.7073491132;393;1620231180.771791785;393
1620231180.7533049583;-0.0144406451;-1.2650697544;1.8096624049;0.7200907588;-0.0134269428;0.0069677473;0.6937149752;1620231180.7444689274;-0.0537126671;5.2450045457;1.4840625222;0.7068034262;0.0062570301;0.0071679709;-0.7073460161;393;1620231180.771791785;393
1620231180.7619218826;-0.0143576745;-1.2650564182;1.8096392239;0.7200976236;-0.0135050853;0.0073123884;0.6937027852;1620231180.7533369064;-0.0537175779;5.2450205474;1.4840606034;0.7067999869;0.0062648666;0.0071837038;-0.7073492237;394;1620231180.797763209;394
1620231180.7775750160;-0.0142980714;-1.2650507002;1.8096281341;0.7199699870;-0.0139748600;0.0073864720;0.6938251661;1620231180.7619450092;-0.0537179155;5.2450124770;1.4840565862;0.7068016639;0.0062657147;0.0071795405;-0.7073475828;394;1620231180.797763209;394
1620231180.7861049175;-0.0141734336;-1.2649791190;1.8096670393;0.7201206054;-0.0140688916;0.0072534063;0.6936683416;1620231180.7775990963;-0.0537127488;5.2450196254;1.4840519459;0.7068003973;0.0062717214;0.0071824339;-0.7073487658;394;1620231180.797763209;394
1620231180.7947430611;-0.0140815239;-1.2650102377;1.8096625624;0.7201818020;-0.0143156282;0.0072335310;0.6935999646;1620231180.7861189842;-0.0537200063;5.2450279105;1.4840514783;0.7068038727;0.0062776121;0.0071936393;-0.7073451270;394;1620231180.797763209;394
1620231180.8030240536;-0.0140162496;-1.2650095210;1.8097269281;0.7202412496;-0.0143399947;0.0071153973;0.6935389520;1620231180.7947690487;-0.0537278137;5.2450282640;1.4840545063;0.7068034974;0.0062770481;0.0071931965;-0.7073455115;395;1620231180.823734545;395
1620231180.8110249043;-0.0139020547;-1.2649753132;1.8098798192;0.7203223375;-0.0141526258;0.0067972872;0.6934617727;1620231180.8030478954;-0.0537253939;5.2450354846;1.4840566569;0.7068012164;0.0062782022;0.0071987894;-0.7073477236;395;1620231180.823734545;395
1620231180.8192510605;-0.0137887226;-1.2649285847;1.8100253773;0.7204412530;-0.0140119115;0.0063622284;0.6933452166;1620231180.8110480309;-0.0537187435;5.2450470862;1.4840592351;0.7068000528;0.0062850326;0.0072019325;-0.7073487937;395;1620231180.823734545;395
1620231180.8364861012;-0.0136642065;-1.2648999657;1.8101470100;0.7205149521;-0.0139101474;0.0061901247;0.6932722366;1620231180.8192770481;-0.0537250270;5.2450426238;1.4840611961;0.7068012523;0.0062793565;0.0071990648;-0.7073476747;396;1620231180.875677225;396
1620231180.8529379368;-0.0134125682;-1.2648857225;1.8100492210;0.7207389923;-0.0144700935;0.0061778178;0.6930279619;1620231180.8365108967;-0.0537131461;5.2450482575;1.4840637975;0.7068003121;0.0062780630;0.0071925125;-0.7073486923;396;1620231180.875677225;396
1620231180.8609220982;-0.0133609040;-1.2648847954;1.8099800494;0.7207268410;-0.0147875596;0.0062429459;0.6930333140;1620231180.8529500961;-0.0537157674;5.2450483180;1.4840690616;0.7067989585;0.0062716930;0.0071888177;-0.7073501389;396;1620231180.875677225;396
1620231180.8694438934;-0.0133315896;-1.2648783383;1.8099297562;0.7207223232;-0.0150785849;0.0063175847;0.6930310652;1620231180.8609590530;-0.0537172331;5.2450444773;1.4840713885;0.7068011214;0.0062718764;0.0071848598;-0.7073480163;397;1620231180.901648569;397
1620231180.8864409924;-0.0130918791;-1.2648698968;1.8099004357;0.7209462096;-0.0157772262;0.0061556119;0.6927840576;1620231180.8694710732;-0.0537122353;5.2450451179;1.4840699281;0.7068032103;0.0062757574;0.0071866370;-0.7073458765;397;1620231180.901648569;397
1620231180.8944849968;-0.0129868415;-1.2648653368;1.8098719914;0.7210951666;-0.0160498985;0.0061298580;0.6926229756;1620231180.8864660263;-0.0537149355;5.2450441990;1.4840695597;0.7068043544;0.0062729135;0.0071841531;-0.7073447837;397;1620231180.901648569;397
1620231180.9033479691;-0.0129228853;-1.2648330324;1.8099150966;0.7211069792;-0.0161730215;0.0059023404;0.6926097894;1620231180.8945100307;-0.0537368594;5.2450382204;1.4840686655;0.7068047066;0.0062702823;0.0071835913;-0.7073444608;398;1620231180.927619905;398
1620231180.9124720097;-0.0128782114;-1.2648191401;1.8099592677;0.7211478881;-0.0162567257;0.0056773643;0.6925671158;1620231180.9033749104;-0.0537164312;5.2450403648;1.4840644792;0.7068020715;0.0062692977;0.0071850356;-0.7073470880;398;1620231180.927619905;398
1620231180.9208350182;-0.0128145422;-1.2648030705;1.8100334754;0.7212206118;-0.0162785817;0.0053740490;0.6924932899;1620231180.9124960899;-0.0537155121;5.2450402793;1.4840606794;0.7068022533;0.0062753569;0.0071884037;-0.7073468184;398;1620231180.927619905;398
1620231180.9366679192;-0.0127400875;-1.2647771344;1.8101804750;0.7212974853;-0.0162902231;0.0048283790;0.6924169647;1620231180.9208590984;-0.0537354567;5.2450474982;1.4840638770;0.7068031909;0.0062828663;0.0071920294;-0.7073457779;398;1620231180.927619905;398
1620231180.9444649220;-0.0127141222;-1.2647501465;1.8102953849;0.7212468853;-0.0161474992;0.0045517811;0.6924748876;1620231180.9366939068;-0.0537168397;5.2450484803;1.4840648157;0.7068012072;0.0062849046;0.0071971186;-0.7073476903;399;1620231180.979562633;399
1620231180.9529960155;-0.0126450688;-1.2647410238;1.8103002594;0.7212834992;-0.0162028387;0.0045524110;0.6924354535;1620231180.9444870949;-0.0537379422;5.2450596493;1.4840658236;0.7068031085;0.0062939137;0.0072052596;-0.7073456275;399;1620231180.979562633;399
1620231180.9620220661;-0.0126436623;-1.2647228124;1.8103746315;0.7211676242;-0.0160383915;0.0045156469;0.6925602044;1620231180.9530210495;-0.0537097266;5.2450527216;1.4840638631;0.7067996861;0.0062821198;0.0071963210;-0.7073492431;399;1620231180.979562633;399
1620231180.9772529602;-0.0125413867;-1.2646843123;1.8104143691;0.7211076114;-0.0159133279;0.0047231174;0.6926241917;1620231180.9620559216;-0.0537366504;5.2450463921;1.4840688606;0.7068013324;0.0062766063;0.0071901922;-0.7073477094;400;1620231181.005534001;400
1620231180.9859449863;-0.0125821864;-1.2646771973;1.8104297181;0.7209229729;-0.0157816393;0.0048344894;0.6928186160;1620231180.9772789478;-0.0537103745;5.2450438016;1.4840563608;0.7068027182;0.0062833272;0.0071931849;-0.7073462344;400;1620231181.005534001;400
1620231180.9944889545;-0.0125999993;-1.2646176515;1.8105150361;0.7207714838;-0.0153480133;0.0049716157;0.6929849852;1620231180.9859709740;-0.0537418482;5.2450525950;1.4840613921;0.7067996077;0.0062834454;0.0071998527;-0.7073492737;400;1620231181.005534001;400
1620231181.0025610924;-0.0125525598;-1.2646039690;1.8105113562;0.7207335880;-0.0152816609;0.0051738482;0.6930243843;1620231180.9945011139;-0.0537189076;5.2450500851;1.4840609746;0.7068014086;0.0062834439;0.0071960216;-0.7073475132;400;1620231181.005534001;400
1620231181.0109479427;-0.0126260240;-1.2646396343;1.8104682592;0.7205265300;-0.0152801090;0.0054947851;0.6932372214;1620231181.0025908947;-0.0537186109;5.2450524343;1.4840588532;0.7068008285;0.0062878561;0.0072002205;-0.7073480108;401;1620231181.057476737;401
1620231181.0272490978;-0.0124467760;-1.2644836260;1.8107964406;0.7207126551;-0.0145519767;0.0052629292;0.6930611880;1620231181.0109720230;-0.0537076003;5.2450508785;1.4840600184;0.7068000508;0.0062844475;0.0071965713;-0.7073488555;401;1620231181.057476737;401
1620231181.0358281136;-0.0125212222;-1.2644837652;1.8107788446;0.7205183093;-0.0145480518;0.0055811446;0.6932608246;1620231181.0272719860;-0.0537112009;5.2450476548;1.4840631141;0.7068009328;0.0062786420;0.0071882555;-0.7073481103;401;1620231181.057476737;401
1620231181.0451900959;-0.0125060333;-1.2644970697;1.8107882485;0.7205095760;-0.0144724523;0.0058540415;0.6932692329;1620231181.0358550549;-0.0537179765;5.2450461916;1.4840627860;0.7068008259;0.0062790985;0.0071892268;-0.7073482031;401;1620231181.057476737;401
1620231181.0527250767;-0.0124864964;-1.2644613211;1.8108458881;0.7204766264;-0.0142924852;0.0059599045;0.6933063069;1620231181.0452148914;-0.0537150286;5.2450488533;1.4840613442;0.7067990085;0.0062802555;0.0071938670;-0.7073499616;402;1620231181.083448073;402
1620231181.0613009930;-0.0124455223;-1.2644549645;1.8109051885;0.7204805458;-0.0141283468;0.0060710393;0.6933046339;1620231181.0527369976;-0.0537217070;5.2450447937;1.4840642382;0.7068008123;0.0062786925;0.0071920374;-0.7073481917;402;1620231181.083448073;402
1620231181.0762059689;-0.0124473023;-1.2644281159;1.8110898738;0.7203326336;-0.0135068920;0.0062409465;0.6934691856;1620231181.0613260269;-0.0537198838;5.2450446871;1.4840636582;0.7067980588;0.0062740430;0.0071883261;-0.7073510221;402;1620231181.083448073;402
1620231181.0849709511;-0.0123470005;-1.2644132934;1.8111633488;0.7204337964;-0.0132553190;0.0062879444;0.6933685191;1620231181.0762200356;-0.0537203998;5.2450393189;1.4840643830;0.7068015913;0.0062752244;0.0071885510;-0.7073474796;403;1620231181.109419377;403
1620231181.0931689739;-0.0122872092;-1.2643977343;1.8112208362;0.7204988742;-0.0129702930;0.0064963555;0.6933043639;1620231181.0849859715;-0.0537263214;5.2450404450;1.4840637083;0.7068029869;0.0062797081;0.0071918592;-0.7073460116;403;1620231181.109419377;403
1620231181.1014189720;-0.0122505420;-1.2643639049;1.8112608822;0.7205113546;-0.0126521699;0.0068084314;0.6932942779;1620231181.0931830406;-0.0537143478;5.2450290419;1.4840705000;0.7068010592;0.0062622112;0.0071730877;-0.7073482835;403;1620231181.109419377;403
1620231181.1098449230;-0.0122816228;-1.2643208571;1.8113248478;0.7203828774;-0.0124238372;0.0069599473;0.6934303984;1620231181.1014339924;-0.0537296269;5.2450374223;1.4840692516;0.7068022931;0.0062731475;0.0071898733;-0.7073467833;403;1620231181.109419377;403
1620231181.1262669563;-0.0121458608;-1.2642778569;1.8112771391;0.7205407295;-0.0126784778;0.0073912855;0.6932572987;1620231181.1098589897;-0.0537110170;5.2450383179;1.4840652476;0.7068012795;0.0062742161;0.0071857707;-0.7073478283;404;1620231181.161362089;404
1620231181.1358759403;-0.0122027712;-1.2642181216;1.8113310293;0.7204368767;-0.0127209349;0.0074152154;0.6933641894;1620231181.1262800694;-0.0537206128;5.2450323918;1.4840645124;0.7068001500;0.0062627883;0.0071784438;-0.7073491326;404;1620231181.161362089;404
1620231181.1442389488;-0.0120854069;-1.2641900957;1.8112873023;0.7206161490;-0.0131038731;0.0074550103;0.6931703089;1620231181.1358900070;-0.0537195838;5.2450335599;1.4840622898;0.7068012811;0.0062734468;0.0071844658;-0.7073478467;404;1620231181.161362089;404
1620231181.1535921097;-0.0120991935;-1.2641593898;1.8112938598;0.7205437604;-0.0133351676;0.0074151253;0.6932415730;1620231181.1442520618;-0.0537179712;5.2450342305;1.4840635165;0.7067981844;0.0062705000;0.0071814837;-0.7073509975;404;1620231181.161362089;404
1620231181.1601130962;-0.0121169798;-1.2641529328;1.8113197327;0.7206167652;-0.0134252910;0.0073715720;0.6931644099;1620231181.1536059380;-0.0537223135;5.2450390329;1.4840643995;0.7068031974;0.0062820779;0.0071948279;-0.7073457500;405;1620231181.187333497;405
1620231181.1769030094;-0.0119759380;-1.2641338548;1.8114353465;0.7208541945;-0.0136901460;0.0067006855;0.6929191230;1620231181.1601259708;-0.0537252489;5.2450321151;1.4840670367;0.7068023120;0.0062704392;0.0071862324;-0.7073468254;405;1620231181.187333497;405
1620231181.1938729286;-0.0118453225;-1.2641021224;1.8115193165;0.7210442120;-0.0138818630;0.0061787834;0.6927224270;1620231181.1769158840;-0.0537164409;5.2450305242;1.4840682771;0.7068016819;0.0062702008;0.0071831685;-0.7073474882;406;1620231181.239276169;406
1620231181.2027170658;-0.0118853282;-1.2641026567;1.8115607811;0.7210270645;-0.0139372301;0.0060682060;0.6927401409;1620231181.1938850880;-0.0537133717;5.2450397307;1.4840604563;0.7068015687;0.0062782619;0.0071950708;-0.7073474089;406;1620231181.239276169;406
1620231181.2102260590;-0.0118169051;-1.2640906026;1.8115880746;0.7210973266;-0.0140750071;0.0059073946;0.6926656065;1620231181.2027308941;-0.0537238845;5.2450351356;1.4840610815;0.7068046179;0.0062740450;0.0071923421;-0.7073444272;406;1620231181.239276169;406
1620231181.2276411057;-0.0117637292;-1.2640524635;1.8116676489;0.7210547074;-0.0143653890;0.0054340348;0.6927078864;1620231181.2102379799;-0.0537146748;5.2450385713;1.4840598061;0.7068032053;0.0062771986;0.0071917603;-0.7073458166;406;1620231181.239276169;406
1620231181.2352321148;-0.0117399715;-1.2640630415;1.8115959763;0.7209799774;-0.0145256051;0.0056968946;0.6927802136;1620231181.2276539803;-0.0537156102;5.2450475059;1.4840594700;0.7068056939;0.0062813059;0.0071978990;-0.7073432310;407;1620231181.265247521;407
1620231181.2440409660;-0.0117507280;-1.2640758592;1.8116541950;0.7209629033;-0.0144890157;0.0056003114;0.6927995360;1620231181.2352640629;-0.0537097507;5.2450509446;1.4840592185;0.7068047323;0.0062864373;0.0072004748;-0.7073441201;407;1620231181.265247521;407
1620231181.2520918846;-0.0116614379;-1.2639769434;1.8118846942;0.7210929974;-0.0140289923;0.0052440266;0.6926763867;1620231181.2440528870;-0.0537196764;5.2450418564;1.4840642373;0.7068026943;0.0062733272;0.0071912053;-0.7073463673;407;1620231181.265247521;407
1620231181.2604138851;-0.0115418692;-1.2639934591;1.8118684078;0.7211908416;-0.0141172509;0.0054672420;0.6925709945;1620231181.2521328926;-0.0537151599;5.2450492705;1.4840661523;0.7068011242;0.0062808157;0.0071959934;-0.7073478210;407;1620231181.265247521;407
1620231181.2771739960;-0.0116001683;-1.2640301653;1.8119060161;0.7209796630;-0.0139884659;0.0058894591;0.6927899846;1620231181.2604260445;-0.0537116761;5.2450370852;1.4840648504;0.7068023561;0.0062733921;0.0071864544;-0.7073467529;408;1620231181.317190217;408
1620231181.2858281136;-0.0116789668;-1.2640258218;1.8119882394;0.7208488383;-0.0138960179;0.0059429668;0.6929275100;1620231181.2771859169;-0.0537135004;5.2450342928;1.4840618027;0.7068048864;0.0062819036;0.0071923673;-0.7073440889;408;1620231181.317190217;408
1620231181.3026320934;-0.0115626563;-1.2639727197;1.8120681681;0.7207618501;-0.0141013262;0.0057599764;0.6930153899;1620231181.2858409882;-0.0537240415;5.2450443648;1.4840643777;0.7068032969;0.0062853524;0.0072021304;-0.7073455472;408;1620231181.317190217;408
1620231181.3098900318;-0.0115603675;-1.2639445122;1.8121565623;0.7206857460;-0.0140726248;0.0056010436;0.6930964183;1620231181.3026459217;-0.0537140331;5.2450452435;1.4840628992;0.7067996213;0.0062829261;0.0071998030;-0.7073492652;409;1620231181.343161521;409
1620231181.3267610073;-0.0114157438;-1.2639245862;1.8122876624;0.7207427065;-0.0138952127;0.0056161893;0.6930406428;1620231181.3099000454;-0.0537162104;5.2450498215;1.4840621117;0.7068011592;0.0062904046;0.0072071033;-0.7073475877;409;1620231181.343161521;409
1620231181.3354499340;-0.0113697070;-1.2639181528;1.8123629021;0.7206741440;-0.0137176532;0.0056832855;0.6931149288;1620231181.3267710209;-0.0537140635;5.2450385380;1.4840627080;0.7067992929;0.0062790601;0.0071953542;-0.7073496730;409;1620231181.343161521;409
1620231181.3433809280;-0.0114827113;-1.2639203463;1.8124621087;0.7204239888;-0.0133444116;0.0058691904;0.6933806715;1620231181.3354620934;-0.0537029783;5.2450599136;1.4840616666;0.7067995844;0.0062979570;0.0072141613;-0.7073490221;409;1620231181.343161521;409
1620231181.3517510891;-0.0113904654;-1.2638952110;1.8125573688;0.7204447529;-0.0130615457;0.0060515771;0.6933629154;1620231181.3433959484;-0.0537010889;5.2450488733;1.4840602838;0.7067991557;0.0062912516;0.0072029648;-0.7073496242;410;1620231181.395104249;410
1620231181.3599979877;-0.0112917047;-1.2639178183;1.8125384207;0.7205080098;-0.0130443200;0.0064314715;0.6932940860;1620231181.3517649174;-0.0537059546;5.2450480048;1.4840639390;0.7067995853;0.0062871225;0.0072002975;-0.7073492589;410;1620231181.395104249;410
1620231181.3684210777;-0.0113717312;-1.2638942849;1.8126275099;0.7203091147;-0.0128747456;0.0065845326;0.6935024615;1620231181.3600120544;-0.0537315882;5.2450478882;1.4840671313;0.7068032117;0.0062870530;0.0072050758;-0.7073455872;410;1620231181.395104249;410
1620231181.3852460384;-0.0111726424;-1.2637844464;1.8126912805;0.7204272119;-0.0130841908;0.0068341339;0.6933734426;1620231181.3684339523;-0.0537057168;5.2450463425;1.4840622119;0.7068011370;0.0062868556;0.0072023488;-0.7073476899;410;1620231181.395104249;410
1620231181.3929541111;-0.0111014817;-1.2637977496;1.8126589641;0.7204764827;-0.0134885252;0.0070308518;0.6933125303;1620231181.3852610588;-0.0537019509;5.2450387195;1.4840627022;0.7068021940;0.0062826412;0.0071954756;-0.7073467411;411;1620231181.421075697;411
1620231181.4017579556;-0.0110693200;-1.2637920952;1.8126449247;0.7205057317;-0.0138018546;0.0071574452;0.6932746717;1620231181.3929669857;-0.0537048055;5.2450465016;1.4840604417;0.7068020862;0.0062873238;0.0072035682;-0.7073467248;411;1620231181.421075697;411
1620231181.4098289013;-0.0109972135;-1.2637868907;1.8126731891;0.7205526865;-0.0140309001;0.0071409257;0.6932214415;1620231181.4017720222;-0.0537162850;5.2450481659;1.4840642090;0.7068026510;0.0062834022;0.0071985850;-0.7073462460;411;1620231181.421075697;411
1620231181.4267361164;-0.0108700387;-1.2638223218;1.8126241287;0.7206874478;-0.0144982860;0.0073577394;0.6930694524;1620231181.4098420143;-0.0537016179;5.2450374720;1.4840617223;0.7068007276;0.0062763502;0.0071910379;-0.7073483074;411;1620231181.421075697;411
1620231181.4348449707;-0.0107647785;-1.2638330969;1.8126264180;0.7208069164;-0.0145849135;0.0074256547;0.6929426594;1620231181.4267489910;-0.0537049580;5.2450423990;1.4840638874;0.7068020827;0.0062799742;0.0071921774;-0.7073469095;412;1620231181.473018345;412
1620231181.4432420731;-0.0107243678;-1.2638314047;1.8126591484;0.7208213681;-0.0146394913;0.0073332744;0.6929274592;1620231181.4348781109;-0.0537019535;5.2450451979;1.4840655039;0.7068043628;0.0062847950;0.0071986787;-0.7073445223;412;1620231181.473018345;412
1620231181.4517800808;-0.0106816043;-1.2638210998;1.8126871085;0.7209065065;-0.0146436443;0.0072391161;0.6928397851;1620231181.4432549477;-0.0537017345;5.2450400183;1.4840689958;0.7068025403;0.0062755283;0.0071897283;-0.7073465166;412;1620231181.473018345;412
1620231181.4599490166;-0.0106107309;-1.2637750308;1.8127847721;0.7209809862;-0.0146213082;0.0069284305;0.6927659286;1620231181.4517929554;-0.0537308176;5.2450414687;1.4840719578;0.7068033220;0.0062782601;0.0071962177;-0.7073456453;412;1620231181.473018345;412
1620231181.4766919613;-0.0105332594;-1.2636717403;1.8129351360;0.7209669092;-0.0148090390;0.0063576742;0.6927820639;1620231181.4599640369;-0.0537055608;5.2450373325;1.4840679023;0.7068035267;0.0062780495;0.0071905780;-0.7073455000;413;1620231181.498989665;413
1620231181.4851489067;-0.0104533396;-1.2637079414;1.8128464170;0.7211216095;-0.0151715820;0.0064350373;0.6926124730;1620231181.4767060280;-0.0537040710;5.2450417084;1.4840636236;0.7068034044;0.0062830543;0.0071960076;-0.7073455226;413;1620231181.498989665;413
1620231181.4934020042;-0.0103909128;-1.2637088823;1.8128300880;0.7212263435;-0.0153932870;0.0063062689;0.6924997034;1620231181.4851629734;-0.0537032340;5.2450363001;1.4840656594;0.7068022266;0.0062763773;0.0071890304;-0.7073468296;413;1620231181.498989665;413
1620231181.5018079281;-0.0103193047;-1.2637136301;1.8128380554;0.7213207975;-0.0155567006;0.0060339406;0.6924000923;1620231181.4934229851;-0.0537064462;5.2450395994;1.4840670500;0.7068026845;0.0062766459;0.0071922960;-0.7073463365;413;1620231181.498989665;413
1620231181.5099129677;-0.0102551345;-1.2637019242;1.8128816159;0.7214026650;-0.0154997679;0.0058252857;0.6923178592;1620231181.5018219948;-0.0537150077;5.2450356519;1.4840650711;0.7068047769;0.0062794786;0.0071944183;-0.7073441990;414;1620231181.550932393;414
1620231181.5265951157;-0.0102286569;-1.2637177380;1.8129730189;0.7213854412;-0.0154472037;0.0054288353;0.6923402032;1620231181.5099270344;-0.0537079862;5.2450327003;1.4840666206;0.7068050573;0.0062724779;0.0071869295;-0.7073440570;414;1620231181.550932393;414
1620231181.5349230766;-0.0101788531;-1.2636454743;1.8130373780;0.7214365090;-0.0153961329;0.0050980928;0.6922906412;1620231181.5266089439;-0.0537135847;5.2450295974;1.4840647787;0.7068048012;0.0062738040;0.0071901277;-0.7073442687;414;1620231181.550932393;414
1620231181.5431730747;-0.0101065694;-1.2637125965;1.8130004168;0.7215285279;-0.0156497640;0.0050636565;0.6921893005;1620231181.5349380970;-0.0537154948;5.2450360973;1.4840658252;0.7068052899;0.0062773712;0.0071923710;-0.7073437259;415;1620231181.576903785;415
1620231181.5521941185;-0.0101545991;-1.2636930103;1.8130485241;0.7213817760;-0.0156637042;0.0048471528;0.6923434746;1620231181.5431869030;-0.0537124542;5.2450418559;1.4840639241;0.7068046635;0.0062852155;0.0071998856;-0.7073442057;415;1620231181.576903785;415
1620231181.5598781109;-0.0100675395;-1.2636812032;1.8130198426;0.7214411659;-0.0157901579;0.0048646104;0.6922785932;1620231181.5522229671;-0.0537087591;5.2450352313;1.4840624043;0.7068038450;0.0062718904;0.0071886650;-0.7073452560;415;1620231181.576903785;415
1620231181.5686020851;-0.0101345638;-1.2636450831;1.8130788462;0.7213111795;-0.0156700761;0.0047677470;0.6924174316;1620231181.5599091053;-0.0537181886;5.2450342099;1.4840612231;0.7068052092;0.0062719399;0.0071911666;-0.7073438670;415;1620231181.576903785;415
1620231181.5850539207;-0.0100763890;-1.2636009119;1.8131222614;0.7212755957;-0.0154095741;0.0049230682;0.6924592577;1620231181.5686130524;-0.0537177785;5.2450465799;1.4840595407;0.7068052752;0.0062870650;0.0072078999;-0.7073434964;416;1620231181.628846433;416
1620231181.5933361053;-0.0100986109;-1.2635880372;1.8131478125;0.7211972305;-0.0152132518;0.0050386157;0.6925443842;1620231181.5850689411;-0.0537118579;5.2450477735;1.4840605991;0.7068062822;0.0062871991;0.0072013154;-0.7073425561;416;1620231181.628846433;416
1620231181.6017420292;-0.0100459227;-1.2635807297;1.8131704460;0.7211608297;-0.0151661154;0.0050052702;0.6925835646;1620231181.5933499336;-0.0537189590;5.2450362592;1.4840648901;0.7068045417;0.0062721851;0.0071920316;-0.7073445230;416;1620231181.628846433;416
1620231181.6095380783;-0.0100712437;-1.2635723723;1.8132006431;0.7211123852;-0.0149918715;0.0051709589;0.6926365807;1620231181.6017560959;-0.0537229945;5.2450428747;1.4840633720;0.7068061804;0.0062817709;0.0072020590;-0.7073426985;416;1620231181.628846433;416
1620231181.6262331009;-0.0100229885;-1.2636063154;1.8131614470;0.7210122893;-0.0151185405;0.0053513938;0.6927366534;1620231181.6095519066;-0.0537142364;5.2450458154;1.4840652914;0.7068047000;0.0062821560;0.0071994752;-0.7073442006;417;1620231181.654817801;417
1620231181.6350970268;-0.0099743580;-1.2635175756;1.8133705533;0.7210617160;-0.0146410002;0.0049901598;0.6926981602;1620231181.6262459755;-0.0537134257;5.2450408219;1.4840603236;0.7068037602;0.0062770361;0.0071940324;-0.7073452405;417;1620231181.654817801;417
1620231181.6433091164;-0.0099799693;-1.2634846929;1.8134385502;0.7209915919;-0.0143801559;0.0049406125;0.6927769669;1620231181.6351120472;-0.0537207019;5.2450514467;1.4840602136;0.7068072967;0.0062939738;0.0072114604;-0.7073413787;417;1620231181.654817801;417
1620231181.6514999866;-0.0100065509;-1.2635090834;1.8134218413;0.7209029963;-0.0142688064;0.0051161038;0.6928701874;1620231181.6433300972;-0.0537135007;5.2450486793;1.4840609883;0.7068023437;0.0062857713;0.0072029595;-0.7073464875;417;1620231181.654817801;417
1620231181.6598939896;-0.0099886761;-1.2635122414;1.8134489023;0.7208351453;-0.0139737245;0.0052127464;0.6929460698;1620231181.6515140533;-0.0537344941;5.2450445243;1.4840660775;0.7068041230;0.0062761444;0.0071954150;-0.7073448719;418;1620231181.706760553;418
1620231181.6682391167;-0.0099861825;-1.2635046115;1.8134863302;0.7207751617;-0.0135490746;0.0054805781;0.6930148282;1620231181.6599071026;-0.0537116890;5.2450491117;1.4840593744;0.7068047629;0.0062851223;0.0072018068;-0.7073440876;418;1620231181.706760553;418
1620231181.6849110126;-0.0100100322;-1.2634279640;1.8135414546;0.7206237320;-0.0129039412;0.0058675124;0.6931814319;1620231181.6682529449;-0.0537109207;5.2450487114;1.4840644997;0.7068046477;0.0062821168;0.0071970127;-0.7073442783;418;1620231181.706760553;418
1620231181.6930921078;-0.0099561236;-1.2634563663;1.8135552269;0.7206864395;-0.0126895578;0.0062243740;0.6931170812;1620231181.6849250793;-0.0537306784;5.2450512973;1.4840675980;0.7068057788;0.0062834317;0.0071996209;-0.7073431099;418;1620231181.706760553;418
1620231181.7016179562;-0.0099391199;-1.2634300133;1.8135445790;0.7206509002;-0.0127690093;0.0063244295;0.6931516674;1620231181.6931049824;-0.0537094979;5.2450653450;1.4840634721;0.7068058032;0.0062968920;0.0072121077;-0.7073428386;419;1620231181.732731865;419
1620231181.7100579739;-0.0100154829;-1.2633815292;1.8134952102;0.7205157668;-0.0130263188;0.0064026666;0.6932866295;1620231181.7016329765;-0.0537080049;5.2450562330;1.4840591308;0.7068051819;0.0062890759;0.0072055094;-0.7073435962;419;1620231181.732731865;419
1620231181.7181088924;-0.0099882374;-1.2633629120;1.8134192859;0.7205370347;-0.0133443960;0.0066526497;0.6932561222;1620231181.7100830078;-0.0537058220;5.2450529074;1.4840623553;0.7068047264;0.0062856015;0.0071998455;-0.7073441399;419;1620231181.732731865;419
1620231181.7350759506;-0.0099341389;-1.2633803706;1.8133247573;0.7207326964;-0.0140509538;0.0068742241;0.6930365763;1620231181.7181239128;-0.0537139111;5.2450517769;1.4840607088;0.7068055585;0.0062823404;0.0072022053;-0.7073433133;420;1620231181.784674641;420
1620231181.7519578934;-0.0098619630;-1.2633301417;1.8133228851;0.7209459768;-0.0144534694;0.0065263273;0.6928097883;1620231181.7350909710;-0.0537043517;5.2450587028;1.4840582439;0.7068050777;0.0062846268;0.0071998667;-0.7073437972;420;1620231181.784674641;420
1620231181.7596468925;-0.0098094107;-1.2633328206;1.8133324160;0.7210902217;-0.0146688490;0.0063017343;0.6926572061;1620231181.7519719601;-0.0537097787;5.2450548094;1.4840614840;0.7068040397;0.0062832354;0.0071972839;-0.7073448731;420;1620231181.784674641;420
1620231181.7766530514;-0.0097516825;-1.2633302311;1.8133740488;0.7212691315;-0.0148063554;0.0058390293;0.6924720337;1620231181.7596609592;-0.0537024090;5.2450560897;1.4840612713;0.7068072709;0.0062838401;0.0071956745;-0.7073416554;421;1620231181.810645921;421
1620231181.7850780487;-0.0097284836;-1.2633192825;1.8134033995;0.7213734459;-0.0148946605;0.0055391100;0.6923639353;1620231181.7766680717;-0.0537017638;5.2450588290;1.4840590265;0.7068047276;0.0062874955;0.0071999426;-0.7073441208;421;1620231181.810645921;421
1620231181.7932701111;-0.0097323674;-1.2633182866;1.8134029463;0.7214118792;-0.0150932126;0.0052566208;0.6923217919;1620231181.7850930691;-0.0536962643;5.2450538585;1.4840599532;0.7068016153;0.0062794317;0.0071899982;-0.7073474035;421;1620231181.810645921;421
1620231181.8015639782;-0.0097078443;-1.2633080367;1.8133992014;0.7214934527;-0.0152070112;0.0050229465;0.6922360251;1620231181.7932848930;-0.0537037208;5.2450580913;1.4840610697;0.7068013047;0.0062858831;0.0071992992;-0.7073475620;421;1620231181.810645921;421
1620231181.8097889423;-0.0097272801;-1.2633025455;1.8134072118;0.7215691810;-0.0152897919;0.0047933657;0.6921568919;1620231181.8015770912;-0.0537022608;5.2450524641;1.4840612635;0.7067979957;0.0062771294;0.0071901317;-0.7073510393;422;1620231181.836617281;422
1620231181.8265390396;-0.0096763146;-1.2632998797;1.8133371438;0.7216636686;-0.0155312693;0.0048073465;0.6920529016;1620231181.8098030090;-0.0537067514;5.2450546610;1.4840603987;0.7067997346;0.0062862602;0.0071983138;-0.7073491375;422;1620231181.836617281;422
1620231181.8431210518;-0.0097731829;-1.2633696763;1.8132318251;0.7215116265;-0.0155907562;0.0052175777;0.6922071063;1620231181.8265531063;-0.0537117019;5.2450522345;1.4840634796;0.7067977194;0.0062779514;0.0071920144;-0.7073512891;422;1620231181.836617281;422
1620231181.8516569138;-0.0097559211;-1.2633612535;1.8132280027;0.7214539184;-0.0155598510;0.0052529475;0.6922676803;1620231181.8431339264;-0.0537071409;5.2450479716;1.4840653600;0.7067986166;0.0062771988;0.0071894729;-0.7073504250;423;1620231181.888559937;423
1620231181.8595290184;-0.0097262170;-1.2632547683;1.8133514900;0.7214813236;-0.0150827585;0.0051127613;0.6922507276;1620231181.8516709805;-0.0537018396;5.2450534022;1.4840687302;0.7067957163;0.0062753521;0.0071882021;-0.7073533523;423;1620231181.888559937;423
1620231181.8768029213;-0.0098687596;-1.2632400141;1.8131659340;0.7211933355;-0.0151091481;0.0055675149;0.6925466693;1620231181.8595440388;-0.0537140734;5.2450439643;1.4840679621;0.7067984974;0.0062696422;0.0071843767;-0.7073506629;423;1620231181.888559937;423
1620231181.8851060867;-0.0098796171;-1.2632564332;1.8131345371;0.7212163216;-0.0151411856;0.0055510064;0.6925221645;1620231181.8768169880;-0.0537083675;5.2450444577;1.4840664822;0.7067974465;0.0062694296;0.0071831346;-0.7073517275;424;1620231181.914531289;424
1620231181.8931820393;-0.0099014087;-1.2632999768;1.8131303369;0.7211403317;-0.0150811492;0.0055722410;0.6926024336;1620231181.8851289749;-0.0537104727;5.2450463837;1.4840684181;0.7067992746;0.0062755822;0.0071885825;-0.7073497909;424;1620231181.914531289;424
1620231181.9017579556;-0.0099868612;-1.2632892181;1.8131840326;0.7209832882;-0.0148347010;0.0054818843;0.6927719529;1620231181.8931970596;-0.0537257552;5.2450481284;1.4840687308;0.7067975730;0.0062722544;0.0071861066;-0.7073515459;424;1620231181.914531289;424
1620231181.9100079536;-0.0099242253;-1.2632969266;1.8131650234;0.7211069951;-0.0146605795;0.0055757412;0.6926461435;1620231181.9017729759;-0.0537326931;5.2450387215;1.4840721750;0.7067959190;0.0062576227;0.0071743159;-0.7073534479;424;1620231181.914531289;424
1620231181.9265160561;-0.0099754057;-1.2632528932;1.8132177568;0.7210169469;-0.0139398440;0.0057794150;0.6927530883;1620231181.9100220203;-0.0537072404;5.2450381393;1.4840684209;0.7067964932;0.0062644147;0.0071790942;-0.7073527655;425;1620231181.966474065;425
1620231181.9351708889;-0.0099894021;-1.2632941313;1.8132148106;0.7208988509;-0.0136745077;0.0059987311;0.6928794049;1620231181.9265289307;-0.0536992440;5.2450441527;1.4840682051;0.7067947989;0.0062674304;0.0071823940;-0.7073543983;425;1620231181.966474065;425
1620231181.9433150291;-0.0100078140;-1.2632321463;1.8132388746;0.7208261919;-0.0132648683;0.0061159198;0.6929619324;1620231181.9351859093;-0.0537023003;5.2450474830;1.4840639693;0.7067936784;0.0062693893;0.0071843759;-0.7073554805;425;1620231181.966474065;425
1620231181.9519588947;-0.0100666855;-1.2632450872;1.8132199244;0.7207047941;-0.0129829009;0.0064037553;0.6930909291;1620231181.9433290958;-0.0537304853;5.2450473557;1.4840684825;0.7067979487;0.0062732551;0.0071892691;-0.7073511295;425;1620231181.966474065;425
1620231181.9597690105;-0.0100794554;-1.2632306759;1.8131854585;0.7206454360;-0.0128933990;0.0065812168;0.6931526552;1620231181.9519689083;-0.0537063581;5.2450447668;1.4840593597;0.7067966259;0.0062705508;0.0071844030;-0.7073525246;426;1620231181.992445465;426
1620231181.9765229225;-0.0101145004;-1.2632014478;1.8130298315;0.7205407445;-0.0131337014;0.0069814868;0.6932530565;1620231181.9597830772;-0.0537119415;5.2450428983;1.4840644111;0.7067976486;0.0062694967;0.0071837240;-0.7073515190;426;1620231181.992445465;426
1620231181.9853808880;-0.0102142745;-1.2631815693;1.8129975483;0.7205891302;-0.0130793514;0.0070184730;0.6932034168;1620231181.9765520096;-0.0536981797;5.2450396853;1.4840634604;0.7067977447;0.0062691468;0.0071794606;-0.7073514694;426;1620231181.992445465;426
1620231181.9934101105;-0.0102149079;-1.2631661316;1.8129452630;0.7204699275;-0.0133647004;0.0070827660;0.6933212118;1620231181.9853959084;-0.0537039187;5.2450408529;1.4840668333;0.7067972645;0.0062620264;0.0071757833;-0.7073520495;427;1620231182.018416825;427
1620231182.0019619465;-0.0102008158;-1.2631635876;1.8128738272;0.7205609174;-0.0136168678;0.0070393957;0.6932221810;1620231181.9934239388;-0.0537064848;5.2450489615;1.4840656833;0.7068001362;0.0062757847;0.0071891637;-0.7073489224;427;1620231182.018416825;427
1620231182.0098149776;-0.0101369700;-1.2631832883;1.8127581668;0.7207416052;-0.0139992405;0.0070918844;0.6930261647;1620231182.0019779205;-0.0537125041;5.2450396058;1.4840660773;0.7068011029;0.0062627111;0.0071786390;-0.7073481791;427;1620231182.018416825;427
1620231182.0264708996;-0.0102405465;-1.2632031381;1.8127314057;0.7207344397;-0.0140821063;0.0068568003;0.6930343037;1620231182.0098290443;-0.0537108558;5.2450423228;1.4840632786;0.7068001311;0.0062695030;0.0071830949;-0.7073490448;427;1620231182.018416825;427
1620231182.0349290371;-0.0101952429;-1.2631845881;1.8127635743;0.7209074360;-0.0141023636;0.0064761518;0.6928575983;1620231182.0264930725;-0.0537122481;5.2450415326;1.4840590204;0.7068020260;0.0062702140;0.0071857874;-0.7073471177;428;1620231182.070359489;428
1620231182.0432739258;-0.0101773297;-1.2631471253;1.8128465329;0.7209940431;-0.0140139476;0.0059512739;0.6927739758;1620231182.0349440575;-0.0537102983;5.2450442516;1.4840578523;0.7068003270;0.0062718031;0.0071852996;-0.7073488063;428;1620231182.070359489;428
1620231182.0516119003;-0.0101008677;-1.2631092472;1.8128923069;0.7212404698;-0.0139807100;0.0055483469;0.6925214368;1620231182.0432870388;-0.0537265763;5.2450490034;1.4840652366;0.7067994876;0.0062774581;0.0071912730;-0.7073495341;428;1620231182.070359489;428
1620231182.0601949692;-0.0101652290;-1.2630880885;1.8129164059;0.7212188191;-0.0139952672;0.0051841879;0.6925465123;1620231182.0516269207;-0.0537132477;5.2450448429;1.4840600949;0.7068049284;0.0062783188;0.0071884128;-0.7073441190;428;1620231182.070359489;428
1620231182.0763161182;-0.0102265466;-1.2631516660;1.8126412495;0.7211817405;-0.0146808702;0.0051121252;0.6925714659;1620231182.0602068901;-0.0537386230;5.2450471380;1.4840680402;0.7068014450;0.0062721979;0.0071919508;-0.7073476180;429;1620231182.096330865;429
1620231182.0932168961;-0.0102702538;-1.2631500600;1.8124641069;0.7212286550;-0.0149565991;0.0052349293;0.6925157925;1620231182.0763289928;-0.0537045049;5.2450392239;1.4840638653;0.7068023563;0.0062723438;0.0071836073;-0.7073467909;429;1620231182.096330865;429
1620231182.1016190052;-0.0102606606;-1.2631319703;1.8123929648;0.7212065833;-0.0150940483;0.0051924329;0.6925361164;1620231182.0932281017;-0.0537094189;5.2450462253;1.4840567607;0.7068018969;0.0062800043;0.0071936647;-0.7073470797;430;1620231182.148273553;430
1620231182.1097059250;-0.0102802089;-1.2631299699;1.8123454381;0.7212073999;-0.0151401284;0.0051447301;0.6925346161;1620231182.1016321182;-0.0537308068;5.2450513738;1.4840584308;0.7067998607;0.0062835063;0.0071980915;-0.7073490383;430;1620231182.148273553;430
1620231182.1267631054;-0.0103093660;-1.2631152472;1.8122639924;0.7211938091;-0.0151336751;0.0050804822;0.6925493847;1620231182.1097199917;-0.0537054033;5.2450445003;1.4840544715;0.7068009891;0.0062799336;0.0071916745;-0.7073480078;430;1620231182.148273553;430
1620231182.1350491047;-0.0102810444;-1.2631220734;1.8122258704;0.7212557956;-0.0152536792;0.0048942176;0.6924835371;1620231182.1267769337;-0.0537103786;5.2450482167;1.4840612058;0.7067982434;0.0062755078;0.0071921597;-0.7073507857;430;1620231182.148273553;430
1620231182.1428139210;-0.0103644397;-1.2631826047;1.8121764811;0.7211574260;-0.0152797782;0.0049240838;0.6925851923;1620231182.1350700855;-0.0537155310;5.2450380568;1.4840644934;0.7068007724;0.0062696390;0.0071867632;-0.7073483655;431;1620231182.174244857;431
1620231182.1515600681;-0.0104196490;-1.2631852739;1.8121769393;0.7210963642;-0.0151772306;0.0048320650;0.6926516703;1620231182.1428279877;-0.0537099055;5.2450448326;1.4840645388;0.7068000979;0.0062766386;0.0071919154;-0.7073489251;431;1620231182.174244857;431
1620231182.1601319313;-0.0103881010;-1.2631338311;1.8121876433;0.7211438614;-0.0150364230;0.0046717032;0.6926063907;1620231182.1515738964;-0.0537117113;5.2450371824;1.4840664684;0.7067984750;0.0062645722;0.0071826256;-0.7073507481;431;1620231182.174244857;431
1620231182.1763310432;-0.0105520582;-1.2632024794;1.8121422677;0.7209099351;-0.0148640512;0.0047134280;0.6928533099;1620231182.1601459980;-0.0537095507;5.2450430371;1.4840645066;0.7067980120;0.0062705694;0.0071889841;-0.7073510930;431;1620231182.174244857;431
1620231182.1930720806;-0.0106772800;-1.2632716885;1.8120290365;0.7206393837;-0.0146008580;0.0050742456;0.6931377538;1620231182.1763451099;-0.0537397576;5.2450397799;1.4840654603;0.7067999144;0.0062737860;0.0071949303;-0.7073491030;432;1620231182.200216201;432
1620231182.2014698982;-0.0107222513;-1.2632353086;1.8121334268;0.7205321470;-0.0141687384;0.0048970476;0.6932594687;1620231182.1930849552;-0.0537079461;5.2450295381;1.4840634346;0.7067980010;0.0062663005;0.0071871372;-0.7073511606;432;1620231182.200216201;432
1620231182.2099490166;-0.0107495288;-1.2631620678;1.8122624128;0.7204765872;-0.0136704589;0.0047363626;0.6933283297;1620231182.2014911175;-0.0537138964;5.2450335139;1.4840601206;0.7068005665;0.0062764786;0.0071927396;-0.7073484498;433;1620231182.252158905;433
1620231182.2261919975;-0.0108630963;-1.2631978901;1.8120469353;0.7202744430;-0.0136614907;0.0054585272;0.6935331967;1620231182.2099668980;-0.0537042039;5.2450253370;1.4840652270;0.7067983919;0.0062649065;0.0071831438;-0.7073508228;433;1620231182.252158905;433
1620231182.2348029613;-0.0108387608;-1.2631502554;1.8120128803;0.7203346462;-0.0137137195;0.0055176126;0.6934691683;1620231182.2262051105;-0.0537088687;5.2450325852;1.4840634692;0.7067991996;0.0062737420;0.0071952141;-0.7073498148;433;1620231182.252158905;433
1620231182.2433140278;-0.0108246177;-1.2631399925;1.8119649001;0.7203616310;-0.0137032280;0.0056674587;0.6934401359;1620231182.2348139286;-0.0537174317;5.2450409955;1.4840659832;0.7067994241;0.0062770222;0.0072023872;-0.7073494884;433;1620231182.252158905;433
1620231182.2514688969;-0.0109747901;-1.2632056496;1.8118658399;0.7201831954;-0.0137583279;0.0060366353;0.6936212457;1620231182.2433290482;-0.0537403874;5.2450326084;1.4840664092;0.7068018502;0.0062741685;0.0071973151;-0.7073471411;434;1620231182.278130361;434
1620231182.2596700191;-0.0109321922;-1.2631563143;1.8118504934;0.7202679659;-0.0137719367;0.0060050157;0.6935332226;1620231182.2514839172;-0.0537123119;5.2450324044;1.4840627719;0.7068010019;0.0062762289;0.0071922043;-0.7073480225;434;1620231182.278130361;434
1620231182.2763309479;-0.0109061907;-1.2631804282;1.8118214074;0.7204379751;-0.0136648145;0.0060975009;0.6933579287;1620231182.2596840858;-0.0537150410;5.2450227980;1.4840609239;0.7068047893;0.0062680289;0.0071875929;-0.7073443575;434;1620231182.278130361;434
1620231182.2933130264;-0.0109212987;-1.2632296372;1.8118143268;0.7205920940;-0.0135886380;0.0058606428;0.6932012954;1620231182.2763450146;-0.0537187853;5.2450328475;1.4840643679;0.7068047648;0.0062754430;0.0071973549;-0.7073442170;435;1620231182.330073017;435
1620231182.3017449379;-0.0109459771;-1.2632461045;1.8118049681;0.7206817549;-0.0135652386;0.0057152982;0.6931097517;1620231182.2933280468;-0.0537103184;5.2450304002;1.4840593748;0.7068051731;0.0062758624;0.0071941521;-0.7073438379;435;1620231182.330073017;435
1620231182.3100299835;-0.0110093429;-1.2632750490;1.8117535390;0.7206245448;-0.0136762808;0.0056456468;0.6931676215;1620231182.3017599583;-0.0537138709;5.2450254428;1.4840637681;0.7068031020;0.0062653888;0.0071860488;-0.7073460826;435;1620231182.330073017;435
1620231182.3265640736;-0.0110415365;-1.2632977666;1.8116385330;0.7207719929;-0.0139203763;0.0056193249;0.6930096540;1620231182.3100440502;-0.0537146843;5.2450267891;1.4840612291;0.7068061653;0.0062727094;0.0071887150;-0.7073429297;436;1620231182.356044345;436
1620231182.3344879150;-0.0110203099;-1.2633102029;1.8115577197;0.7208907142;-0.0141864716;0.0055851994;0.6928810344;1620231182.3265750408;-0.0537229970;5.2450291925;1.4840616272;0.7068076782;0.0062753642;0.0071903461;-0.7073413778;436;1620231182.356044345;436
1620231182.3426120281;-0.0111029306;-1.2633283935;1.8114681901;0.7208926709;-0.0143250868;0.0057074642;0.6928751502;1620231182.3344988823;-0.0537173863;5.2450286973;1.4840612043;0.7068058997;0.0062752234;0.0071902171;-0.7073431575;436;1620231182.356044345;436
1620231182.3512709141;-0.0110869658;-1.2633338313;1.8114005041;0.7209796549;-0.0145348727;0.0056518492;0.6927807238;1620231182.3426220417;-0.0537186358;5.2450338485;1.4840611040;0.7068049216;0.0062744851;0.0071915208;-0.7073441282;436;1620231182.356044345;436
1620231182.3610200882;-0.0111347605;-1.2634082766;1.8113141231;0.7210004509;-0.0147305625;0.0057392708;0.6927542285;1620231182.3512840271;-0.0537152843;5.2450367307;1.4840616067;0.7068061376;0.0062766215;0.0071925747;-0.7073428835;437;1620231182.407987049;437
1620231182.3768270016;-0.0112226459;-1.2634516403;1.8112374814;0.7210394580;-0.0148252646;0.0055521234;0.6927131336;1620231182.3610301018;-0.0537112900;5.2450232728;1.4840641583;0.7068033667;0.0062593008;0.0071768231;-0.7073459657;437;1620231182.407987049;437
1620231182.3849160671;-0.0112258719;-1.2634839232;1.8111950114;0.7211001446;-0.0149454756;0.0053296090;0.6926491243;1620231182.3768370152;-0.0537131634;5.2450326291;1.4840643902;0.7068048080;0.0062721092;0.0071853028;-0.7073443259;437;1620231182.407987049;437
1620231182.3934819698;-0.0112566301;-1.2635098306;1.8111793339;0.7211445340;-0.0149643115;0.0050591519;0.6926045303;1620231182.3849420547;-0.0537113915;5.2450438417;1.4840630540;0.7068033886;0.0062791467;0.0071927949;-0.7073456057;437;1620231182.407987049;437
1620231182.4031450748;-0.0113364127;-1.2635581737;1.8111756759;0.7211251517;-0.0149456624;0.0047683225;0.6926271767;1620231182.3934919834;-0.0537129861;5.2450427946;1.4840631756;0.7068036589;0.0062786833;0.0071925773;-0.7073453419;438;1620231182.433958449;438
1620231182.4116148949;-0.0113490036;-1.2635950816;1.8111462164;0.7211575373;-0.0149383463;0.0045635523;0.6925949943;1620231182.4031710625;-0.0537079356;5.2450438547;1.4840646684;0.7068031961;0.0062772994;0.0071908151;-0.7073458346;438;1620231182.433958449;438
1620231182.4262320995;-0.0115136033;-1.2636672188;1.8110245408;0.7209494768;-0.0148433356;0.0046528476;0.6928130182;1620231182.4116430283;-0.0537093248;5.2450437175;1.4840617137;0.7068047202;0.0062768274;0.0071909233;-0.7073443147;438;1620231182.433958449;438
1620231182.4351410866;-0.0115043281;-1.2635894390;1.8111718942;0.7209896526;-0.0142944150;0.0044098389;0.6927843415;1620231182.4262421131;-0.0537111956;5.2450424043;1.4840645093;0.7068041021;0.0062773260;0.0071917898;-0.7073449191;439;1620231182.459929761;439
1620231182.4439859390;-0.0115981388;-1.2636308920;1.8110569052;0.7208101073;-0.0142968019;0.0047342144;0.6929689588;1620231182.4351680279;-0.0537146521;5.2450471598;1.4840645589;0.7068031474;0.0062804504;0.0071987467;-0.7073457746;439;1620231182.459929761;439
1620231182.4520890713;-0.0116930303;-1.2636698585;1.8109589081;0.7206477262;-0.0141793186;0.0051103827;0.6931375661;1620231182.4439969063;-0.0537076099;5.2450462328;1.4840630906;0.7068044587;0.0062839851;0.0071955452;-0.7073444655;439;1620231182.459929761;439
1620231182.4598619938;-0.0117346113;-1.2636915575;1.8108999376;0.7206107311;-0.0140633516;0.0053881378;0.6931762866;1620231182.4521150589;-0.0537111406;5.2450568179;1.4840586132;0.7068046655;0.0062967330;0.0072103033;-0.7073439951;439;1620231182.459929761;439
1620231182.4779479504;-0.0118223492;-1.2637278655;1.8108210838;0.7204984879;-0.0137824872;0.0058934724;0.6932944821;1620231182.4598720074;-0.0537091717;5.2450362367;1.4840622515;0.7068017044;0.0062702220;0.0071869495;-0.7073474272;440;1620231182.511872465;440
1620231182.4847390652;-0.0119188541;-1.2637550445;1.8107707461;0.7204422490;-0.0136630782;0.0061204793;0.6933533197;1620231182.4779579639;-0.0537097605;5.2450417373;1.4840606234;0.7068032519;0.0062786537;0.0071914730;-0.7073457601;440;1620231182.511872465;440
1620231182.4928359985;-0.0119384863;-1.2637839292;1.8107204768;0.7204444411;-0.0136783116;0.0062112098;0.6933499347;1620231182.4847509861;-0.0537174618;5.2450375216;1.4840601031;0.7068060148;0.0062755259;0.0071941994;-0.7073429993;440;1620231182.511872465;440
1620231182.5013599396;-0.0119050781;-1.2638204028;1.8106418492;0.7205546799;-0.0136843555;0.0063998940;0.6932335343;1620231182.4928469658;-0.0537360349;5.2450429901;1.4840670389;0.7068040177;0.0062732829;0.0071901816;-0.7073450557;441;1620231182.537843873;441
1620231182.5098609924;-0.0120385675;-1.2638505164;1.8106579714;0.7203468488;-0.0133840578;0.0066010411;0.6934534669;1620231182.5013868809;-0.0537155228;5.2450429265;1.4840626791;0.7068046410;0.0062767865;0.0071928318;-0.7073443748;441;1620231182.537843873;441
1620231182.5257859230;-0.0120422980;-1.2639330110;1.8105395241;0.7204146842;-0.0133388588;0.0068992299;0.6933809619;1620231182.5098729134;-0.0537170494;5.2450513763;1.4840633569;0.7068058736;0.0062818650;0.0071989466;-0.7073430358;441;1620231182.537843873;441
1620231182.5345189571;-0.0121051534;-1.2639708493;1.8105629488;0.7203760384;-0.0130637952;0.0070271026;0.6934250647;1620231182.5257959366;-0.0537227658;5.2450494919;1.4840600277;0.7068054507;0.0062830541;0.0072008892;-0.7073434281;441;1620231182.537843873;441
1620231182.5425240993;-0.0121496549;-1.2640120376;1.8105596192;0.7203704011;-0.0129083639;0.0069466897;0.6934346421;1620231182.5345311165;-0.0537383934;5.2450502685;1.4840623221;0.7068063128;0.0062836511;0.0071984771;-0.7073425859;442;1620231182.589786505;442
1620231182.5512070656;-0.0121780702;-1.2640502885;1.8105293269;0.7203656632;-0.0129295405;0.0069299535;0.6934393369;1620231182.5425350666;-0.0537120096;5.2450519675;1.4840597253;0.7068080783;0.0062926352;0.0072058930;-0.7073406664;442;1620231182.589786505;442
1620231182.5677430630;-0.0122235530;-1.2640799794;1.8104785619;0.7204082471;-0.0127853014;0.0072553107;0.6933944433;1620231182.5512199402;-0.0537098862;5.2450448673;1.4840647448;0.7068047578;0.0062803643;0.0071947158;-0.7073442072;442;1620231182.589786505;442
1620231182.5777199268;-0.0122685916;-1.2641132028;1.8103657493;0.7204084682;-0.0129742967;0.0075439453;0.6933876228;1620231182.5677540302;-0.0537109344;5.2450420812;1.4840562815;0.7068087004;0.0062827273;0.0071984980;-0.7073402081;442;1620231182.589786505;442
1620231182.5855939388;-0.0123573158;-1.2641305918;1.8102898442;0.7203144790;-0.0131529218;0.0077346194;0.6934797961;1620231182.5777299404;-0.0537081319;5.2450485939;1.4840598814;0.7068057536;0.0062894406;0.0072028441;-0.7073430488;443;1620231182.615757929;443
1620231182.5934278965;-0.0123290141;-1.2641577506;1.8101882926;0.7204705432;-0.0135987035;0.0077274289;0.6933091363;1620231182.5856049061;-0.0537175124;5.2450490843;1.4840583336;0.7068071497;0.0062900828;0.0072072205;-0.7073416034;443;1620231182.615757929;443
1620231182.6015169621;-0.0124022845;-1.2641587639;1.8101269129;0.7204327984;-0.0137870540;0.0079468244;0.6933421580;1620231182.5934379101;-0.0537019177;5.2450398260;1.4840571172;0.7068069417;0.0062850088;0.0071957533;-0.7073419732;443;1620231182.615757929;443
1620231182.6107070446;-0.0124085742;-1.2641906311;1.8100074252;0.7205204837;-0.0141812785;0.0080483624;0.6932419114;1620231182.6015429497;-0.0537092745;5.2450450437;1.4840595477;0.7068053279;0.0062852571;0.0072015391;-0.7073435246;443;1620231182.615757929;443
1620231182.6267709732;-0.0124639973;-1.2642246624;1.8098787791;0.7206226260;-0.0147106109;0.0077983686;0.6931275599;1620231182.6107170582;-0.0537029324;5.2450407624;1.4840624883;0.7068045842;0.0062800293;0.0071949208;-0.7073443815;444;1620231182.667700681;444
1620231182.6431090832;-0.0124163808;-1.2643130551;1.8097562426;0.7208642560;-0.0151177428;0.0072320883;0.6928736358;1620231182.6267819405;-0.0537070516;5.2450292413;1.4840629746;0.7068041047;0.0062762797;0.0071915678;-0.7073449280;444;1620231182.667700681;444
1620231182.6515009403;-0.0124785265;-1.2643616377;1.8097128628;0.7208834154;-0.0151308122;0.0070131718;0.6928556670;1620231182.6431190968;-0.0537024253;5.2450378426;1.4840626305;0.7068041603;0.0062852020;0.0071978290;-0.7073447296;445;1620231182.693671945;445
1620231182.6601080894;-0.0125016074;-1.2644011946;1.8096307881;0.7209359308;-0.0151554407;0.0068890237;0.6928017304;1620231182.6515409946;-0.0537059165;5.2450398823;1.4840575543;0.7068025681;0.0062921680;0.0072067202;-0.7073461681;445;1620231182.693671945;445
1620231182.6773920059;-0.0124968547;-1.2644017018;1.8096054256;0.7210454532;-0.0150871020;0.0062833299;0.6926949931;1620231182.6601319313;-0.0537263146;5.2450476183;1.4840627550;0.7068029697;0.0062953797;0.0072097576;-0.7073457073;445;1620231182.693671945;445
1620231182.6864650249;-0.0124991162;-1.2643317915;1.8096514913;0.7211115598;-0.0148938168;0.0058690286;0.6926339921;1620231182.6774160862;-0.0537053832;5.2450419651;1.4840608561;0.7068040804;0.0062922062;0.0072054433;-0.7073446696;445;1620231182.693671945;445
1620231182.6944398880;-0.0124148568;-1.2643376735;1.8095667732;0.7212389396;-0.0150527694;0.0057791091;0.6924986700;1620231182.6864910126;-0.0536994766;5.2450325650;1.4840626276;0.7068017462;0.0062852331;0.0071976467;-0.7073471434;446;1620231182.719643321;446
1620231182.7027430534;-0.0124367892;-1.2644080506;1.8093710883;0.7212273502;-0.0153624396;0.0059701108;0.6925023195;1620231182.6944639683;-0.0537240239;5.2450376662;1.4840673471;0.7068023681;0.0062866081;0.0072021788;-0.7073464637;446;1620231182.719643321;446
1620231182.7114009857;-0.0124997164;-1.2644264373;1.8092596337;0.7211867456;-0.0155408989;0.0059061270;0.6925411729;1620231182.7027540207;-0.0537110678;5.2450380385;1.4840629592;0.7068011137;0.0062868572;0.0072017921;-0.7073477188;446;1620231182.719643321;446
1620231182.7268550396;-0.0126237164;-1.2644693708;1.8091591905;0.7211553977;-0.0154602855;0.0054788382;0.6925791322;1620231182.7114250660;-0.0537204700;5.2450357497;1.4840642063;0.7068006038;0.0062876548;0.0072032031;-0.7073482069;446;1620231182.719643321;446
1620231182.7358429432;-0.0127721997;-1.2645103886;1.8091283617;0.7210475688;-0.0153638201;0.0053153864;0.6926948125;1620231182.7268660069;-0.0537243806;5.2450392511;1.4840657943;0.7068001909;0.0062956729;0.0072094878;-0.7073484841;447;1620231182.771586057;447
1620231182.7440938950;-0.0127767233;-1.2645201904;1.8091018261;0.7210706633;-0.0154049253;0.0048773884;0.6926730815;1620231182.7358689308;-0.0537023286;5.2450261414;1.4840623173;0.7067999444;0.0062772258;0.0071943404;-0.7073490485;447;1620231182.771586057;447
1620231182.7521820068;-0.0127974670;-1.2645369728;1.8090623696;0.7211162939;-0.0153828910;0.0046003994;0.6926279620;1620231182.7441220284;-0.0536980365;5.2450240225;1.4840610249;0.7067981876;0.0062784352;0.0071950509;-0.7073507860;447;1620231182.771586057;447
1620231182.7607419491;-0.0128354742;-1.2645707285;1.8089930991;0.7211181656;-0.0153687379;0.0045260425;0.6926268174;1620231182.7522120476;-0.0537069367;5.2450269877;1.4840580346;0.7068009233;0.0062845984;0.0072009054;-0.7073479381;448;1620231182.797557385;448
1620231182.7769980431;-0.0129778801;-1.2645880107;1.8088782573;0.7209937321;-0.0152867758;0.0045814723;0.6927577952;1620231182.7607700825;-0.0537048690;5.2450255647;1.4840594781;0.7067972671;0.0062795934;0.0071961805;-0.7073516840;448;1620231182.797557385;448
1620231182.7856431007;-0.0129949192;-1.2646101569;1.8087780277;0.7209969975;-0.0154315030;0.0047081611;0.6927503385;1620231182.7770199776;-0.0537040600;5.2450210425;1.4840637000;0.7067965486;0.0062743441;0.0071910670;-0.7073525006;448;1620231182.797557385;448
1620231182.7942531109;-0.0130687005;-1.2646157912;1.8086898873;0.7209597474;-0.0153446511;0.0050155016;0.6927888776;1620231182.7856678963;-0.0537009528;5.2450273383;1.4840567919;0.7068011331;0.0062883431;0.0072037766;-0.7073476660;448;1620231182.797557385;448
1620231182.8024110794;-0.0131565434;-1.2646327815;1.8085812395;0.7208832499;-0.0153536901;0.0053280588;0.6928659437;1620231182.7942769527;-0.0536958670;5.2450185781;1.4840579358;0.7067986540;0.0062747264;0.0071887098;-0.7073504174;449;1620231182.823528801;449
1620231182.8102850914;-0.0132179244;-1.2646453706;1.8085185426;0.7208007229;-0.0153609968;0.0054056714;0.6929510346;1620231182.8024470806;-0.0537038401;5.2450279027;1.4840570104;0.7067992300;0.0062906800;0.0072026989;-0.7073495578;449;1620231182.823528801;449
1620231182.8269650936;-0.0134074346;-1.2647015652;1.8083864486;0.7206491889;-0.0153123090;0.0057379304;0.6931070306;1620231182.8103079796;-0.0537280352;5.2450200667;1.4840610051;0.7067984035;0.0062761028;0.0071945505;-0.7073505961;449;1620231182.823528801;449
1620231182.8355538845;-0.0134507253;-1.2647205030;1.8083856855;0.7206795051;-0.0152116510;0.0056840995;0.6930781684;1620231182.8269889355;-0.0537070282;5.2450196612;1.4840587277;0.7067977571;0.0062717896;0.0071887742;-0.7073513389;449;1620231182.823528801;449
1620231182.8434309959;-0.0134227073;-1.2646426880;1.8085590114;0.7207879169;-0.0148164869;0.0051783500;0.6929779472;1620231182.8355789185;-0.0537279354;5.2450247416;1.4840615797;0.7067996273;0.0062802282;0.0071963379;-0.7073493185;450;1620231182.875471457;450
1620231182.8522770405;-0.0135094992;-1.2646976322;1.8084596778;0.7207457957;-0.0148615682;0.0054022344;0.6930190818;1620231182.8434550762;-0.0537032839;5.2450227354;1.4840541600;0.7067996650;0.0062803890;0.0071949807;-0.7073492932;450;1620231182.875471457;450
1620231182.8600339890;-0.0135960386;-1.2647373751;1.8084015646;0.7206808518;-0.0147691924;0.0056032129;0.6930869965;1620231182.8522880077;-0.0537112973;5.2450215914;1.4840569313;0.7067992355;0.0062789655;0.0071931800;-0.7073497532;450;1620231182.875471457;450
1620231182.8685779572;-0.0136399524;-1.2647615229;1.8083800476;0.7206882530;-0.0145793217;0.0057175104;0.6930823872;1620231182.8600571156;-0.0537293308;5.2450223647;1.4840620864;0.7068006936;0.0062781375;0.0071938641;-0.7073482967;451;1620231182.901442825;451
1620231182.8855628967;-0.0137512783;-1.2647949591;1.8083757893;0.7206138638;-0.0140657256;0.0060324877;0.6931676736;1620231182.8686029911;-0.0537069422;5.2450169882;1.4840588439;0.7068009737;0.0062744559;0.0071881071;-0.7073481080;451;1620231182.901442825;451
1620231182.8942370415;-0.0138225245;-1.2648069331;1.8083691490;0.7205124321;-0.0137939664;0.0062089196;0.6932770089;1620231182.8855869770;-0.0537081278;5.2450242672;1.4840578222;0.7067987329;0.0062807393;0.0071965423;-0.7073502055;451;1620231182.901442825;451
1620231182.9024620056;-0.0138646952;-1.2648315088;1.8083706240;0.7204925601;-0.0135285093;0.0063782396;0.6933013546;1620231182.8942549229;-0.0537087396;5.2450277329;1.4840528578;0.7068004485;0.0062864652;0.0071998111;-0.7073484072;451;1620231182.901442825;451
1620231182.9105560780;-0.0139296258;-1.2648541217;1.8083719141;0.7204539582;-0.0133824942;0.0064988441;0.6933431819;1620231182.9024729729;-0.0537068817;5.2450300298;1.4840522050;0.7068006457;0.0062911162;0.0072042928;-0.7073481231;452;1620231182.953385537;452
1620231182.9272820950;-0.0140195501;-1.2648793620;1.8083259896;0.7203976066;-0.0131780039;0.0068779147;0.6934019923;1620231182.9105789661;-0.0537300036;5.2450349967;1.4840551434;0.7068024336;0.0062953903;0.0072089150;-0.7073462514;452;1620231182.953385537;452
1620231182.9354600906;-0.0140664850;-1.2648979900;1.8082937338;0.7203958645;-0.0131161748;0.0070780063;0.6934029610;1620231182.9273068905;-0.0537049950;5.2450289096;1.4840560724;0.7068000608;0.0062855802;0.0071972661;-0.7073488283;452;1620231182.953385537;452
1620231182.9443418980;-0.0140529882;-1.2649142442;1.8082971605;0.7205306605;-0.0130985750;0.0071123604;0.6932628715;1620231182.9354848862;-0.0537163726;5.2450344350;1.4840571248;0.7067994719;0.0062856918;0.0072032707;-0.7073493546;453;1620231182.979356833;453
1620231182.9519529343;-0.0140951591;-1.2649367302;1.8082783475;0.7205369926;-0.0131072875;0.0072033755;0.6932551858;1620231182.9443678856;-0.0537041638;5.2450311135;1.4840535474;0.7068017691;0.0062930386;0.0072047679;-0.7073469786;453;1620231182.979356833;453
1620231182.9604189396;-0.0141352596;-1.2649598014;1.8082743423;0.7205525046;-0.0129659406;0.0073445321;0.6932402400;1620231182.9519760609;-0.0537300284;5.2450357460;1.4840583072;0.7068008467;0.0062898788;0.0072049241;-0.7073479269;453;1620231182.979356833;453
1620231182.9688479900;-0.0141606125;-1.2649939117;1.8082333187;0.7205892530;-0.0128652131;0.0076046845;0.6932011133;1620231182.9604289532;-0.0537036127;5.2450301407;1.4840509900;0.7068041722;0.0062934083;0.0072048715;-0.7073445730;453;1620231182.979356833;453
1620231182.9855160713;-0.0142270912;-1.2650217561;1.8081836176;0.7205694128;-0.0126097225;0.0080806025;0.6932210471;1620231182.9688730240;-0.0537021569;5.2450367375;1.4840521141;0.7068024187;0.0062942417;0.0072055456;-0.7073463109;454;1620231183.005328249;454
1620231182.9940810204;-0.0142625575;-1.2650347469;1.8081225444;0.7205462574;-0.0125306391;0.0083351957;0.6932435348;1620231182.9855411053;-0.0537037741;5.2450308307;1.4840509483;0.7068038485;0.0062937715;0.0072019825;-0.7073449227;454;1620231183.005328249;454
1620231183.0019509792;-0.0142772190;-1.2650412975;1.8080683153;0.7205279443;-0.0126970159;0.0084023084;0.6932587313;1620231182.9941051006;-0.0537140141;5.2450241887;1.4840546009;0.7068033654;0.0062815726;0.0071957431;-0.7073455774;454;1620231183.005328249;454
1620231183.0101668835;-0.0143568650;-1.2650454412;1.8079570142;0.7204501787;-0.0128974089;0.0086347493;0.6933329922;1620231183.0019838810;-0.0537067696;5.2450280810;1.4840536582;0.7068036595;0.0062858436;0.0072000844;-0.7073452014;455;1620231183.057270897;455
1620231183.0277519226;-0.0144426931;-1.2650961593;1.8077040851;0.7202027420;-0.0137409509;0.0089567105;0.6935697326;1620231183.0101919174;-0.0537129132;5.2450300630;1.4840568343;0.7068028147;0.0062860491;0.0072007777;-0.7073460367;455;1620231183.057270897;455
1620231183.0357639790;-0.0144544392;-1.2650727345;1.8077030230;0.7203062712;-0.0138202204;0.0088086372;0.6934625333;1620231183.0277769566;-0.0537032255;5.2450334122;1.4840542792;0.7068014393;0.0062877377;0.0071993949;-0.7073474101;455;1620231183.057270897;455
1620231183.0446870327;-0.0143905560;-1.2649934423;1.8078058906;0.7204558897;-0.0137399245;0.0082994776;0.6933149675;1620231183.0357880592;-0.0537159134;5.2450253007;1.4840524971;0.7068057138;0.0062853407;0.0071951162;-0.7073432036;455;1620231183.057270897;455
1620231183.0528190136;-0.0144890597;-1.2651036091;1.8076624898;0.7204041514;-0.0141424473;0.0084013372;0.6933594070;1620231183.0447120667;-0.0537131083;5.2450362577;1.4840502155;0.7068064182;0.0062939850;0.0072042990;-0.7073423294;456;1620231183.083242337;456
1620231183.0611069202;-0.0145155004;-1.2651295961;1.8075268526;0.7204017808;-0.0144090967;0.0084712118;0.6933555299;1620231183.0528318882;-0.0537132321;5.2450284181;1.4840547532;0.7068039195;0.0062815199;0.0071933263;-0.7073450487;456;1620231183.083242337;456
1620231183.0770089626;-0.0145223091;-1.2651645801;1.8073877840;0.7204898311;-0.0146620550;0.0082318901;0.6932616126;1620231183.0611300468;-0.0537162784;5.2450400024;1.4840513235;0.7068060423;0.0062968447;0.0072092330;-0.7073426294;456;1620231183.083242337;456
1620231183.0851149559;-0.0145681025;-1.2651742929;1.8073424404;0.7205675997;-0.0146745778;0.0081071936;0.6931819851;1620231183.0770320892;-0.0537222883;5.2450239544;1.4840564560;0.7068058945;0.0062783698;0.0071935265;-0.7073431012;456;1620231183.083242337;456
1620231183.0944519043;-0.0145532048;-1.2651800011;1.8072625407;0.7206102618;-0.0149920032;0.0077631033;0.6931347810;1620231183.0851399899;-0.0537142767;5.2450321112;1.4840567248;0.7068053391;0.0062864198;0.0072024322;-0.7073434940;457;1620231183.135184977;457
1620231183.1029410362;-0.0145875971;-1.2651628304;1.8072070316;0.7206278612;-0.0151232150;0.0075760229;0.6931157031;1620231183.0944759846;-0.0537219947;5.2450269062;1.4840599429;0.7068063135;0.0062798350;0.0071956150;-0.7073426482;457;1620231183.135184977;457
1620231183.1107869148;-0.0146103446;-1.2651575267;1.8071013402;0.7206323136;-0.0153673027;0.0074875591;0.6931066664;1620231183.1029670238;-0.0537429469;5.2450269531;1.4840678638;0.7068048849;0.0062755088;0.0071966118;-0.7073441040;457;1620231183.135184977;457
1620231183.1272430420;-0.0146989986;-1.2651399223;1.8069743850;0.7205314146;-0.0157573299;0.0071192178;0.6932066820;1620231183.1108100414;-0.0537135322;5.2450297840;1.4840565523;0.7068051748;0.0062845291;0.0072012583;-0.7073436869;458;1620231183.161156329;458
1620231183.1352350712;-0.0147106790;-1.2651311080;1.8069326003;0.7205603518;-0.0159113859;0.0069272184;0.6931750290;1620231183.1272668839;-0.0537094303;5.2450259496;1.4840560005;0.7068059096;0.0062788775;0.0071958383;-0.7073430581;458;1620231183.161156329;458
1620231183.1440899372;-0.0147180790;-1.2651105858;1.8069054217;0.7206004278;-0.0159648629;0.0067850165;0.6931335442;1620231183.1352589130;-0.0537136818;5.2450268051;1.4840594616;0.7068053703;0.0062806427;0.0071959067;-0.7073435805;458;1620231183.161156329;458
1620231183.1519119740;-0.0147714482;-1.2651149642;1.8068694857;0.7205730662;-0.0159402508;0.0066929839;0.6931634502;1620231183.1441140175;-0.0537073511;5.2450319507;1.4840613220;0.7068034653;0.0062831125;0.0072012764;-0.7073454075;458;1620231183.161156329;458
1620231183.1601181030;-0.0147829835;-1.2650920142;1.8068734926;0.7205736497;-0.0159424376;0.0064101172;0.6931654668;1620231183.1519238949;-0.0537117588;5.2450249083;1.4840618544;0.7068047458;0.0062807971;0.0071963273;-0.7073441989;459;1620231183.187127729;459
1620231183.1767330170;-0.0149053411;-1.2651214481;1.8068418963;0.7203962546;-0.0160735443;0.0059735540;0.6933507007;1620231183.1601400375;-0.0537169287;5.2450252277;1.4840635585;0.7068054161;0.0062779216;0.0071970710;-0.7073435471;459;1620231183.187127729;459
1620231183.1858100891;-0.0149516359;-1.2650975793;1.8069531273;0.7203257461;-0.0159572849;0.0054302735;0.6934311045;1620231183.1767559052;-0.0537078160;5.2450215414;1.4840606927;0.7068062603;0.0062783130;0.0071961304;-0.7073427097;459;1620231183.187127729;459
1620231183.1936149597;-0.0149707021;-1.2650448302;1.8070128954;0.7202879466;-0.0157384171;0.0051341490;0.6934776252;1620231183.1858339310;-0.0537109961;5.2450279497;1.4840610532;0.7068071330;0.0062846361;0.0072042567;-0.7073416987;460;1620231183.239070401;460
1620231183.2022869587;-0.0149564307;-1.2650632748;1.8069222444;0.7203071129;-0.0159096625;0.0051347336;0.6934538054;1620231183.1936469078;-0.0537084242;5.2450290679;1.4840638356;0.7068049895;0.0062837536;0.0072032713;-0.7073438585;460;1620231183.239070401;460
1620231183.2104880810;-0.0150147728;-1.2650507915;1.8069469656;0.7201881872;-0.0157482527;0.0050321054;0.6935817511;1620231183.2023119926;-0.0537050640;5.2450297648;1.4840585764;0.7068052595;0.0062885112;0.0072045289;-0.7073435336;460;1620231183.239070401;460
1620231183.2267749310;-0.0151026931;-1.2650228844;1.8069549730;0.7200500368;-0.0154426117;0.0050675012;0.6937317858;1620231183.2105100155;-0.0537106247;5.2450295641;1.4840596403;0.7068057719;0.0062876741;0.0072062232;-0.7073430118;460;1620231183.239070401;460
1620231183.2355248928;-0.0151906456;-1.2649911369;1.8070020054;0.7199349146;-0.0151170538;0.0051146323;0.6938580792;1620231183.2267980576;-0.0537080033;5.2450278180;1.4840606342;0.7068037632;0.0062843026;0.0072033248;-0.7073450785;461;1620231183.265041761;461
1620231183.2440509796;-0.0152062369;-1.2649887239;1.8070195920;0.7199147576;-0.0150109526;0.0051871217;0.6938807584;1620231183.2355499268;-0.0537021263;5.2450227193;1.4840610216;0.7068038187;0.0062840282;0.0071993542;-0.7073450658;461;1620231183.265041761;461
1620231183.2521109581;-0.0152416379;-1.2649667174;1.8070664871;0.7198755046;-0.0149123288;0.0051627178;0.6939237902;1620231183.2440750599;-0.0536991433;5.2450305104;1.4840595943;0.7068046169;0.0062872814;0.0072061745;-0.7073441699;461;1620231183.265041761;461
1620231183.2603950500;-0.0153929734;-1.2649516888;1.8071463327;0.7197023009;-0.0146832025;0.0051313252;0.6941085442;1620231183.2521219254;-0.0537007298;5.2450247389;1.4840631652;0.7068045240;0.0062836556;0.0071997449;-0.7073443604;461;1620231183.265041761;461
1620231183.2694940567;-0.0154211938;-1.2649330644;1.8072042373;0.7196892764;-0.0146218319;0.0050362900;0.6941240402;1620231183.2604188919;-0.0537064640;5.2450346562;1.4840611527;0.7068053415;0.0062915951;0.0072112180;-0.7073433561;462;1620231183.291013145;462
1620231183.2851641178;-0.0155478901;-1.2649103873;1.8073746250;0.7195304418;-0.0144036883;0.0048030665;0.6942948996;1620231183.2695219517;-0.0537018477;5.2450302513;1.4840620833;0.7068027675;0.0062881645;0.0072052527;-0.7073460194;462;1620231183.291013145;462
1620231183.2942719460;-0.0156495452;-1.2649446504;1.8074126103;0.7194039982;-0.0142622895;0.0049929928;0.6944274941;1620231183.2851750851;-0.0537017368;5.2450301316;1.4840588541;0.7068040121;0.0062915727;0.0072091591;-0.7073447057;462;1620231183.291013145;462
1620231183.3027739525;-0.0155786032;-1.2648371725;1.8076563460;0.7195341152;-0.0137010189;0.0046931933;0.6943060658;1620231183.2942860126;-0.0536999933;5.2450257414;1.4840564707;0.7068035073;0.0062887696;0.0072046412;-0.7073452810;463;1620231183.342955769;463
1620231183.3105819225;-0.0156696600;-1.2648275018;1.8077297834;0.7193830007;-0.0134198645;0.0049196102;0.6944665600;1620231183.3027980328;-0.0537001114;5.2450341212;1.4840595525;0.7068022498;0.0062944521;0.0072112670;-0.7073464195;463;1620231183.342955769;463
1620231183.3189799786;-0.0157472407;-1.2648532435;1.8077211649;0.7192978857;-0.0132772476;0.0052800616;0.6945548122;1620231183.3106069565;-0.0537012373;5.2450284770;1.4840556859;0.7068058448;0.0062940782;0.0072094813;-0.7073428488;463;1620231183.342955769;463
1620231183.3360049725;-0.0158955601;-1.2648538816;1.8077510270;0.7191124257;-0.0130026874;0.0060270762;0.6947459418;1620231183.3190031052;-0.0537041241;5.2450324282;1.4840594585;0.7068037823;0.0062906091;0.0072066580;-0.7073449694;463;1620231183.342955769;463
1620231183.3444139957;-0.0159985735;-1.2648260448;1.8078084257;0.7190118043;-0.0128576657;0.0063544022;0.6948498595;1620231183.3360309601;-0.0536941997;5.2450305131;1.4840569963;0.7068042111;0.0062950280;0.0072088496;-0.7073444792;464;1620231183.368927153;464
1620231183.3524079323;-0.0160462355;-1.2648095905;1.8078274320;0.7189368943;-0.0129934287;0.0065019320;0.6949234762;1620231183.3444390297;-0.0536926093;5.2450297084;1.4840569042;0.7068052451;0.0062992604;0.0072109511;-0.7073433869;464;1620231183.368927153;464
1620231183.3604650497;-0.0160572771;-1.2647880190;1.8078698771;0.7189715513;-0.0130505551;0.0066781982;0.6948848776;1620231183.3524339199;-0.0536946838;5.2450210277;1.4840569957;0.7068017901;0.0062877937;0.0072002618;-0.7073470502;464;1620231183.368927153;464
1620231183.3774049282;-0.0161355738;-1.2647844434;1.8080382677;0.7190580916;-0.0128581883;0.0067476344;0.6947982421;1620231183.3604760170;-0.0536944413;5.2450314742;1.4840559633;0.7068032903;0.0062990758;0.0072139214;-0.7073453116;464;1620231183.368927153;464
1620231183.3856749535;-0.0161518909;-1.2647872753;1.8081346098;0.7191171101;-0.0126516813;0.0068105573;0.6947403351;1620231183.3774299622;-0.0536967411;5.2450181847;1.4840611332;0.7068004309;0.0062849951;0.0071988881;-0.7073484472;465;1620231183.420869881;465
1620231183.3943419456;-0.0161695656;-1.2647987814;1.8082311806;0.7192031142;-0.0124563732;0.0068813448;0.6946541344;1620231183.3856990337;-0.0536993346;5.2450180214;1.4840650849;0.7068005194;0.0062840613;0.0072011312;-0.7073483442;465;1620231183.420869881;465
1620231183.4023950100;-0.0162016657;-1.2647922761;1.8083360481;0.7192059864;-0.0122769865;0.0069676329;0.6946534940;1620231183.3943669796;-0.0536897789;5.2450175343;1.4840625982;0.7067964844;0.0062813703;0.0071952878;-0.7073524595;465;1620231183.420869881;465
1620231183.4105548859;-0.0161577746;-1.2647850892;1.8083986198;0.7193215278;-0.0122246332;0.0071135678;0.6945332930;1620231183.4024190903;-0.0537082062;5.2450222867;1.4840656392;0.7068030852;0.0062893958;0.0072110087;-0.7073456324;466;1620231183.446841209;466
1620231183.4186699390;-0.0162572448;-1.2647864120;1.8084585417;0.7192622974;-0.0122867160;0.0072064662;0.6945925792;1620231183.4105799198;-0.0536979049;5.2450244687;1.4840657841;0.7068014494;0.0062912344;0.0072074125;-0.7073472872;466;1620231183.446841209;466
1620231183.4354410172;-0.0161790583;-1.2647013037;1.8085622550;0.7195862047;-0.0128345531;0.0071770724;0.6942474039;1620231183.4186971188;-0.0537094122;5.2450171420;1.4840645808;0.7068033096;0.0062833783;0.0072016230;-0.7073455572;466;1620231183.446841209;466
1620231183.4439589977;-0.0163137322;-1.2647480994;1.8085496545;0.7194937980;-0.0132698698;0.0073903036;0.6943327507;1620231183.4354519844;-0.0537168767;5.2450210418;1.4840675829;0.7068034405;0.0062885497;0.0072089192;-0.7073453061;466;1620231183.446841209;466
1620231183.4525980949;-0.0163174576;-1.2646927512;1.8086066407;0.7196409154;-0.0136600999;0.0072897325;0.6941737638;1620231183.4439840317;-0.0537105096;5.2450195667;1.4840646851;0.7068043958;0.0062929103;0.0072088425;-0.7073443136;467;1620231183.472812561;467
1620231183.4607510567;-0.0163554699;-1.2646804756;1.8086576893;0.7196735515;-0.0139679397;0.0072030967;0.6941347069;1620231183.4526228905;-0.0537113184;5.2450201251;1.4840710105;0.7068012096;0.0062814449;0.0071995866;-0.7073476935;467;1620231183.472812561;467
1620231183.4769198895;-0.0164144661;-1.2647377663;1.8087664798;0.7198522224;-0.0145116576;0.0070423387;0.6939399075;1620231183.4607620239;-0.0537058439;5.2450182150;1.4840685700;0.7068020725;0.0062809963;0.0072000673;-0.7073468304;467;1620231183.472812561;467
1620231183.4851009846;-0.0163547335;-1.2646398965;1.8090956260;0.7200535195;-0.0141832162;0.0063418834;0.6937445826;1620231183.4769439697;-0.0537209508;5.2450251251;1.4840701457;0.7068018584;0.0062800805;0.0072035016;-0.7073470175;468;1620231183.524755369;468
1620231183.4936029911;-0.0164084098;-1.2646690260;1.8091737103;0.7200660668;-0.0143353598;0.0062289213;0.6937294555;1620231183.4851269722;-0.0537148461;5.2450259441;1.4840657958;0.7068020362;0.0062838052;0.0072022931;-0.7073468191;468;1620231183.524755369;468
1620231183.5024950504;-0.0164687053;-1.2646900325;1.8092840282;0.7200946842;-0.0143395856;0.0061665898;0.6937002200;1620231183.4936280251;-0.0537168686;5.2450348962;1.4840649237;0.7068041363;0.0062930795;0.0072096608;-0.7073445630;468;1620231183.524755369;468
1620231183.5107069016;-0.0164178090;-1.2646736808;1.8094463156;0.7201993001;-0.0143250676;0.0058990804;0.6935942340;1620231183.5025219917;-0.0537162305;5.2450224833;1.4840596607;0.7068030717;0.0062840088;0.0072004383;-0.7073458014;468;1620231183.524755369;468
1620231183.5185379982;-0.0164963967;-1.2646763701;1.8096009103;0.7201449720;-0.0142523923;0.0057747898;0.6936531845;1620231183.5107309818;-0.0537144441;5.2450297369;1.4840664119;0.7068009396;0.0062820283;0.0071999450;-0.7073479545;469;1620231183.550726649;469
1620231183.5366599560;-0.0166780846;-1.2647131213;1.8099143010;0.7199794363;-0.0139411617;0.0057967812;0.6938311413;1620231183.5185649395;-0.0537101095;5.2450333911;1.4840644863;0.7068016706;0.0062862149;0.0071999769;-0.7073471865;469;1620231183.550726649;469
1620231183.5450329781;-0.0166899117;-1.2647074839;1.8100464349;0.7199611273;-0.0138790383;0.0057733556;0.6938515806;1620231183.5366859436;-0.0537200998;5.2450280335;1.4840692071;0.7068040341;0.0062789369;0.0071973258;-0.7073449165;469;1620231183.550726649;469
1620231183.5529670715;-0.0167790294;-1.2647158078;1.8102015943;0.7198161182;-0.0135694269;0.0059556395;0.6940065973;1620231183.5450580120;-0.0537123390;5.2450357966;1.4840682578;0.7068015425;0.0062829280;0.0072000462;-0.7073473430;469;1620231183.550726649;469
1620231183.5697278976;-0.0167772005;-1.2647115325;1.8104356683;0.7197400494;-0.0134108146;0.0061698005;0.6940866984;1620231183.5529971123;-0.0537168906;5.2450349433;1.4840622164;0.7068032443;0.0062858943;0.0072044360;-0.7073455715;470;1620231183.602669305;470
1620231183.5866289139;-0.0170010641;-1.2648135493;1.8106701456;0.7194672241;-0.0132435424;0.0065337544;0.6943693773;1620231183.5697538853;-0.0537116240;5.2450430028;1.4840595923;0.7068032080;0.0062926454;0.0072070522;-0.7073455210;470;1620231183.602669305;470
1620231183.5944859982;-0.0170582171;-1.2648445742;1.8107839219;0.7192855543;-0.0134452182;0.0068207464;0.6945509304;1620231183.5866539478;-0.0537136913;5.2450303777;1.4840617672;0.7068033361;0.0062814176;0.0071949013;-0.7073456166;471;1620231183.628640737;471
1620231183.6038498878;-0.0171440744;-1.2648530348;1.8109461384;0.7191885597;-0.0133463129;0.0070730365;0.6946507494;1620231183.5945100784;-0.0537030806;5.2450362825;1.4840631241;0.7068027067;0.0062870370;0.0071982857;-0.7073461611;471;1620231183.628640737;471
1620231183.6116039753;-0.0170976157;-1.2647458176;1.8113023630;0.7192532987;-0.0129979423;0.0066519067;0.6945944845;1620231183.6038739681;-0.0537180082;5.2450340405;1.4840651510;0.7068032117;0.0062863039;0.0072023318;-0.7073456219;471;1620231183.628640737;471
1620231183.6187589169;-0.0171828955;-1.2647948250;1.8113723007;0.7191478847;-0.0132059276;0.0068676651;0.6946976023;1620231183.6116290092;-0.0537150929;5.2450359070;1.4840673144;0.7068022905;0.0062809137;0.0071997861;-0.7073466161;471;1620231183.628640737;471
1620231183.6357159615;-0.0172216498;-1.2648259528;1.8118025876;0.7191442902;-0.0130696507;0.0067570269;0.6947049853;1620231183.6187710762;-0.0537136524;5.2450311371;1.4840692050;0.7068014594;0.0062762848;0.0071974208;-0.7073475117;472;1620231183.654612121;472
1620231183.6436839104;-0.0172683251;-1.2648353976;1.8120658350;0.7191355294;-0.0127007629;0.0068334961;0.6947201482;1620231183.6357400417;-0.0537168738;5.2450274322;1.4840640158;0.7068057995;0.0062792076;0.0071942326;-0.7073431814;472;1620231183.654612121;472
1620231183.6529290676;-0.0172300895;-1.2648453369;1.8123495941;0.7191862893;-0.0124479449;0.0067783836;0.6946727168;1620231183.6437079906;-0.0537137666;5.2450280556;1.4840594310;0.7068040321;0.0062810776;0.0071960530;-0.7073449124;472;1620231183.654612121;472
1620231183.6604459286;-0.0172971599;-1.2648576068;1.8125846780;0.7193069611;-0.0120335719;0.0067990620;0.6945548658;1620231183.6529541016;-0.0537059035;5.2450264917;1.4840635541;0.7068030519;0.0062791670;0.0071886206;-0.7073459844;473;1620231183.706554801;473
1620231183.6690659523;-0.0173203621;-1.2648649241;1.8128195111;0.7192809213;-0.0117973402;0.0068360068;0.6945855225;1620231183.6604700089;-0.0537085454;5.2450299752;1.4840621679;0.7068026613;0.0062825035;0.0071951539;-0.7073462786;473;1620231183.706554801;473
1620231183.6863329411;-0.0173317954;-1.2649012427;1.8131986917;0.7193170329;-0.0117796965;0.0071558084;0.6945452032;1620231183.6690769196;-0.0537088550;5.2450377089;1.4840638907;0.7068022132;0.0062852479;0.0071959940;-0.7073466935;473;1620231183.706554801;473
1620231183.6944909096;-0.0173623539;-1.2648980192;1.8133624250;0.7190302015;-0.0122078896;0.0072581133;0.6948336899;1620231183.6863570213;-0.0537116622;5.2450335600;1.4840659675;0.7068006410;0.0062798157;0.0071933039;-0.7073483401;473;1620231183.706554801;473
1620231183.7029790878;-0.0173898809;-1.2649133073;1.8135152726;0.7190994429;-0.0124247783;0.0074035219;0.6947566509;1620231183.6945180893;-0.0537103162;5.2450471905;1.4840654683;0.7068027744;0.0062924500;0.0072039606;-0.7073459876;474;1620231183.732526137;474
1620231183.7111730576;-0.0174202200;-1.2649156983;1.8136604867;0.7190566442;-0.0127907309;0.0073584772;0.6947947844;1620231183.7030038834;-0.0537086502;5.2450364010;1.4840626775;0.7068012691;0.0062831996;0.0071956638;-0.7073476584;474;1620231183.732526137;474
1620231183.7194850445;-0.0174204199;-1.2649332923;1.8138277818;0.7191737798;-0.0130286967;0.0072889348;0.6946698489;1620231183.7111840248;-0.0537132775;5.2450490495;1.4840604716;0.7068015034;0.0062917494;0.0072078303;-0.7073472244;474;1620231183.732526137;474
1620231183.7276229858;-0.0173274647;-1.2649491715;1.8139681109;0.7193858585;-0.0132497800;0.0073573888;0.6944453173;1620231183.7195100784;-0.0537065496;5.2450420857;1.4840609986;0.7068011696;0.0062841797;0.0071963508;-0.7073477421;474;1620231183.732526137;474
1620231183.7443509102;-0.0172957337;-1.2649907631;1.8143471874;0.7196368724;-0.0133008458;0.0073894680;0.6941838770;1620231183.7276480198;-0.0537110906;5.2450441197;1.4840613375;0.7068013341;0.0062869225;0.0071991468;-0.7073475249;475;1620231183.784468785;475
1620231183.7524180412;-0.0172494844;-1.2650311688;1.8145365959;0.7199561957;-0.0132262735;0.0073717136;0.6938543073;1620231183.7443621159;-0.0537052668;5.2450501688;1.4840641680;0.7068015624;0.0062915931;0.0072035720;-0.7073472102;475;1620231183.784468785;475
1620231183.7609200478;-0.0172862146;-1.2650663061;1.8147575809;0.7197945392;-0.0134249878;0.0074356048;0.6940175090;1620231183.7524449825;-0.0537098140;5.2450439807;1.4840638740;0.7067978380;0.0062778603;0.0071928179;-0.7073511632;475;1620231183.784468785;475
1620231183.7687311172;-0.0172965629;-1.2651073502;1.8149377877;0.7198044871;-0.0135729695;0.0074427276;0.6940042368;1620231183.7609438896;-0.0537064564;5.2450532145;1.4840603452;0.7068009327;0.0062934212;0.0072033827;-0.7073478251;476;1620231183.810440169;476
1620231183.7856440544;-0.0172487076;-1.2651328053;1.8154008146;0.7199910740;-0.0140087281;0.0069066077;0.6938075437;1620231183.7687430382;-0.0537136054;5.2450437687;1.4840621887;0.7067998147;0.0062825298;0.0071979348;-0.7073490945;476;1620231183.810440169;476
1620231183.7938349247;-0.0172362620;-1.2650863127;1.8156797013;0.7200317824;-0.0141067420;0.0065632612;0.6937666436;1620231183.7856690884;-0.0537098689;5.2450511431;1.4840599961;0.7068024912;0.0062914022;0.0072040984;-0.7073462785;476;1620231183.810440169;476
1620231183.8031220436;-0.0172426034;-1.2651569329;1.8157780010;0.7200198471;-0.0146641822;0.0065776842;0.6937673353;1620231183.7938599586;-0.0536994878;5.2450479307;1.4840578507;0.7067995754;0.0062851640;0.0071966719;-0.7073493231;476;1620231183.810440169;476
1620231183.8108639717;-0.0173457749;-1.2651868909;1.8159696323;0.7198768844;-0.0147988820;0.0065307829;0.6939132606;1620231183.8031539917;-0.0537133076;5.2450546851;1.4840595510;0.7068001476;0.0062907184;0.0072062151;-0.7073486048;477;1620231183.836411529;477
1620231183.8190779686;-0.0173673865;-1.2652343149;1.8161954191;0.7200828847;-0.0147612318;0.0063347795;0.6937021089;1620231183.8108870983;-0.0537081086;5.2450480130;1.4840616013;0.7067978650;0.0062813108;0.0071939866;-0.7073510936;477;1620231183.836411529;477
1620231183.8370130062;-0.0173523482;-1.2652507666;1.8167582344;0.7199137006;-0.0148747704;0.0059345540;0.6938787977;1620231183.8191020489;-0.0537086942;5.2450524102;1.4840638181;0.7067986423;0.0062844969;0.0071980071;-0.7073502477;477;1620231183.836411529;477
1620231183.8449280262;-0.0173198704;-1.2652682997;1.8170497067;0.7200069372;-0.0146863861;0.0058715496;0.6937865993;1620231183.8370358944;-0.0537106310;5.2450436823;1.4840636134;0.7067993747;0.0062796330;0.0071919190;-0.7073496210;478;1620231183.888354289;478
1620231183.8525629044;-0.0173660418;-1.2653225215;1.8172887727;0.7199768447;-0.0146632065;0.0058324695;0.6938186476;1620231183.8449530602;-0.0537123113;5.2450477448;1.4840646755;0.7067995437;0.0062824817;0.0071944956;-0.7073494007;478;1620231183.888354289;478
1620231183.8611629009;-0.0174605813;-1.2653560644;1.8175799269;0.7198520007;-0.0144828915;0.0057526158;0.6939526283;1620231183.8525869846;-0.0537152028;5.2450494593;1.4840675383;0.7067956442;0.0062761523;0.0071929714;-0.7073533688;478;1620231183.888354289;478
1620231183.8701291084;-0.0174378468;-1.2653966349;1.8178727333;0.7198706125;-0.0143437345;0.0056677033;0.6939369105;1620231183.8611860275;-0.0537093880;5.2450465804;1.4840633531;0.7067969577;0.0062798872;0.0071953613;-0.7073519990;478;1620231183.888354289;478
1620231183.8779339790;-0.0174013466;-1.2654335559;1.8181634275;0.7198431138;-0.0142790812;0.0055411607;0.6939677909;1620231183.8701519966;-0.0537088952;5.2450412597;1.4840646231;0.7067973399;0.0062739601;0.0071855055;-0.7073517698;479;1620231183.914325625;479
1620231183.8942348957;-0.0174027316;-1.2654725263;1.8186594760;0.7197414576;-0.0141055298;0.0056700525;0.6940757298;1620231183.8779580593;-0.0537089880;5.2450394270;1.4840620634;0.7067985153;0.0062770305;0.0071894451;-0.7073505281;479;1620231183.914325625;479
1620231183.9025859833;-0.0173857165;-1.2654364874;1.8190883128;0.7196963509;-0.0135751725;0.0056388565;0.6941333305;1620231183.8942580223;-0.0537172373;5.2450337790;1.4840694278;0.7067982115;0.0062694328;0.0071823656;-0.7073509709;479;1620231183.914325625;479
1620231183.9108738899;-0.0173408151;-1.2653868838;1.8194966600;0.7196529289;-0.0131086821;0.0055765706;0.6941878177;1620231183.9026110172;-0.0537235347;5.2450405458;1.4840646215;0.7067971613;0.0062751304;0.0071907059;-0.7073518850;479;1620231183.914325625;479
1620231183.9191648960;-0.0174967546;-1.2655313082;1.8196428486;0.7193857658;-0.0130414019;0.0064222498;0.6944586356;1620231183.9108979702;-0.0537323701;5.2450388813;1.4840671276;0.7067987412;0.0062766592;0.0071891348;-0.7073503088;480;1620231183.940296913;480
1620231183.9360849857;-0.0176200641;-1.2656114678;1.8201342718;0.7192937803;-0.0126544747;0.0071711227;0.6945537393;1620231183.9191899300;-0.0537111685;5.2450304750;1.4840634158;0.7067987564;0.0062684906;0.0071805739;-0.7073504530;480;1620231183.940296913;480
1620231183.9440779686;-0.0175543240;-1.2656189090;1.8204031829;0.7191712677;-0.0129577383;0.0073472338;0.6946731626;1620231183.9361090660;-0.0537203210;5.2450384593;1.4840680298;0.7067994039;0.0062771405;0.0071923090;-0.7073496101;480;1620231183.940296913;480
1620231183.9531869888;-0.0175721577;-1.2656298657;1.8207255178;0.7191022656;-0.0129625810;0.0074421777;0.6947434901;1620231183.9441030025;-0.0537174018;5.2450308733;1.4840676960;0.7067971595;0.0062691870;0.0071832957;-0.7073520148;481;1620231183.992239745;481
1620231183.9608669281;-0.0176379835;-1.2656722053;1.8209962390;0.7192525588;-0.0129170786;0.0076322825;0.6945866785;1620231183.9531979561;-0.0537151466;5.2450310174;1.4840655185;0.7067988419;0.0062720797;0.0071880081;-0.7073502602;481;1620231183.992239745;481
1620231183.9938170910;-0.0176870826;-1.2657623301;1.8217273391;0.7192198871;-0.0127738247;0.0075580038;0.6946239702;1620231183.9608900547;-0.0537103883;5.2450287611;1.4840635843;0.7067988224;0.0062697338;0.0071819504;-0.7073503621;482;1620231184.018211001;482
1620231184.0098729134;-0.0174361722;-1.2658969736;1.8233475138;0.7192363902;-0.0118119445;0.0071449600;0.6946282765;1620231183.9938330650;-0.0537378328;5.2450388517;1.4840700081;0.7067989021;0.0062739031;0.0071905759;-0.7073501578;482;1620231184.018211001;482
1620231184.0273311138;-0.0175492179;-1.2660297559;1.8239928133;0.7190454364;-0.0114436384;0.0077126610;0.6948260347;1620231184.0098950863;-0.0537165966;5.2450291252;1.4840684768;0.7068000725;0.0062725886;0.0071861041;-0.7073490454;483;1620231184.070153705;483
1620231184.0346190929;-0.0174658091;-1.2660632635;1.8242380818;0.7192671620;-0.0114536903;0.0079365880;0.6945938189;1620231184.0273520947;-0.0537107646;5.2450412326;1.4840650855;0.7067987386;0.0062783697;0.0071925673;-0.7073502613;483;1620231184.070153705;483
1620231184.0427250862;-0.0173390484;-1.2660166957;1.8245218454;0.7192388083;-0.0118637974;0.0081069260;0.6946143281;1620231184.0346450806;-0.0537152817;5.2450384855;1.4840655677;0.7067990274;0.0062761604;0.0071919359;-0.7073499987;483;1620231184.070153705;483
1620231184.0512340069;-0.0172923174;-1.2660685124;1.8247200039;0.7192460954;-0.0123140326;0.0084707567;0.6945946048;1620231184.0427370071;-0.0537442200;5.2450483323;1.4840703983;0.7068009614;0.0062837982;0.0072019231;-0.7073478968;483;1620231184.070153705;483
1620231184.0595219135;-0.0172864416;-1.2662089074;1.8249085826;0.7194725824;-0.0126210296;0.0089638564;0.6943483002;1620231184.0512468815;-0.0537151442;5.2450469255;1.4840666199;0.7067995615;0.0062821692;0.0071955315;-0.7073493751;484;1620231184.096125169;484
1620231184.0758628845;-0.0170822773;-1.2660372227;1.8258927054;0.7197488948;-0.0124295151;0.0080668804;0.6940763366;1620231184.0595340729;-0.0537116652;5.2450537194;1.4840655243;0.7068000243;0.0062903104;0.0072027273;-0.7073487672;484;1620231184.096125169;484
1620231184.0845029354;-0.0169228582;-1.2661010483;1.8261047012;0.7199380014;-0.0129800790;0.0081489362;0.6938691422;1620231184.0758740902;-0.0537209506;5.2450602722;1.4840713795;0.7067979542;0.0062900955;0.0072053197;-0.7073508112;484;1620231184.096125169;484
1620231184.0926079750;-0.0168929527;-1.2661516381;1.8264590667;0.7197634330;-0.0132865592;0.0079094120;0.6940471952;1620231184.0845139027;-0.0537157053;5.2450662770;1.4840681084;0.7067993282;0.0062933763;0.0072094645;-0.7073493668;484;1620231184.096125169;484
1620231184.1014120579;-0.0168690441;-1.2662134362;1.8268300046;0.7198892040;-0.0132964432;0.0077714324;0.6939181100;1620231184.0926198959;-0.0537098506;5.2450640503;1.4840655651;0.7067995423;0.0062930765;0.0072072230;-0.7073491784;485;1620231184.148067745;485
1620231184.1095368862;-0.0168046456;-1.2662674521;1.8272292070;0.7199401770;-0.0133729911;0.0074237696;0.6938675611;1620231184.1014249325;-0.0537107330;5.2450723753;1.4840646336;0.7067985424;0.0062982417;0.0072140979;-0.7073500614;485;1620231184.148067745;485
1620231184.1261339188;-0.0167654081;-1.2664550969;1.8279467201;0.7202250611;-0.0135371866;0.0067272294;0.6935757712;1620231184.1095480919;-0.0537108107;5.2450838885;1.4840601890;0.7068002909;0.0063128456;0.0072257465;-0.7073480652;485;1620231184.148067745;485
1620231184.1345720291;-0.0166855537;-1.2665000526;1.8283069743;0.7200590672;-0.0140099310;0.0063927154;0.6937418791;1620231184.1261439323;-0.0537082196;5.2450826696;1.4840652396;0.7067980988;0.0062995066;0.0072152431;-0.7073504818;485;1620231184.148067745;485
1620231184.1428549290;-0.0166537715;-1.2665482090;1.8286620266;0.7201015196;-0.0141848848;0.0061997367;0.6936960096;1620231184.1345829964;-0.0537116595;5.2450820596;1.4840651465;0.7068017743;0.0062995582;0.0072153145;-0.7073468079;486;1620231184.174039121;486
1620231184.1512880325;-0.0166544729;-1.2664901089;1.8290724800;0.7200346498;-0.0141454515;0.0058025974;0.6937696586;1620231184.1428670883;-0.0537075182;5.2450935231;1.4840649906;0.7068006136;0.0063076466;0.0072246961;-0.7073477999;486;1620231184.174039121;486
1620231184.1593298912;-0.0165676249;-1.2665026610;1.8294314889;0.7199956327;-0.0143763445;0.0055316284;0.6938076179;1620231184.1513049603;-0.0537312131;5.2450940353;1.4840687679;0.7068005948;0.0063054948;0.0072210752;-0.7073478748;486;1620231184.174039121;486
1620231184.1763091087;-0.0165546346;-1.2666506220;1.8300521170;0.7197898580;-0.0148240854;0.0056089236;0.6940110567;1620231184.1593420506;-0.0537055010;5.2450957302;1.4840614134;0.7068011079;0.0063132100;0.0072261129;-0.7073472419;487;1620231184.200010481;487
1620231184.1845951080;-0.0164987583;-1.2667050579;1.8303672532;0.7198710973;-0.0148917311;0.0058808902;0.6939230899;1620231184.1763210297;-0.0537109286;5.2450978852;1.4840620722;0.7068002885;0.0063103465;0.0072315874;-0.7073480302;487;1620231184.200010481;487
1620231184.1928479671;-0.0163806638;-1.2667463182;1.8307171695;0.7200926333;-0.0148102718;0.0057049578;0.6936964097;1620231184.1846070290;-0.0537109845;5.2450875838;1.4840618915;0.7068001798;0.0063011326;0.0072193019;-0.7073483465;487;1620231184.200010481;487
1620231184.2014288902;-0.0163200444;-1.2668115196;1.8310644894;0.7201864926;-0.0147949146;0.0056411530;0.6935998153;1620231184.1928598881;-0.0537018447;5.2451029423;1.4840589596;0.7067982531;0.0063127543;0.0072291791;-0.7073500672;487;1620231184.200010481;487
1620231184.2094380856;-0.0163581343;-1.2668838378;1.8314099969;0.7199591877;-0.0149265836;0.0056865276;0.6938325652;1620231184.2014420033;-0.0537014260;5.2450981628;1.4840537639;0.7067997141;0.0063206446;0.0072337120;-0.7073484905;488;1620231184.251953177;488
1620231184.2261741161;-0.0163141881;-1.2670730138;1.8320748935;0.7197250959;-0.0150567583;0.0058051580;0.6940715961;1620231184.2094600201;-0.0536923922;5.2450914590;1.4840576516;0.7067969112;0.0063087478;0.0072204754;-0.7073515326;488;1620231184.251953177;488
1620231184.2347640991;-0.0160743950;-1.2669396137;1.8327546566;0.7201986579;-0.0143879848;0.0049716798;0.6936008661;1620231184.2261860371;-0.0536972493;5.2450968712;1.4840648223;0.7067961447;0.0063119691;0.0072248531;-0.7073522251;488;1620231184.251953177;488
1620231184.2428739071;-0.0160741592;-1.2669954257;1.8331032149;0.7201076381;-0.0142529069;0.0052432931;0.6936961525;1620231184.2347769737;-0.0537194354;5.2451025540;1.4840641209;0.7067980380;0.0063181043;0.0072302807;-0.7073502231;488;1620231184.251953177;488
1620231184.2529060841;-0.0161241378;-1.2670416962;1.8334569583;0.7199122015;-0.0142665290;0.0052472451;0.6938986631;1620231184.2428839207;-0.0537217855;5.2450923389;1.4840676095;0.7067959865;0.0063062764;0.0072206560;-0.7073524769;489;1620231184.277924537;489
1620231184.2605049610;-0.0161003169;-1.2670939535;1.8338386041;0.7198659031;-0.0142475306;0.0052751947;0.6939468724;1620231184.2529399395;-0.0537030276;5.2450857572;1.4840632953;0.7067965793;0.0063061616;0.0072205016;-0.7073518871;489;1620231184.277924537;489
1620231184.2777280807;-0.0160658576;-1.2671783346;1.8346674019;0.7196579175;-0.0138563585;0.0054929871;0.6941687909;1620231184.2605290413;-0.0536981978;5.2450900317;1.4840630566;0.7067948925;0.0063094139;0.0072246508;-0.7073535012;489;1620231184.277924537;489
1620231184.2877850533;-0.0159787476;-1.2672196343;1.8350890208;0.7196315753;-0.0138221461;0.0054303267;0.6941972743;1620231184.2777519226;-0.0536906145;5.2450838674;1.4840607564;0.7067913248;0.0063042550;0.0072169745;-0.7073571904;490;1620231184.329867305;490
1620231184.2950539589;-0.0159728838;-1.2672683102;1.8355477806;0.7195811066;-0.0135439736;0.0054421365;0.6942549784;1620231184.2878110409;-0.0537008011;5.2450841709;1.4840612193;0.7067941340;0.0063081765;0.0072201135;-0.7073543164;490;1620231184.329867305;490
1620231184.3023350239;-0.0159215169;-1.2673580733;1.8360100675;0.7196664014;-0.0133275946;0.0054587074;0.6941706191;1620231184.2950770855;-0.0537205446;5.2450829209;1.4840676848;0.7067932729;0.0063047856;0.0072203921;-0.7073552043;490;1620231184.329867305;490
1620231184.3117120266;-0.0158027879;-1.2674001076;1.8365162924;0.7197421653;-0.0131322216;0.0051446240;0.6940981869;1620231184.3023629189;-0.0537000811;5.2450795039;1.4840670022;0.7067923443;0.0063018412;0.0072134252;-0.7073562294;490;1620231184.329867305;490
1620231184.3203549385;-0.0157864092;-1.2674598918;1.8369735020;0.7195943233;-0.0129979812;0.0049274650;0.6942555599;1620231184.3117370605;-0.0537196427;5.2450838105;1.4840672930;0.7067907474;0.0063057499;0.0072173308;-0.7073577504;491;1620231184.355838641;491
1620231184.3375599384;-0.0157719580;-1.2676583979;1.8378713194;0.7195241469;-0.0126266509;0.0050252086;0.6943344418;1620231184.3203859329;-0.0536966931;5.2450650046;1.4840631047;0.7067908426;0.0062919458;0.0072005668;-0.7073579491;491;1620231184.355838641;491
1620231184.3447439671;-0.0156531737;-1.2676674280;1.8384274788;0.7196348892;-0.0121911003;0.0050579055;0.6942272113;1620231184.3375968933;-0.0536949974;5.2450634034;1.4840679064;0.7067900937;0.0062878567;0.0071971947;-0.7073587680;491;1620231184.355838641;491
1620231184.3528070450;-0.0156495846;-1.2676422813;1.8390861386;0.7194759031;-0.0116438045;0.0047559027;0.6944035052;1620231184.3447670937;-0.0537206313;5.2450554814;1.4840648833;0.7067889824;0.0062795927;0.0071920213;-0.7073600044;491;1620231184.355838641;491
1620231184.3617091179;-0.0156130329;-1.2677532725;1.8394478008;0.7193197674;-0.0117620171;0.0050660204;0.6945610575;1620231184.3528430462;-0.0536959956;5.2450552842;1.4840621740;0.7067890512;0.0062805429;0.0071908992;-0.7073599387;492;1620231184.381809985;492
1620231184.3697109222;-0.0155999301;-1.2678450114;1.8398457211;0.7192920336;-0.0115286961;0.0054719122;0.6945906117;1620231184.3617339134;-0.0537020409;5.2450474444;1.4840554489;0.7067885000;0.0062763968;0.0071860265;-0.7073605758;492;1620231184.381809985;492
1620231184.3871219158;-0.0154277304;-1.2679659298;1.8406998095;0.7189828450;-0.0115166313;0.0057476500;0.6949086273;1620231184.3697350025;-0.0536962666;5.2450486289;1.4840525574;0.7067883215;0.0062739276;0.0071837589;-0.7073607991;492;1620231184.381809985;492
1620231184.3944659233;-0.0153949343;-1.2680151288;1.8411421373;0.7191310599;-0.0111522306;0.0059479219;0.6947595042;1620231184.3871469498;-0.0536967892;5.2450440354;1.4840573452;0.7067906636;0.0062803461;0.0071848699;-0.7073583906;493;1620231184.433752705;493
1620231184.4030709267;-0.0152928355;-1.2681013735;1.8415644344;0.7191711581;-0.0111068870;0.0063386920;0.6947152679;1620231184.3944900036;-0.0536927574;5.2450412686;1.4840645487;0.7067931158;0.0062798538;0.0071816985;-0.7073559770;493;1620231184.433752705;493
1620231184.4109749794;-0.0151370982;-1.2681595955;1.8419914082;0.7191122499;-0.0113988345;0.0064217025;0.6947707538;1620231184.4030940533;-0.0537131624;5.2450477520;1.4840660580;0.7067925285;0.0062796718;0.0071891422;-0.7073564898;493;1620231184.433752705;493
1620231184.4200320244;-0.0151681767;-1.2682461692;1.8424330374;0.7189751404;-0.0114344612;0.0066758549;0.6949096585;1620231184.4110000134;-0.0537321573;5.2450476418;1.4840706816;0.7067943212;0.0062793490;0.0071897415;-0.7073546953;493;1620231184.433752705;493
1620231184.4281508923;-0.0151116282;-1.2683357934;1.8428134336;0.7189913920;-0.0117205251;0.0066730678;0.6948881044;1620231184.4200561047;-0.0537149615;5.2450403556;1.4840664647;0.7067946126;0.0062794045;0.0071890266;-0.7073544109;494;1620231184.459724041;494
1620231184.4446370602;-0.0148125784;-1.2685048168;1.8436746829;0.7192961116;-0.0122521477;0.0065380347;0.6945647867;1620231184.4282090664;-0.0537106167;5.2450380267;1.4840625601;0.7067923881;0.0062773604;0.0071894422;-0.7073566475;494;1620231184.459724041;494
1620231184.4523119926;-0.0148595625;-1.2686329328;1.8442098830;0.7194683429;-0.0119800348;0.0063707569;0.6943926812;1620231184.4446620941;-0.0537194985;5.2450362660;1.4840588757;0.7067949047;0.0062807072;0.0071933425;-0.7073540636;494;1620231184.459724041;494
1620231184.4607360363;-0.0146550097;-1.2687078988;1.8447189738;0.7196518014;-0.0121044828;0.0059110146;0.6942044555;1620231184.4523439407;-0.0537416126;5.2450290386;1.4840694249;0.7067945532;0.0062685926;0.0071810747;-0.7073546469;494;1620231184.459724041;494
1620231184.4775319099;-0.0145620622;-1.2689229182;1.8456799044;0.7195682945;-0.0122240885;0.0054004344;0.6942930768;1620231184.4607610703;-0.0537392450;5.2450346199;1.4840701630;0.7067948087;0.0062760233;0.0071903714;-0.7073542313;495;1620231184.511666793;495
1620231184.4858820438;-0.0143575679;-1.2690255747;1.8460330226;0.7196551885;-0.0126260311;0.0056023110;0.6941942143;1620231184.4775431156;-0.0537205282;5.2450344514;1.4840676877;0.7067982154;0.0062860826;0.0071951231;-0.7073506895;495;1620231184.511666793;495
1620231184.4946699142;-0.0142905039;-1.2691035028;1.8464827582;0.7196311235;-0.0128406126;0.0052330826;0.6942181067;1620231184.4859058857;-0.0537453448;5.2450283152;1.4840775598;0.7067961157;0.0062694080;0.0071873722;-0.7073530145;495;1620231184.511666793;495
1620231184.5028910637;-0.0141964004;-1.2692046096;1.8468704592;0.7196857956;-0.0130248507;0.0054396956;0.6941564079;1620231184.4946808815;-0.0537337924;5.2450322103;1.4840784282;0.7067979910;0.0062730764;0.0071916469;-0.7073510646;496;1620231184.537638113;496
1620231184.5110859871;-0.0141616306;-1.2693055875;1.8472502876;0.7196918843;-0.0131695723;0.0057182592;0.6941451258;1620231184.5029160976;-0.0537480132;5.2450257900;1.4840789682;0.7067981602;0.0062707873;0.0071892794;-0.7073509400;496;1620231184.537638113;496
1620231184.5193231106;-0.0140105504;-1.2694114464;1.8476468893;0.7199239348;-0.0133502308;0.0058430578;0.6938999626;1620231184.5111119747;-0.0537399011;5.2450255240;1.4840735476;0.7067954750;0.0062651299;0.0071868468;-0.7073536979;496;1620231184.537638113;496
1620231184.5358479023;-0.0139386240;-1.2696800546;1.8484302050;0.7197606597;-0.0139558223;0.0061945129;0.6940543608;1620231184.5193500519;-0.0537466881;5.2450338190;1.4840689447;0.7067964798;0.0062763445;0.0071965177;-0.7073524961;496;1620231184.537638113;496
1620231184.5442900658;-0.0138205739;-1.2696924561;1.8490629273;0.7197616251;-0.0137267577;0.0055759365;0.6940631730;1620231184.5358729362;-0.0537242688;5.2450260129;1.4840588030;0.7067982122;0.0062753741;0.0071926961;-0.7073508125;497;1620231184.589580881;497
1620231184.5529348850;-0.0137509949;-1.2699402596;1.8492323724;0.7199075410;-0.0143652645;0.0059333619;0.6938959337;1620231184.5443120003;-0.0537480560;5.2450249757;1.4840687843;0.7067977504;0.0062673409;0.0071877383;-0.7073513956;497;1620231184.589580881;497
1620231184.5608749390;-0.0136576319;-1.2698791479;1.8499249902;0.7197666515;-0.0140454611;0.0053157452;0.6940536256;1620231184.5529570580;-0.0537522283;5.2450302584;1.4840729122;0.7067979071;0.0062679934;0.0071924786;-0.7073511850;497;1620231184.589580881;497
1620231184.5690569878;-0.0137065061;-1.2700353741;1.8503982192;0.7196383531;-0.0140806404;0.0052015543;0.6941868050;1620231184.5608990192;-0.0537223523;5.2450234773;1.4840746080;0.7067978395;0.0062688946;0.0071868423;-0.7073513019;497;1620231184.589580881;497
1620231184.5864500999;-0.0135005559;-1.2702653913;1.8514713297;0.7196087359;-0.0140969943;0.0044530312;0.6942223797;1620231184.5690970421;-0.0537439199;5.2450171145;1.4840789579;0.7067981481;0.0062626722;0.0071836217;-0.7073510814;498;1620231184.615552225;498
1620231184.5947380066;-0.0134697333;-1.2703947335;1.8519492920;0.7196976578;-0.0137922558;0.0043340258;0.6941370695;1620231184.5864760876;-0.0537499941;5.2450256342;1.4840693336;0.7067993405;0.0062737034;0.0071953911;-0.7073496726;498;1620231184.615552225;498
1620231184.6026930809;-0.0134461306;-1.2705249564;1.8525178374;0.7194494909;-0.0136253227;0.0041671618;0.6943985998;1620231184.5947608948;-0.0537272030;5.2450255707;1.4840644471;0.7068002274;0.0062751030;0.0071944699;-0.7073487833;498;1620231184.615552225;498
1620231184.6111409664;-0.0133035736;-1.2706865180;1.8529995173;0.7194436861;-0.0136186774;0.0039639280;0.6944059342;1620231184.6027181149;-0.0537246429;5.2450199363;1.4840577544;0.7067996269;0.0062697204;0.0071903940;-0.7073494725;499;1620231184.641523457;499
1620231184.6197359562;-0.0132156883;-1.2707897820;1.8535287295;0.7193602602;-0.0133484121;0.0039202456;0.6944978529;1620231184.6111650467;-0.0537242653;5.2450198229;1.4840585074;0.7067998863;0.0062704381;0.0071906568;-0.7073492042;499;1620231184.641523457;499
1620231184.6393051147;-0.0132364815;-1.2709101659;1.8540515356;0.7191941384;-0.0129970578;0.0040285724;0.6946759233;1620231184.6197619438;-0.0537319110;5.2450269121;1.4840601074;0.7068014288;0.0062758620;0.0071989314;-0.7073475307;499;1620231184.641523457;499
1620231184.6544170380;-0.0130649066;-1.2711625047;1.8551169446;0.7190059446;-0.0127242018;0.0040846038;0.6948754294;1620231184.6393249035;-0.0537238347;5.2450367920;1.4840636633;0.7068009160;0.0062869799;0.0072049783;-0.7073478828;500;1620231184.693466249;500
1620231184.6637570858;-0.0128337117;-1.2715501121;1.8559189584;0.7190565898;-0.0132374596;0.0045975258;0.6948102281;1620231184.6544380188;-0.0537235875;5.2450296559;1.4840688287;0.7068012017;0.0062780858;0.0071978297;-0.7073477491;500;1620231184.693466249;500
1620231184.6770060062;-0.0128305300;-1.2716448323;1.8573128270;0.7187892540;-0.0119766409;0.0042724479;0.6951117281;1620231184.6637799740;-0.0537151800;5.2450387729;1.4840652384;0.7067997612;0.0062874782;0.0072093918;-0.7073489873;500;1620231184.693466249;500
1620231184.6849548817;-0.0127222619;-1.2718073682;1.8577520289;0.7187849917;-0.0119120101;0.0046733308;0.6951146666;1620231184.6770269871;-0.0537201007;5.2450299447;1.4840608094;0.7068007323;0.0062817434;0.0072003315;-0.7073481602;500;1620231184.693466249;500
1620231184.6927049160;-0.0126214445;-1.2719721544;1.8582373350;0.7187226936;-0.0118908339;0.0049399865;0.6951775991;1620231184.6849799156;-0.0537278837;5.2450446971;1.4840547853;0.7068007955;0.0062965773;0.0072158219;-0.7073478073;501;1620231184.719437609;501
1620231184.7009429932;-0.0126153341;-1.2721584598;1.8587471284;0.7187207895;-0.0115977924;0.0051760597;0.6951828006;1620231184.6927170753;-0.0537211852;5.2450318913;1.4840501609;0.7068005814;0.0062842397;0.0072032909;-0.7073482587;501;1620231184.719437609;501
1620231184.7175550461;-0.0123227039;-1.2724973300;1.8597786582;0.7189388860;-0.0114447733;0.0052266386;0.6949594072;1620231184.7009539604;-0.0537151703;5.2450329556;1.4840526976;0.7068023550;0.0062885046;0.0072063169;-0.7073464177;501;1620231184.719437609;501
1620231184.7344160080;-0.0122604631;-1.2727958573;1.8608867291;0.7187361349;-0.0113082422;0.0052076119;0.6951714701;1620231184.7175660133;-0.0537191990;5.2450335014;1.4840639185;0.7067995586;0.0062828076;0.0072064688;-0.7073492611;502;1620231184.771380305;502
1620231184.7427139282;-0.0122584782;-1.2729571509;1.8614045638;0.7186480028;-0.0113652770;0.0052590136;0.6952612612;1620231184.7344269753;-0.0537215004;5.2450343572;1.4840641707;0.7068022424;0.0062881646;0.0072075035;-0.7073465212;502;1620231184.771380305;502
1620231184.7511420250;-0.0121427952;-1.2731051580;1.8619116410;0.7187184039;-0.0115309634;0.0052931486;0.6951854971;1620231184.7427260876;-0.0537253656;5.2450310855;1.4840609077;0.7067997690;0.0062781305;0.0072020781;-0.7073491371;502;1620231184.771380305;502
1620231184.7608289719;-0.0120856764;-1.2732784324;1.8623547959;0.7187789230;-0.0118488743;0.0052108249;0.6951181996;1620231184.7511630058;-0.0537176828;5.2450314558;1.4840598465;0.7068014177;0.0062853753;0.0072045173;-0.7073474005;503;1620231184.797351657;503
1620231184.7774839401;-0.0118760299;-1.2736480432;1.8633199126;0.7188605739;-0.0125172827;0.0053561674;0.6950209381;1620231184.7608540058;-0.0537121503;5.2450342749;1.4840587098;0.7068005527;0.0062857365;0.0072057959;-0.7073482485;503;1620231184.797351657;503
1620231184.7861011028;-0.0116712991;-1.2737900577;1.8638396540;0.7190896066;-0.0128118099;0.0051315203;0.6947802982;1620231184.7775089741;-0.0537174620;5.2450364828;1.4840552288;0.7068025065;0.0062870615;0.0072077273;-0.7073462648;503;1620231184.797351657;503
1620231184.7946801186;-0.0116216672;-1.2739535217;1.8643488074;0.7191460992;-0.0129071897;0.0049382589;0.6947214593;1620231184.7861249447;-0.0537094656;5.2450407530;1.4840565680;0.7067989504;0.0062902581;0.0072092486;-0.7073497742;503;1620231184.797351657;503
1620231184.8019759655;-0.0114741307;-1.2741247420;1.8648952514;0.7191548925;-0.0131451765;0.0046740032;0.6947097226;1620231184.7947020531;-0.0537113402;5.2450345894;1.4840594277;0.7068009724;0.0062831952;0.0072017277;-0.7073478932;504;1620231184.823322985;504
1620231184.8105978966;-0.0114857774;-1.2743247885;1.8653432563;0.7190982443;-0.0132850690;0.0046552745;0.6947658241;1620231184.8020019531;-0.0537134054;5.2450334497;1.4840604255;0.7068030056;0.0062831937;0.0072011974;-0.7073458670;504;1620231184.823322985;504
1620231184.8188669682;-0.0113692696;-1.2745193122;1.8658579059;0.7192219816;-0.0135195469;0.0044817229;0.6946343478;1620231184.8106200695;-0.0537326467;5.2450425744;1.4840700196;0.7068031676;0.0062861935;0.0072075374;-0.7073456138;504;1620231184.823322985;504
1620231184.8364839554;-0.0110482475;-1.2748677080;1.8669502903;0.7194425489;-0.0137058217;0.0042666275;0.6944036040;1620231184.8188989162;-0.0537148397;5.2450369926;1.4840660722;0.7068010334;0.0062801705;0.0071996522;-0.7073478802;505;1620231184.875265697;505
1620231184.8444290161;-0.0109499198;-1.2750461354;1.8674825234;0.7194456226;-0.0138727947;0.0041678699;0.6943977034;1620231184.8364949226;-0.0537355261;5.2450454529;1.4840668221;0.7068030543;0.0062862612;0.0072056002;-0.7073457462;505;1620231184.875265697;505
1620231184.8530890942;-0.0109257146;-1.2752306080;1.8679733252;0.7194011383;-0.0140178590;0.0042617488;0.6944403065;1620231184.8444530964;-0.0537373046;5.2450475746;1.4840632172;0.7068050222;0.0062894020;0.0072062536;-0.7073437453;505;1620231184.875265697;505
1620231184.8601040840;-0.0109629852;-1.2754034165;1.8685038216;0.7191974804;-0.0140304104;0.0043792820;0.6946502384;1620231184.8531160355;-0.0537170240;5.2450372190;1.4840637810;0.7068032924;0.0062761473;0.0071912369;-0.7073457443;505;1620231184.875265697;505
1620231184.8771140575;-0.0107637121;-1.2758809691;1.8694460113;0.7192365310;-0.0145368850;0.0046540028;0.6945976042;1620231184.8601279259;-0.0537204684;5.2450408537;1.4840637224;0.7068040386;0.0062807694;0.0071977592;-0.7073448912;506;1620231184.901237097;506
1620231184.8865270615;-0.0105300562;-1.2758996731;1.8703608084;0.7194058606;-0.0138912052;0.0037821708;0.6944407371;1620231184.8771359921;-0.0537099309;5.2450459263;1.4840680386;0.7068033053;0.0062834819;0.0072007717;-0.7073455692;506;1620231184.901237097;506
1620231184.9036359787;-0.0104899908;-1.2763495103;1.8713846516;0.7192305775;-0.0141059186;0.0038342268;0.6946176633;1620231184.8865370750;-0.0537125366;5.2450494357;1.4840656118;0.7068042279;0.0062884274;0.0072052905;-0.7073445574;506;1620231184.901237097;506
1620231184.9124350548;-0.0105134183;-1.2765812111;1.8719340266;0.7191063764;-0.0140956322;0.0039333415;0.6947458970;1620231184.9036610126;-0.0537069366;5.2450532332;1.4840624879;0.7068034162;0.0062924033;0.0072049953;-0.7073453361;507;1620231184.953179833;507
1620231184.9209580421;-0.0105798712;-1.2767984621;1.8725545674;0.7189667123;-0.0138123139;0.0039228410;0.6948961778;1620231184.9124579430;-0.0537060274;5.2450536921;1.4840653770;0.7068026993;0.0062884828;0.0072011078;-0.7073461270;507;1620231184.953179833;507
1620231184.9376249313;-0.0101127820;-1.2771778493;1.8737865982;0.7192088658;-0.0136529164;0.0037312040;0.6946497559;1620231184.9209830761;-0.0537046369;5.2450586325;1.4840658546;0.7068041435;0.0062973186;0.0072094508;-0.7073445202;507;1620231184.953179833;507
1620231184.9453101158;-0.0102432645;-1.2773806535;1.8744077575;0.7188210747;-0.0133451970;0.0038457075;0.6950563854;1620231184.9376499653;-0.0537120597;5.2450561108;1.4840670348;0.7068030310;0.0062902392;0.0072072388;-0.7073457174;508;1620231184.979151073;508
1620231184.9533350468;-0.0103445356;-1.2776037214;1.8750301734;0.7185786053;-0.0129576857;0.0040492612;0.6953132315;1620231184.9453339577;-0.0537335277;5.2450542636;1.4840647272;0.7068044999;0.0062921352;0.0072073401;-0.7073442318;508;1620231184.979151073;508
1620231184.9611990452;-0.0102713870;-1.2778149809;1.8756563296;0.7185678591;-0.0127408545;0.0041290486;0.6953278748;1620231184.9533600807;-0.0537108548;5.2450516269;1.4840602376;0.7068060034;0.0062925247;0.0072062649;-0.7073427369;508;1620231184.979151073;508
1620231184.9695870876;-0.0102389362;-1.2780260692;1.8762623442;0.7184893093;-0.0123172275;0.0045653440;0.6954139457;1620231184.9612240791;-0.0537308045;5.2450472724;1.4840669813;0.7068038784;0.0062819022;0.0071967675;-0.7073450514;508;1620231184.979151073;508
1620231184.9872419834;-0.0098390672;-1.2784172699;1.8774307728;0.7187073421;-0.0123545933;0.0048799419;0.6951858072;1620231184.9696118832;-0.0537367683;5.2450459205;1.4840666752;0.7068030103;0.0062838993;0.0071997589;-0.7073458707;509;1620231185.005122521;509
1620231184.9954950809;-0.0100154085;-1.2786524137;1.8779780287;0.7184560312;-0.0121272496;0.0053168059;0.6954463262;1620231184.9872660637;-0.0537112926;5.2450453019;1.4840674403;0.7068057776;0.0062807679;0.0071979164;-0.7073431520;509;1620231185.005122521;509
1620231185.0027201176;-0.0099775054;-1.2788523380;1.8785249742;0.7182551837;-0.0122898299;0.0056194768;0.6956485267;1620231184.9955179691;-0.0537160910;5.2450415209;1.4840692389;0.7068021971;0.0062748099;0.0071933868;-0.7073468288;509;1620231185.005122521;509
1620231185.0120060444;-0.0098550499;-1.2790585801;1.8791094507;0.7185356941;-0.0120105897;0.0060125783;0.6953603749;1620231185.0027449131;-0.0537120460;5.2450427169;1.4840698359;0.7068028362;0.0062792202;0.0071966410;-0.7073461179;510;1620231185.057065233;510
1620231185.0276548862;-0.0094482881;-1.2794947338;1.8802258435;0.7188087019;-0.0126623193;0.0061292888;0.6950655707;1620231185.0120289326;-0.0537110924;5.2450501720;1.4840648688;0.7068021794;0.0062907503;0.0072053239;-0.7073465833;510;1620231185.057065233;510
1620231185.0375759602;-0.0094404021;-1.2797636724;1.8807676847;0.7187203145;-0.0128282315;0.0062321905;0.6951530089;1620231185.0276799202;-0.0537231479;5.2450483084;1.4840639119;0.7068018070;0.0062953733;0.0072084736;-0.7073468823;510;1620231185.057065233;510
1620231185.0448670387;-0.0094690803;-1.2800299602;1.8813210917;0.7185888397;-0.0131438440;0.0061950902;0.6952833521;1620231185.0376009941;-0.0537025117;5.2450470688;1.4840651775;0.7068008574;0.0062918832;0.0072088017;-0.7073478588;510;1620231185.057065233;510
1620231185.0527269840;-0.0094795160;-1.2802379177;1.8820239104;0.7185127442;-0.0127704920;0.0060944559;0.6953698358;1620231185.0448789597;-0.0537107639;5.2450440063;1.4840655491;0.7068038528;0.0062891288;0.0072079839;-0.7073448986;511;1620231185.083036593;511
1620231185.0611460209;-0.0093373507;-1.2803993797;1.8828592500;0.7187463912;-0.0121386700;0.0058055430;0.6951421246;1620231185.0527870655;-0.0537088437;5.2450442878;1.4840664490;0.7068004401;0.0062883643;0.0072069251;-0.7073483262;511;1620231185.083036593;511
1620231185.0774590969;-0.0090590974;-1.2809980373;1.8838669459;0.7189500239;-0.0126296247;0.0060191639;0.6949209490;1620231185.0611729622;-0.0537008798;5.2450486003;1.4840659470;0.7068007907;0.0062897557;0.0072074815;-0.7073479578;511;1620231185.083036593;511
1620231185.0857009888;-0.0090273227;-1.2812115845;1.8844815310;0.7188166496;-0.0126143298;0.0060166182;0.6950592084;1620231185.0774829388;-0.0537052772;5.2450508758;1.4840712744;0.7068019651;0.0062933704;0.0072134632;-0.7073466912;511;1620231185.083036593;511
1620231185.0941410065;-0.0089501754;-1.2814187118;1.8850803853;0.7189305263;-0.0125956693;0.0060061649;0.6949418490;1620231185.0857379436;-0.0537059441;5.2450377550;1.4840641342;0.7068026143;0.0062846797;0.0072008523;-0.7073462483;512;1620231185.134979257;512
1620231185.1032168865;-0.0088529864;-1.2815955142;1.8857246668;0.7189833231;-0.0125673750;0.0059822123;0.6948879444;1620231185.0941510201;-0.0537021156;5.2450426364;1.4840644965;0.7068051284;0.0062940749;0.0072079950;-0.7073435798;512;1620231185.134979257;512
1620231185.1108300686;-0.0087594024;-1.2818416082;1.8862541472;0.7189830697;-0.0129762812;0.0062135766;0.6948786607;1620231185.1032431126;-0.0537046897;5.2450382138;1.4840582817;0.7068043556;0.0062891521;0.0072029620;-0.7073444471;512;1620231185.134979257;512
1620231185.1197290421;-0.0087165900;-1.2820745651;1.8867165667;0.7189815699;-0.0135079090;0.0064978865;0.6948674809;1620231185.1108551025;-0.0537034249;5.2450382167;1.4840575932;0.7068062766;0.0062904009;0.0072056002;-0.7073424895;513;1620231185.160950593;513
1620231185.1374390125;-0.0085799846;-1.2823817346;1.8880574026;0.7190522259;-0.0136007220;0.0058088241;0.6947986575;1620231185.1197590828;-0.0537095087;5.2450371156;1.4840552706;0.7068066379;0.0062869328;0.0072042574;-0.7073421730;513;1620231185.160950593;513
1620231185.1522679329;-0.0082812088;-1.2828176718;1.8892926298;0.7192747553;-0.0138906774;0.0054478877;0.6945654728;1620231185.1374640465;-0.0537073352;5.2450433022;1.4840673201;0.7068031177;0.0062812658;0.0072034283;-0.7073457493;513;1620231185.160950593;513
1620231185.1601738930;-0.0081871899;-1.2830677216;1.8898852479;0.7194147243;-0.0139424180;0.0053618566;0.6944201278;1620231185.1522800922;-0.0537446349;5.2450477206;1.4840682201;0.7068061072;0.0062895700;0.0072134654;-0.7073425861;514;1620231185.186921937;514
1620231185.1765298843;-0.0080065267;-1.2835432397;1.8911446925;0.7194156673;-0.0141597037;0.0048707434;0.6944183727;1620231185.1601879597;-0.0537166869;5.2450488305;1.4840623623;0.7068058272;0.0062912904;0.0072119470;-0.7073428660;514;1620231185.186921937;514
1620231185.1855270863;-0.0079557533;-1.2837606658;1.8917818887;0.7193817759;-0.0142060277;0.0046395215;0.6944541195;1620231185.1765429974;-0.0537108415;5.2450644196;1.4840627774;0.7068024947;0.0063001693;0.0072199391;-0.7073460355;514;1620231185.186921937;514
1620231185.1931149960;-0.0079658532;-1.2840014581;1.8924364403;0.7193699627;-0.0140244014;0.0047237411;0.6944694804;1620231185.1855518818;-0.0537111267;5.2450675620;1.4840653555;0.7068029776;0.0063020711;0.0072227373;-0.7073455074;515;1620231185.238864609;515
1620231185.2016229630;-0.0078420442;-1.2842296739;1.8930595195;0.7193345772;-0.0142059238;0.0045033527;0.6945039076;1620231185.1931281090;-0.0537065819;5.2450634234;1.4840662620;0.7068016257;0.0062974526;0.0072159428;-0.7073469688;515;1620231185.238864609;515
1620231185.2095270157;-0.0079478158;-1.2844437264;1.8938092701;0.7191505326;-0.0138053886;0.0045679092;0.6947021354;1620231185.2016360760;-0.0537103843;5.2450583405;1.4840695844;0.7068008702;0.0062924834;0.0072135812;-0.7073477920;515;1620231185.238864609;515
1620231185.2266359329;-0.0077372437;-1.2849702523;1.8949537228;0.7191646292;-0.0143297927;0.0042183711;0.6946791335;1620231185.2095398903;-0.0537086521;5.2450650553;1.4840659254;0.7068005268;0.0062950834;0.0072171936;-0.7073480751;515;1620231185.238864609;515
1620231185.2349328995;-0.0076019429;-1.2851886570;1.8956895920;0.7191831709;-0.0140160056;0.0040853304;0.6946671349;1620231185.2266490459;-0.0537074555;5.2450571742;1.4840648840;0.7068011254;0.0062889049;0.0072088302;-0.7073476172;516;1620231185.264835993;516
1620231185.2434029579;-0.0076012375;-1.2854443604;1.8963792620;0.7191252616;-0.0137223346;0.0041667774;0.6947324620;1620231185.2349469662;-0.0537119543;5.2450548555;1.4840649784;0.7068013349;0.0062863835;0.0072069389;-0.7073474496;516;1620231185.264835993;516
1620231185.2518711090;-0.0075496219;-1.2857104735;1.8969746644;0.7191037967;-0.0136754654;0.0042745868;0.6947549490;1620231185.2434139252;-0.0537100248;5.2450530708;1.4840633193;0.7068032729;0.0062887701;0.0072061721;-0.7073454996;516;1620231185.264835993;516
1620231185.2596249580;-0.0075384958;-1.2860530571;1.8974892242;0.7188608121;-0.0140827036;0.0043302543;0.6949978843;1620231185.2518830299;-0.0537109216;5.2450547169;1.4840625534;0.7068034869;0.0062915065;0.0072072917;-0.7073452500;517;1620231185.290807313;517
1620231185.2764980793;-0.0075091747;-1.2864856570;1.8989772036;0.7186856056;-0.0133708069;0.0043610098;0.6951929253;1620231185.2596371174;-0.0537132930;5.2450525004;1.4840658859;0.7068020432;0.0062898501;0.0072079652;-0.7073467005;517;1620231185.290807313;517
1620231185.2857160568;-0.0073744322;-1.2865565383;1.8999229521;0.7187707029;-0.0127461994;0.0036013012;0.6951210267;1620231185.2765100002;-0.0537142631;5.2450555793;1.4840640261;0.7068020330;0.0062953609;0.0072107124;-0.7073466337;517;1620231185.290807313;517
1620231185.2933950424;-0.0074256525;-1.2868903890;1.9004118924;0.7186159648;-0.0129696162;0.0038556931;0.6952754978;1620231185.2857289314;-0.0537109024;5.2450486006;1.4840664361;0.7068015163;0.0062849793;0.0071980433;-0.7073473713;517;1620231185.290807313;517
1620231185.3015410900;-0.0074161735;-1.2871823291;1.9010451197;0.7185445811;-0.0127914480;0.0040775356;0.6953513051;1620231185.2934079170;-0.0537114122;5.2450417987;1.4840623868;0.7068049170;0.0062826196;0.0071935509;-0.7073440399;518;1620231185.342750049;518
1620231185.3100559711;-0.0072727666;-1.2874045138;1.9018070294;0.7185553938;-0.0124114820;0.0039988114;0.6953474747;1620231185.3015580177;-0.0537113003;5.2450504948;1.4840560412;0.7068051204;0.0062886723;0.0071997767;-0.7073437195;518;1620231185.342750049;518
1620231185.3261709213;-0.0072138459;-1.2878792343;1.9032060402;0.7184203269;-0.0115090996;0.0044347254;0.6954998978;1620231185.3100700378;-0.0537130447;5.2450527050;1.4840552302;0.7068039753;0.0062913134;0.0072038415;-0.7073447989;518;1620231185.342750049;518
1620231185.3369491100;-0.0071382128;-1.2881610081;1.9037756770;0.7183215214;-0.0115136555;0.0046594347;0.6956004006;1620231185.3261840343;-0.0537120998;5.2450623836;1.4840556642;0.7068036337;0.0062959077;0.0072068223;-0.7073450690;518;1620231185.342750049;518
1620231185.3446369171;-0.0070866522;-1.2884731554;1.9043230896;0.7182251617;-0.0116193580;0.0051063099;0.6956950001;1620231185.3369619846;-0.0537153327;5.2450609202;1.4840582214;0.7068028875;0.0062889216;0.0072022574;-0.7073459232;519;1620231185.368721465;519
1620231185.3529160023;-0.0069299884;-1.2886977206;1.9049782163;0.7183507267;-0.0116421096;0.0051558828;0.6955645991;1620231185.3446478844;-0.0537338177;5.2450737329;1.4840624928;0.7068016371;0.0062969108;0.0072107809;-0.7073470148;519;1620231185.368721465;519
1620231185.3610930443;-0.0068743701;-1.2889538718;1.9056098162;0.7183051077;-0.0118061236;0.0052780202;0.6956080291;1620231185.3529500961;-0.0537057059;5.2450655599;1.4840576431;0.7068045101;0.0062959364;0.0072042116;-0.7073442196;519;1620231185.368721465;519
1620231185.3697459698;-0.0068259154;-1.2892150109;1.9061952542;0.7182818920;-0.0120272574;0.0055021770;0.6956264765;1620231185.3611059189;-0.0537106841;5.2450743185;1.4840551836;0.7068031847;0.0062986271;0.0072103146;-0.7073454578;520;1620231185.420664137;520
1620231185.3782830238;-0.0067393829;-1.2894568438;1.9068282844;0.7180506864;-0.0123827308;0.0053909414;0.6958597685;1620231185.3697590828;-0.0537118379;5.2450707268;1.4840567346;0.7068053017;0.0062904637;0.0072053920;-0.7073434653;520;1620231185.420664137;520
1620231185.3938109875;-0.0067551493;-1.2899896797;1.9081562527;0.7182044756;-0.0121022831;0.0057213858;0.6957033360;1620231185.3782958984;-0.0537055757;5.2450785122;1.4840529960;0.7068047449;0.0062986563;0.0072114832;-0.7073438867;520;1620231185.420664137;520
1620231185.4024980068;-0.0065789286;-1.2902577546;1.9088079145;0.7183087144;-0.0123309871;0.0052263085;0.6955955889;1620231185.3938291073;-0.0537123022;5.2450764220;1.4840534533;0.7068036363;0.0062888272;0.0072045033;-0.7073451530;520;1620231185.420664137;520
1620231185.4108660221;-0.0064729083;-1.2905524648;1.9094708346;0.7187942553;-0.0121348149;0.0051263393;0.6950980402;1620231185.4025220871;-0.0537295985;5.2450818019;1.4840560518;0.7068030909;0.0062925834;0.0072092270;-0.7073456165;521;1620231185.446635481;521
1620231185.4203341007;-0.0063054246;-1.2908054973;1.9100606868;0.7185512996;-0.0125361793;0.0050583670;0.6953425681;1620231185.4108800888;-0.0537105767;5.2450806166;1.4840555177;0.7068033677;0.0062934942;0.0072077511;-0.7073453468;521;1620231185.446635481;521
1620231185.4368309975;-0.0062967217;-1.2913720084;1.9114094378;0.7187239161;-0.0122526317;0.0048509641;0.6951706795;1620231185.4204280376;-0.0537178559;5.2450778073;1.4840597402;0.7068025761;0.0062888836;0.0072063707;-0.7073461929;521;1620231185.446635481;521
1620231185.4445819855;-0.0062730834;-1.2916432162;1.9120446043;0.7186067217;-0.0125017748;0.0048009383;0.6952877362;1620231185.4368450642;-0.0537147980;5.2450701912;1.4840579218;0.7068011168;0.0062831100;0.0071983646;-0.7073477839;521;1620231185.446635481;521
1620231185.4531769753;-0.0062235670;-1.2919070237;1.9126787261;0.7186919541;-0.0126674877;0.0046360234;0.6951977539;1620231185.4445950985;-0.0537198395;5.2450825005;1.4840567814;0.7068003067;0.0062900645;0.0072086978;-0.7073484263;522;1620231185.472606809;522
1620231185.4602839947;-0.0060863640;-1.2921595823;1.9133535440;0.7187747089;-0.0126355798;0.0045479940;0.6951133546;1620231185.4531900883;-0.0537130886;5.2450729737;1.4840595397;0.7067985818;0.0062790950;0.0071987947;-0.7073503482;522;1620231185.472606809;522
1620231185.4772279263;-0.0060630107;-1.2927830923;1.9144816238;0.7188654451;-0.0128501348;0.0050047168;0.6950124450;1620231185.4602971077;-0.0537100870;5.2450705580;1.4840602544;0.7067972928;0.0062786047;0.0071960262;-0.7073516687;522;1620231185.472606809;522
1620231185.4856140614;-0.0060272775;-1.2931429433;1.9149783741;0.7185872746;-0.0133730784;0.0052076257;0.6952886955;1620231185.4772388935;-0.0537100514;5.2450672181;1.4840555120;0.7067996837;0.0062815334;0.0071969392;-0.7073492444;523;1620231185.524549513;523
1620231185.4935300350;-0.0059461417;-1.2935757193;1.9152623785;0.7185332169;-0.0141849547;0.0058312995;0.6953235213;1620231185.4856359959;-0.0537237381;5.2450734493;1.4840579118;0.7067987225;0.0062811798;0.0072021438;-0.7073501550;523;1620231185.524549513;523
1620231185.5029408932;-0.0058010484;-1.2937378372;1.9162262140;0.7188320629;-0.0133569288;0.0053176647;0.6950350928;1620231185.4935400486;-0.0537116644;5.2450688943;1.4840579664;0.7067991927;0.0062847846;0.0072004903;-0.7073496699;523;1620231185.524549513;523
1620231185.5104920864;-0.0055758620;-1.2938237789;1.9172381853;0.7189941764;-0.0125862279;0.0047365827;0.6948859805;1620231185.5029540062;-0.0537166881;5.2450747445;1.4840585558;0.7068000697;0.0062918116;0.0072089517;-0.7073486450;523;1620231185.524549513;523
1620231185.5271739960;-0.0056737606;-1.2944847032;1.9183372660;0.7186755149;-0.0130805738;0.0051311385;0.6952036207;1620231185.5105199814;-0.0537169374;5.2450676736;1.4840636176;0.7067974202;0.0062818562;0.0071992606;-0.7073514796;524;1620231185.550520913;524
1620231185.5359139442;-0.0056239816;-1.2947530773;1.9190246448;0.7187392485;-0.0129607193;0.0051813333;0.6951396019;1620231185.5272169113;-0.0537132677;5.2450745801;1.4840632810;0.7067994171;0.0062960122;0.0072096871;-0.7073492522;524;1620231185.550520913;524
1620231185.5439178944;-0.0056579803;-1.2950728445;1.9196738953;0.7185912977;-0.0128294693;0.0052862103;0.6952941877;1620231185.5359289646;-0.0537371154;5.2450647089;1.4840632122;0.7068014189;0.0062901239;0.0072036609;-0.7073473657;524;1620231185.550520913;524
1620231185.5527420044;-0.0054657647;-1.2953506765;1.9203619901;0.7187349729;-0.0127843571;0.0051225268;0.6951477244;1620231185.5439310074;-0.0537345927;5.2450703741;1.4840655799;0.7067962557;0.0062871242;0.0072068263;-0.7073525194;525;1620231185.576492345;525
1620231185.5601780415;-0.0053637360;-1.2956633800;1.9210533531;0.7188687363;-0.0125321402;0.0049524740;0.6950152217;1620231185.5527579784;-0.0537089896;5.2450504376;1.4840613381;0.7067992217;0.0062767535;0.0071915283;-0.7073498034;525;1620231185.576492345;525
1620231185.5702090263;-0.0052899239;-1.2960473354;1.9217166226;0.7188418009;-0.0122593589;0.0051511045;0.6950465017;1620231185.5601930618;-0.0537085519;5.2450572264;1.4840592147;0.7067990228;0.0062882467;0.0072026114;-0.7073497874;525;1620231185.576492345;525
1620231185.5861558914;-0.0051830220;-1.2966635004;1.9230646119;0.7186826459;-0.0116850769;0.0059079194;0.6952149380;1620231185.5702199936;-0.0537057618;5.2450574405;1.4840582939;0.7068006053;0.0062893481;0.0071999809;-0.7073482231;525;1620231185.576492345;525
1620231185.5938789845;-0.0050894720;-1.2969680831;1.9237496602;0.7188789160;-0.0111917693;0.0059964216;0.6950193461;1620231185.5861709118;-0.0537127989;5.2450565151;1.4840655634;0.7067990273;0.0062868540;0.0072031459;-0.7073497898;526;1620231185.628434937;526
1620231185.6020309925;-0.0050955926;-1.2972691099;1.9243944148;0.7187814738;-0.0110081490;0.0061632258;0.6951215924;1620231185.5938920975;-0.0537072186;5.2450586185;1.4840646522;0.7067967097;0.0062865983;0.0071973247;-0.7073521672;526;1620231185.628434937;526
1620231185.6105790138;-0.0050276461;-1.2975835204;1.9249802244;0.7186807352;-0.0112425733;0.0060369613;0.6952231012;1620231185.6020450592;-0.0537372590;5.2450564410;1.4840676333;0.7067980066;0.0062836877;0.0072015675;-0.7073508540;526;1620231185.628434937;526
1620231185.6277999878;-0.0048162346;-1.2981925101;1.9261953816;0.7187524719;-0.0116827683;0.0066375144;0.6951362028;1620231185.6105909348;-0.0537089415;5.2450485560;1.4840598795;0.7067992331;0.0062859467;0.0071945851;-0.7073496794;527;1620231185.654406313;527
1620231185.6362171173;-0.0046991616;-1.2984867542;1.9267461006;0.7186368436;-0.0123233236;0.0067071848;0.6952440121;1620231185.6278328896;-0.0537106177;5.2450407987;1.4840564863;0.7067985704;0.0062785306;0.0071913643;-0.7073504401;527;1620231185.654406313;527
1620231185.6449139118;-0.0045918204;-1.2988070594;1.9273135514;0.7188876197;-0.0126237824;0.0067242285;0.6949791473;1620231185.6362299919;-0.0537166558;5.2450518529;1.4840575359;0.7067989628;0.0062892221;0.0072007460;-0.7073498577;527;1620231185.654406313;527
1620231185.6523768902;-0.0045030607;-1.2992074502;1.9277492793;0.7190428341;-0.0133931288;0.0071257215;0.6948001518;1620231185.6449239254;-0.0537277786;5.2450476525;1.4840680580;0.7067977688;0.0062806954;0.0071962543;-0.7073511722;527;1620231185.654406313;527
1620231185.6604030132;-0.0045798129;-1.2996538347;1.9281338886;0.7187502758;-0.0142415226;0.0076988472;0.6950798140;1620231185.6523890495;-0.0537118166;5.2450525716;1.4840643061;0.7067968478;0.0062862062;0.0072019024;-0.7073519861;528;1620231185.706348993;528
1620231185.6695148945;-0.0045595300;-1.2998967307;1.9289683630;0.7189341761;-0.0139610665;0.0072516380;0.6949001027;1620231185.6604330540;-0.0537133031;5.2450426599;1.4840639347;0.7067974763;0.0062758125;0.0071907659;-0.7073515636;528;1620231185.706348993;528
1620231185.6856100559;-0.0042877548;-1.3004878457;1.9304023424;0.7194073555;-0.0140196654;0.0065144220;0.6944163508;1620231185.6695261002;-0.0537388993;5.2450438565;1.4840663945;0.7068011431;0.0062804667;0.0072000631;-0.7073477638;528;1620231185.706348993;528
1620231185.6933989525;-0.0040626735;-1.3006537459;1.9313385564;0.7193905953;-0.0140759904;0.0054592572;0.6944416710;1620231185.6856219769;-0.0537119078;5.2450384485;1.4840607919;0.7067996545;0.0062778604;0.0071924393;-0.7073493520;528;1620231185.706348993;528
1620231185.7025399208;-0.0041188674;-1.3010331936;1.9319328610;0.7193874064;-0.0141029142;0.0055443469;0.6944437541;1620231185.6934089661;-0.0537126471;5.2450477692;1.4840582189;0.7067999616;0.0062873350;0.0071997966;-0.7073488861;529;1620231185.732320441;529
1620231185.7101929188;-0.0041302650;-1.3013707373;1.9325888116;0.7192017369;-0.0141776171;0.0054851930;0.6946349901;1620231185.7025508881;-0.0537144893;5.2450395676;1.4840586596;0.7068019266;0.0062828835;0.0071969648;-0.7073469910;529;1620231185.732320441;529
1620231185.7267239094;-0.0039474942;-1.3019996225;1.9339653909;0.7192979207;-0.0142203804;0.0052148434;0.6945365991;1620231185.7102029324;-0.0537124084;5.2450381182;1.4840576855;0.7068002941;0.0062770900;0.0071942797;-0.7073487010;529;1620231185.732320441;529
1620231185.7361710072;-0.0038387326;-1.3023205576;1.9345874997;0.7192440942;-0.0143711106;0.0052207941;0.6945891933;1620231185.7267398834;-0.0537343190;5.2450457470;1.4840649740;0.7068030225;0.0062866871;0.0072036404;-0.7073457941;530;1620231185.758291777;530
1620231185.7435340881;-0.0038644369;-1.3026485691;1.9352106544;0.7190975491;-0.0143651793;0.0052853822;0.6947405424;1620231185.7361819744;-0.0537071476;5.2450461544;1.4840604948;0.7068006233;0.0062881350;0.0071995788;-0.7073482200;530;1620231185.758291777;530
1620231185.7520630360;-0.0038900464;-1.3029587817;1.9359118295;0.7189879902;-0.0141363578;0.0053150912;0.6948583907;1620231185.7435500622;-0.0537112963;5.2450433722;1.4840615970;0.7068022098;0.0062853517;0.0072009897;-0.7073466451;530;1620231185.758291777;530
1620231185.7614879608;-0.0037239719;-1.3032827395;1.9366449685;0.7189044281;-0.0141909257;0.0053748688;0.6949432723;1620231185.7520740032;-0.0537103829;5.2450417651;1.4840606825;0.7068031121;0.0062890796;0.0072007079;-0.7073457132;530;1620231185.758291777;530
1620231185.7702269554;-0.0037448259;-1.3035812246;1.9373598851;0.7187838773;-0.0138938350;0.0054491737;0.6950733814;1620231185.7614979744;-0.0537094197;5.2450314893;1.4840610570;0.7068010516;0.0062779411;0.0071960974;-0.7073479180;531;1620231185.810234529;531
1620231185.7854509354;-0.0035653050;-1.3042807352;1.9385830919;0.7187514662;-0.0141562932;0.0055951229;0.6951004416;1620231185.7702729702;-0.0537049341;5.2450328888;1.4840603129;0.7068020199;0.0062832943;0.0071984150;-0.7073468793;531;1620231185.810234529;531
1620231185.7939090729;-0.0037079649;-1.3047201986;1.9391501092;0.7184475193;-0.0141123713;0.0063454156;0.6954090441;1620231185.7854619026;-0.0537082152;5.2450300337;1.4840635754;0.7068029402;0.0062784096;0.0071951063;-0.7073460367;531;1620231185.810234529;531
1620231185.8025050163;-0.0035689932;-1.3050142815;1.9399151702;0.7184470991;-0.0140020789;0.0060118915;0.6954146711;1620231185.7939190865;-0.0537058721;5.2450309044;1.4840580102;0.7068047139;0.0062876422;0.0072005712;-0.7073441268;532;1620231185.836205833;532
1620231185.8107600212;-0.0035107164;-1.3053274743;1.9406142541;0.7183357646;-0.0140064909;0.0060955190;0.6955288578;1620231185.8025159836;-0.0537085757;5.2450289647;1.4840597228;0.7068044992;0.0062813640;0.0071984257;-0.7073444189;532;1620231185.836205833;532
1620231185.8265988827;-0.0033104924;-1.3058671956;1.9421820344;0.7183922621;-0.0134128866;0.0060144386;0.6954829105;1620231185.8107709885;-0.0537028531;5.2450415205;1.4840564984;0.7068035259;0.0062928667;0.0072092488;-0.7073451791;532;1620231185.836205833;532
1620231185.8351819515;-0.0032513189;-1.3061964071;1.9428923616;0.7182992520;-0.0132329299;0.0061774023;0.6955809901;1620231185.8266088963;-0.0537037482;5.2450353518;1.4840598282;0.7068030783;0.0062815968;0.0071986338;-0.7073458346;532;1620231185.836205833;532
1620231185.8433771133;-0.0031476103;-1.3065035324;1.9436953216;0.7184108202;-0.0130141171;0.0061745834;0.6954699136;1620231185.8351950645;-0.0537009464;5.2450308294;1.4840602892;0.7068022052;0.0062770559;0.0071948274;-0.7073467860;533;1620231185.888148577;533
1620231185.8518369198;-0.0031543172;-1.3068794532;1.9444152965;0.7183153701;-0.0127426062;0.0063327566;0.6955721035;1620231185.8433880806;-0.0537051432;5.2450337009;1.4840560635;0.7068064407;0.0062848839;0.0072003370;-0.7073424283;533;1620231185.888148577;533
1620231185.8599228859;-0.0031040313;-1.3072151528;1.9451499818;0.7182878761;-0.0124829075;0.0063626627;0.6956049314;1620231185.8518629074;-0.0537088796;5.2450329804;1.4840605011;0.7068039796;0.0062773396;0.0071955185;-0.7073450035;533;1620231185.888148577;533
1620231185.8689088821;-0.0030478577;-1.3075649111;1.9458958242;0.7182903506;-0.0125518871;0.0061919903;0.6956026751;1620231185.8599350452;-0.0537099491;5.2450374211;1.4840598105;0.7068056972;0.0062828243;0.0072000913;-0.7073431920;534;1620231185.914119817;534
1620231185.8853640556;-0.0028063683;-1.3082166637;1.9473506125;0.7184630052;-0.0124116231;0.0063597016;0.6954253490;1620231185.8689270020;-0.0537099419;5.2450372507;1.4840619284;0.7068050717;0.0062775240;0.0071973584;-0.7073438919;534;1620231185.914119817;534
1620231185.8934099674;-0.0027807753;-1.3085671459;1.9479944022;0.7184578972;-0.0125538928;0.0066333916;0.6954255156;1620231185.8853991032;-0.0537078305;5.2450482439;1.4840570415;0.7068019970;0.0062868309;0.0072071864;-0.7073467815;534;1620231185.914119817;534
1620231185.9018208981;-0.0027463216;-1.3088767096;1.9486292644;0.7184814151;-0.0126904615;0.0068857607;0.6953962861;1620231185.8934280872;-0.0537137645;5.2450458685;1.4840562383;0.7068064025;0.0062883781;0.0072041455;-0.7073423965;534;1620231185.914119817;534
1620231185.9102349281;-0.0026429412;-1.3092087688;1.9492961812;0.7185447422;-0.0129796708;0.0068909927;0.6953254603;1620231185.9018321037;-0.0537068100;5.2450461184;1.4840523757;0.7068060110;0.0062923480;0.0072049453;-0.7073427443;535;1620231185.940091033;535
1620231185.9268679619;-0.0024442587;-1.3098433273;1.9506735483;0.7186956131;-0.0136551828;0.0067150328;0.6951582985;1620231185.9102458954;-0.0537066145;5.2450470585;1.4840543007;0.7068068988;0.0062863969;0.0072029615;-0.7073419303;535;1620231185.940091033;535
1620231185.9359579086;-0.0024297247;-1.3101949779;1.9513709178;0.7186126595;-0.0139693502;0.0066294460;0.6952386304;1620231185.9268789291;-0.0537156653;5.2450336079;1.4840545650;0.7068051064;0.0062728654;0.0071901466;-0.7073439718;535;1620231185.940091033;535
1620231185.9434130192;-0.0023913653;-1.3105452147;1.9520455201;0.7186792606;-0.0140715452;0.0066199890;0.6951678126;1620231185.9359691143;-0.0537110925;5.2450559725;1.4840585070;0.7068065149;0.0062958532;0.0072133590;-0.7073421239;535;1620231185.940091033;535
1620231185.9528810978;-0.0023097965;-1.3109380602;1.9527188250;0.7188028850;-0.0143288212;0.0063811017;0.6950369623;1620231185.9434239864;-0.0537100272;5.2450434417;1.4840569819;0.7068032524;0.0062764169;0.0071957030;-0.7073457365;536;1620231185.992033881;536
1620231185.9607949257;-0.0020698424;-1.3113873936;1.9532972142;0.7187658048;-0.0152577368;0.0060929612;0.6950581236;1620231185.9528920650;-0.0537063558;5.2450479879;1.4840589090;0.7068032230;0.0062824750;0.0072011334;-0.7073456568;536;1620231185.992033881;536
1620231185.9767780304;-0.0020731928;-1.3120500396;1.9549539582;0.7189761743;-0.0144341109;0.0059386050;0.6948594464;1620231185.9608209133;-0.0537144094;5.2450509840;1.4840549255;0.7068062213;0.0062884697;0.0072057716;-0.7073425602;536;1620231185.992033881;536
1620231185.9860670567;-0.0019995674;-1.3123912770;1.9557521981;0.7190119643;-0.0143440938;0.0057679066;0.6948257144;1620231185.9767880440;-0.0537322595;5.2450550720;1.4840613873;0.7068028990;0.0062808336;0.0072006566;-0.7073459999;537;1620231186.018005273;537
1620231185.9937229156;-0.0018394834;-1.3125482679;1.9568932622;0.7190423299;-0.0136336383;0.0048161646;0.6948158434;1620231185.9860930443;-0.0537050153;5.2450545237;1.4840552032;0.7068030912;0.0062895389;0.0072059726;-0.7073456764;537;1620231186.018005273;537
1620231186.0021200180;-0.0017629750;-1.3129412019;1.9575059193;0.7189632051;-0.0139159038;0.0048575239;0.6948918346;1620231185.9937338829;-0.0537301710;5.2450527426;1.4840601138;0.7068048356;0.0062888362;0.0072095285;-0.7073439033;537;1620231186.018005273;537
1620231186.0101330280;-0.0017521089;-1.3133033773;1.9582371088;0.7188730258;-0.0137997742;0.0049724684;0.6949866284;1620231186.0021460056;-0.0537288936;5.2450461342;1.4840639390;0.7068032182;0.0062783906;0.0071974908;-0.7073457349;537;1620231186.018005273;537
1620231186.0268011093;-0.0016432198;-1.3140040844;1.9597494976;0.7187298785;-0.0135374057;0.0050539406;0.6951392365;1620231186.0101430416;-0.0537325134;5.2450594874;1.4840618682;0.7068036679;0.0062931563;0.0072123558;-0.7073450030;538;1620231186.043976585;538
1620231186.0359990597;-0.0016276529;-1.3143629806;1.9604940326;0.7187753064;-0.0132060706;0.0051708668;0.6950977778;1620231186.0268259048;-0.0537362471;5.2450542032;1.4840635889;0.7068023822;0.0062800658;0.0072046818;-0.7073464822;538;1620231186.043976585;538
1620231186.0437839031;-0.0015514178;-1.3146795525;1.9612136694;0.7184752154;-0.0131554813;0.0055146389;0.6954062747;1620231186.0360090733;-0.0537042296;5.2450541677;1.4840621096;0.7068011295;0.0062860146;0.0072032929;-0.7073476952;538;1620231186.043976585;538
1620231186.0544459820;-0.0015032912;-1.3150352102;1.9619443121;0.7185303915;-0.0128845301;0.0058468293;0.6953516232;1620231186.0437929630;-0.0537350341;5.2450540844;1.4840640145;0.7068034894;0.0062870239;0.0072068958;-0.7073452914;538;1620231186.043976585;538
1620231186.0619170666;-0.0015174587;-1.3154033057;1.9626572297;0.7184292935;-0.0125781893;0.0063741830;0.6954570506;1620231186.0544760227;-0.0537253308;5.2450542234;1.4840671828;0.7068017140;0.0062843203;0.0072016034;-0.7073471434;539;1620231186.095919393;539
1620231186.0698609352;-0.0014171051;-1.3157171855;1.9633731206;0.7181644581;-0.0127786601;0.0063734232;0.6957268835;1620231186.0619459152;-0.0537332645;5.2450541075;1.4840678423;0.7068003711;0.0062746571;0.0071928756;-0.7073486599;539;1620231186.095919393;539
1620231186.0779631138;-0.0013904670;-1.3160690423;1.9640681428;0.7180646138;-0.0128985834;0.0066143549;0.6958254718;1620231186.0698909760;-0.0537010048;5.2450465176;1.4840597695;0.7068015777;0.0062766989;0.0071905503;-0.7073474598;539;1620231186.095919393;539
1620231186.0950229168;-0.0013638779;-1.3168664233;1.9653191210;0.7178985572;-0.0135356484;0.0075909801;0.6959747300;1620231186.0779910088;-0.0537316127;5.2450488956;1.4840597401;0.7068047667;0.0062829491;0.0071947596;-0.7073441749;540;1620231186.121890721;540
1620231186.1041719913;-0.0012618930;-1.3172801332;1.9658772681;0.7178563541;-0.0142551733;0.0078398837;0.6960011359;1620231186.0950520039;-0.0537319921;5.2450539801;1.4840633424;0.7067990493;0.0062794764;0.0071952169;-0.7073499141;540;1620231186.121890721;540
1620231186.1118578911;-0.0012003895;-1.3175277356;1.9669413819;0.7178609330;-0.0135282596;0.0073895896;0.6960158483;1620231186.1041998863;-0.0537002167;5.2450481526;1.4840576258;0.7068018323;0.0062802246;0.0071921041;-0.7073471582;540;1620231186.121890721;540
1620231186.1203908920;-0.0011147156;-1.3178730980;1.9678440525;0.7178879477;-0.0133133883;0.0071550347;0.6959945788;1620231186.1118729115;-0.0537341741;5.2450512311;1.4840643563;0.7067999409;0.0062788494;0.0071921041;-0.7073490604;540;1620231186.121890721;540
1620231186.1365780830;-0.0009735560;-1.3184571377;1.9696696319;0.7179734614;-0.0123607715;0.0068376475;0.6959271274;1620231186.1204190254;-0.0537087766;5.2450451824;1.4840617888;0.7068009291;0.0062746703;0.0071859499;-0.7073481726;541;1620231186.173833425;541
1620231186.1454958916;-0.0008741871;-1.3188341034;1.9704056541;0.7180541141;-0.0123639900;0.0069148147;0.6958430902;1620231186.1366140842;-0.0537299483;5.2450300159;1.4840645222;0.7067991131;0.0062558589;0.0071729564;-0.7073502857;541;1620231186.173833425;541
1620231186.1530399323;-0.0007464598;-1.3191905509;1.9711727140;0.7184533538;-0.0121406730;0.0070106302;0.6954338455;1620231186.1455070972;-0.0537154304;5.2450262628;1.4840605015;0.7067990404;0.0062569027;0.0071711083;-0.7073503678;541;1620231186.173833425;541
1620231186.1615219116;-0.0006125824;-1.3195547713;1.9719561229;0.7186086647;-0.0121948564;0.0070657845;0.6952718513;1620231186.1530680656;-0.0537120635;5.2450274053;1.4840571260;0.7067978946;0.0062567356;0.0071734848;-0.7073514901;542;1620231186.199804713;542
1620231186.1696369648;-0.0004351925;-1.3198770535;1.9726973718;0.7185516797;-0.0126529366;0.0066706678;0.6953264622;1620231186.1615331173;-0.0537159832;5.2450194137;1.4840587506;0.7067977275;0.0062489677;0.0071661892;-0.7073517997;542;1620231186.199804713;542
1620231186.1872489452;-0.0004597212;-1.3206354446;1.9740769572;0.7187125474;-0.0129095984;0.0071264825;0.6951509403;1620231186.1696660519;-0.0537168675;5.2450243270;1.4840561772;0.7067990138;0.0062596534;0.0071773707;-0.7073503066;542;1620231186.199804713;542
1620231186.1958420277;-0.0002993522;-1.3209578175;1.9748318269;0.7187294743;-0.0135552485;0.0069238874;0.6951231961;1620231186.1872758865;-0.0537137449;5.2450231634;1.4840581449;0.7067963840;0.0062608692;0.0071740251;-0.7073529575;542;1620231186.199804713;542
1620231186.2043969631;-0.0001675218;-1.3212621908;1.9756772475;0.7185693442;-0.0140845318;0.0064181347;0.6952830582;1620231186.1958720684;-0.0537118055;5.2450312968;1.4840577851;0.7067954720;0.0062697673;0.0071834935;-0.7073536938;543;1620231186.225776121;543
1620231186.2128369808;-0.0001467236;-1.3216272646;1.9763977752;0.7186796805;-0.0142057801;0.0065136459;0.6951656530;1620231186.2044210434;-0.0537175390;5.2450324980;1.4840549044;0.7067991959;0.0062769908;0.0071902983;-0.7073498397;543;1620231186.225776121;543
1620231186.2212769985;-0.0000560678;-1.3219790225;1.9771584328;0.7186545552;-0.0145408366;0.0062087576;0.6951874896;1620231186.2128930092;-0.0537203378;5.2450317431;1.4840586352;0.7067976825;0.0062760518;0.0071884600;-0.7073513789;543;1620231186.225776121;543
1620231186.2346088886;0.0001526734;-1.3227038312;1.9787089141;0.7189661168;-0.0146110760;0.0061609041;0.6948642188;1620231186.2213048935;-0.0537471600;5.2450348668;1.4840640791;0.7067966575;0.0062753463;0.0071925888;-0.7073523674;543;1620231186.225776121;543
1620231186.2429969311;0.0001981730;-1.3230316031;1.9796146306;0.7188226338;-0.0146769636;0.0057574071;0.6950147194;1620231186.2346398830;-0.0537273252;5.2450305615;1.4840593794;0.7068008589;0.0062791740;0.0071942936;-0.7073481180;544;1620231186.277718817;544
1620231186.2517020702;0.0001762900;-1.3234315577;1.9804148135;0.7187247563;-0.0147602648;0.0057605321;0.6951141456;1620231186.2430100441;-0.0537255813;5.2450239497;1.4840614117;0.7068004556;0.0062711570;0.0071880583;-0.7073486554;544;1620231186.277718817;544
1620231186.2606689930;0.0002269165;-1.3237870771;1.9812513828;0.7187888317;-0.0145114778;0.0057270599;0.6950534032;1620231186.2517158985;-0.0537217808;5.2450251480;1.4840679113;0.7068002473;0.0062720123;0.0071879768;-0.7073488568;544;1620231186.277718817;544
1620231186.2771990299;0.0004163545;-1.3246636216;1.9825939262;0.7187340193;-0.0154897876;0.0058162832;0.6950882295;1620231186.2606968880;-0.0537161883;5.2450351548;1.4840697669;0.7067993858;0.0062789125;0.0071941825;-0.7073495934;545;1620231186.303690193;545
1620231186.2940680981;0.0005201185;-1.3253113026;1.9845270974;0.7186884193;-0.0147472788;0.0054364187;0.6951546008;1620231186.2772259712;-0.0537190848;5.2450188075;1.4840738275;0.7068001722;0.0062643209;0.0071812070;-0.7073490688;545;1620231186.303690193;545
1620231186.3023788929;0.0004821769;-1.3257129095;1.9853196703;0.7187230746;-0.0144693924;0.0058487898;0.6951212631;1620231186.2940959930;-0.0537227825;5.2450112656;1.4840728308;0.7068023213;0.0062641605;0.0071792682;-0.7073469424;545;1620231186.303690193;545
1620231186.3107700348;0.0007057278;-1.3258782937;1.9864595595;0.7187591633;-0.0136187088;0.0052947961;0.6951055755;1620231186.3024079800;-0.0537327415;5.2450046335;1.4840744865;0.7067992681;0.0062567424;0.0071712915;-0.7073501398;546;1620231186.355633121;546
1620231186.3268830776;0.0007903376;-1.3266377349;1.9879885694;0.7183906352;-0.0136334362;0.0058743269;0.6954815001;1620231186.3108088970;-0.0537429776;5.2450010412;1.4840706656;0.7068003142;0.0062612637;0.0071734646;-0.7073490326;546;1620231186.355633121;546
1620231186.3357510567;0.0008268786;-1.3269786687;1.9888318897;0.7184072449;-0.0134448861;0.0059596218;0.6954672878;1620231186.3269100189;-0.0537144344;5.2449976611;1.4840637492;0.7067953482;0.0062677011;0.0071758232;-0.7073539138;546;1620231186.355633121;546
1620231186.3439269066;0.0008539760;-1.3273736258;1.9895948400;0.7183082539;-0.0133742881;0.0066624655;0.6955645134;1620231186.3357620239;-0.0537219421;5.2450080637;1.4840622463;0.7067914616;0.0062708024;0.0071880495;-0.7073576456;547;1620231186.381604289;547
1620231186.3526129723;0.0009084254;-1.3276914049;1.9904662522;0.7181936045;-0.0132678162;0.0067054620;0.6956845178;1620231186.3439550400;-0.0537411644;5.2450140858;1.4840666085;0.7067910292;0.0062772684;0.0071914181;-0.7073579860;547;1620231186.381604289;547
1620231186.3610858917;0.0008648124;-1.3280692803;1.9912706349;0.7179156334;-0.0133539334;0.0069003348;0.6959678161;1620231186.3526420593;-0.0537367148;5.2450173839;1.4840683645;0.7067918793;0.0062840156;0.0071965515;-0.7073570245;547;1620231186.381604289;547
1620231186.3771688938;0.0010102637;-1.3287603157;1.9929928824;0.7180840798;-0.0131890555;0.0069927317;0.6957962380;1620231186.3611130714;-0.0537124259;5.2450211036;1.4840587237;0.7067921169;0.0062874763;0.0071994044;-0.7073567274;547;1620231186.381604289;547
1620231186.3858239651;0.0009258439;-1.3291551886;1.9938934273;0.7178180773;-0.0132106389;0.0072601333;0.6960675092;1620231186.3771970272;-0.0537203809;5.2450225570;1.4840607060;0.7067918845;0.0062839296;0.0072007811;-0.7073569770;548;1620231186.407575641;548
1620231186.3940470219;0.0010197496;-1.3295074918;1.9947306559;0.7177756990;-0.0132324684;0.0073566335;0.6961097813;1620231186.3858520985;-0.0536999868;5.2450284591;1.4840528786;0.7067934340;0.0062924312;0.0072029567;-0.7073553310;548;1620231186.407575641;548
1620231186.4021511078;0.0012786501;-1.3298802092;1.9955337609;0.7178792934;-0.0135985880;0.0071797056;0.6959977373;1620231186.3940739632;-0.0537053364;5.2450189352;1.4840552223;0.7067929349;0.0062783034;0.0071910994;-0.7073560760;548;1620231186.407575641;548
1620231186.4101209641;0.0011898825;-1.3303780162;1.9962573623;0.7180443146;-0.0134038926;0.0078528056;0.6958239946;1620231186.4021620750;-0.0537068589;5.2450220533;1.4840581899;0.7067887938;0.0062746910;0.0071919962;-0.7073602367;548;1620231186.407575641;548
1620231186.4270279408;0.0012483547;-1.3311784526;1.9978741352;0.7179419025;-0.0134824250;0.0081892541;0.6959242667;1620231186.4101319313;-0.0537076131;5.2450247515;1.4840560994;0.7067929794;0.0062811989;0.0071958110;-0.7073559579;549;1620231186.459518321;549
1620231186.4356060028;0.0015516130;-1.3313857298;1.9990700201;0.7180905674;-0.0130249584;0.0076266877;0.6957859736;1620231186.4270560741;-0.0537142596;5.2450250502;1.4840614451;0.7067906294;0.0062766526;0.0071921461;-0.7073583836;549;1620231186.459518321;549
1620231186.4432630539;0.0016077101;-1.3316954636;1.9999660319;0.7179238486;-0.0128470189;0.0077025243;0.6959604679;1620231186.4356360435;-0.0537105132;5.2450302966;1.4840613074;0.7067886208;0.0062754117;0.0071930791;-0.7073603921;549;1620231186.459518321;549
1620231186.4515199661;0.0016641011;-1.3320867298;2.0007391505;0.7180064991;-0.0131288771;0.0079087416;0.6958676251;1620231186.4432818890;-0.0537314769;5.2450267887;1.4840639020;0.7067913895;0.0062758860;0.0071873876;-0.7073576793;550;1620231186.485489641;550
1620231186.4600639343;0.0017173016;-1.3324203367;2.0016484908;0.7178920433;-0.0133854284;0.0078066477;0.6959819687;1620231186.4515409470;-0.0537144479;5.2450195083;1.4840607402;0.7067897524;0.0062689344;0.0071845887;-0.7073594051;550;1620231186.485489641;550
1620231186.4768199921;0.0019408886;-1.3331537428;2.0032377023;0.7180861422;-0.0139293658;0.0082543747;0.6957658590;1620231186.4600839615;-0.0537135595;5.2450260451;1.4840598185;0.7067902209;0.0062724960;0.0071867645;-0.7073588833;550;1620231186.485489641;550
1620231186.4847650528;0.0020194146;-1.3335012134;2.0040561561;0.7181384134;-0.0144488443;0.0079982220;0.6957043040;1620231186.4768381119;-0.0537139697;5.2450327399;1.4840660033;0.7067895455;0.0062732698;0.0071872901;-0.7073595460;550;1620231186.485489641;550
1620231186.4932389259;0.0020563712;-1.3337095281;2.0053026665;0.7182332298;-0.0137491859;0.0073871048;0.6956273558;1620231186.4847869873;-0.0537364728;5.2450418732;1.4840702034;0.7067910115;0.0062768866;0.0071903301;-0.7073580182;551;1620231186.537432369;551
1620231186.5026829243;0.0022830631;-1.3340787276;2.0061026370;0.7184154449;-0.0142360854;0.0070920026;0.6954324453;1620231186.4932589531;-0.0537102265;5.2450391638;1.4840657365;0.7067911920;0.0062732693;0.0071854321;-0.7073579197;551;1620231186.537432369;551
1620231186.5107638836;0.0023094166;-1.3344581575;2.0069766588;0.7185286607;-0.0142512657;0.0070130244;0.6953159589;1620231186.5027010441;-0.0537101129;5.2450401218;1.4840697558;0.7067935074;0.0062739807;0.0071853934;-0.7073556002;551;1620231186.537432369;551
1620231186.5276110172;0.0026077411;-1.3351863334;2.0088437275;0.7187702752;-0.0145365550;0.0063967762;0.6950662280;1620231186.5107939243;-0.0537122645;5.2450381389;1.4840726027;0.7067926631;0.0062685140;0.0071783473;-0.7073565638;551;1620231186.537432369;551
1620231186.5353150368;0.0026585674;-1.3355469006;2.0097564422;0.7187703782;-0.0144478913;0.0062686200;0.6950691377;1620231186.5276300907;-0.0537060452;5.2450416896;1.4840667767;0.7067936165;0.0062704996;0.0071805195;-0.7073555716;552;1620231186.563403761;552
1620231186.5435080528;0.0028275136;-1.3358687062;2.0106686421;0.7188838515;-0.0147041464;0.0059717199;0.6949490159;1620231186.5353350639;-0.0537128825;5.2450494047;1.4840687081;0.7067947583;0.0062754947;0.0071851657;-0.7073543392;552;1620231186.563403761;552
1620231186.5524260998;0.0028457882;-1.3362413351;2.0115523134;0.7187423747;-0.0149952702;0.0057569986;0.6950909277;1620231186.5435268879;-0.0537341255;5.2450612059;1.4840773724;0.7067936341;0.0062801402;0.0071948531;-0.7073553228;552;1620231186.563403761;552
1620231186.5601398945;0.0029577673;-1.3365988890;2.0124222170;0.7188027401;-0.0151865682;0.0057424241;0.6950244697;1620231186.5524370670;-0.0537150883;5.2450575409;1.4840711170;0.7067939181;0.0062805866;0.0071928081;-0.7073550558;553;1620231186.589375041;553
1620231186.5766780376;0.0031448390;-1.3372772322;2.0141760687;0.7187500819;-0.0155264224;0.0055403414;0.6950730570;1620231186.5601570606;-0.0537156701;5.2450706331;1.4840764627;0.7067910699;0.0062854472;0.0072010864;-0.7073577744;553;1620231186.589375041;553
1620231186.5940148830;0.0031343382;-1.3381607889;2.0156993236;0.7185558701;-0.0160375257;0.0064128284;0.6952547267;1620231186.5766959190;-0.0537289229;5.2450793718;1.4840789727;0.7067922385;0.0062946244;0.0072105754;-0.7073564285;553;1620231186.589375041;553
1620231186.6018900871;0.0032629279;-1.3384244581;2.0168405204;0.7187606050;-0.0153568253;0.0059750826;0.6950623418;1620231186.5940349102;-0.0537057910;5.2450677986;1.4840688966;0.7067917244;0.0062861998;0.0071984302;-0.7073571408;554;1620231186.641317833;554
1620231186.6106200218;0.0033781929;-1.3387839733;2.0178124951;0.7185350004;-0.0153411305;0.0060122795;0.6952955885;1620231186.6019279957;-0.0536966244;5.2450660962;1.4840649306;0.7067924131;0.0062887691;0.0071980611;-0.7073564335;554;1620231186.641317833;554
1620231186.6271760464;0.0035718208;-1.3394353335;2.0198004454;0.7185352395;-0.0150148811;0.0056537085;0.6953054713;1620231186.6106390953;-0.0537058559;5.2450612187;1.4840666912;0.7067925939;0.0062794740;0.0071923298;-0.7073563937;554;1620231186.641317833;554
1620231186.6359319687;0.0035234450;-1.3396726101;2.0210318410;0.7183458438;-0.0144599657;0.0049716059;0.6955181100;1620231186.6271960735;-0.0537049112;5.2450553494;1.4840680795;0.7067938454;0.0062755873;0.0071886242;-0.7073552154;555;1620231186.667289113;555
1620231186.6432709694;0.0037245322;-1.3400292830;2.0219603958;0.7184363588;-0.0146601740;0.0047851326;0.6954217283;1620231186.6359529495;-0.0537000196;5.2450536687;1.4840680008;0.7067959941;0.0062753010;0.0071866791;-0.7073530907;555;1620231186.667289113;555
1620231186.6521120071;0.0038384179;-1.3403823239;2.0229220354;0.7184658435;-0.0145337024;0.0047088433;0.6953944421;1620231186.6432909966;-0.0537062934;5.2450523590;1.4840718910;0.7067950965;0.0062682517;0.0071841289;-0.7073540760;555;1620231186.667289113;555
1620231186.6603600979;0.0039389066;-1.3407086717;2.0240072225;0.7184680760;-0.0144452658;0.0048382968;0.6953930896;1620231186.6521229744;-0.0537030889;5.2450501435;1.4840718593;0.7067985254;0.0062708502;0.0071836233;-0.7073506319;555;1620231186.667289113;555
1620231186.6768319607;0.0040389732;-1.3414040700;2.0260660493;0.7182060799;-0.0138832982;0.0049683876;0.6956742025;1620231186.6603798866;-0.0537026390;5.2450550372;1.4840703912;0.7067972680;0.0062754980;0.0071905194;-0.7073517770;556;1620231186.719231841;556
1620231186.6856849194;0.0041750608;-1.3417598024;2.0271110253;0.7181604703;-0.0136916172;0.0050753256;0.6957243129;1620231186.6768519878;-0.0537079515;5.2450488379;1.4840724276;0.7068004109;0.0062689556;0.0071823075;-0.7073487780;556;1620231186.719231841;556
1620231186.7017641068;0.0041490844;-1.3424851339;2.0290629762;0.7177283539;-0.0130935978;0.0058471658;0.6961755371;1620231186.6857171059;-0.0537047507;5.2450525712;1.4840767941;0.7068003207;0.0062743453;0.0071867299;-0.7073487755;556;1620231186.719231841;556
1620231186.7108919621;0.0042592083;-1.3428750963;2.0299631421;0.7177466387;-0.0132902835;0.0062586737;0.6961493806;1620231186.7018129826;-0.0537110839;5.2450570529;1.4840788886;0.7067986492;0.0062807562;0.0072000904;-0.7073502529;557;1620231186.745203177;557
1620231186.7190909386;0.0043203254;-1.3432456193;2.0308748886;0.7177310926;-0.0133683826;0.0067221665;0.6961595920;1620231186.7109119892;-0.0537078733;5.2450538097;1.4840788844;0.7067982523;0.0062795232;0.0071970986;-0.7073506909;557;1620231186.745203177;557
1620231186.7361600399;0.0044507426;-1.3440666760;2.0325732459;0.7174833062;-0.0141752717;0.0075268884;0.6963907761;1620231186.7191219330;-0.0537116163;5.2450584496;1.4840775855;0.7068004965;0.0062854128;0.0072060920;-0.7073483046;557;1620231186.745203177;557
1620231186.7441830635;0.0045195473;-1.3443134905;2.0338516128;0.7175576860;-0.0136883824;0.0070263838;0.6963291071;1620231186.7362051010;-0.0537387820;5.2450632327;1.4840783022;0.7068007239;0.0062911391;0.0072157863;-0.7073479276;558;1620231186.771174505;558
1620231186.7527730465;0.0045230064;-1.3446587356;2.0349635611;0.7174307654;-0.0133326300;0.0071536483;0.6964654787;1620231186.7442018986;-0.0537467837;5.2450640789;1.4840792272;0.7067997231;0.0062891370;0.0072192751;-0.7073489098;558;1620231186.771174505;558
1620231186.7600500584;0.0046757086;-1.3450067635;2.0359359854;0.7174679052;-0.0136867293;0.0070433642;0.6964214740;1620231186.7528030872;-0.0537207654;5.2450587813;1.4840731336;0.7068005068;0.0062856378;0.0072165654;-0.7073481855;558;1620231186.771174505;558
1620231186.7771670818;0.0049087270;-1.3457019013;2.0380786365;0.7176522817;-0.0135018606;0.0068189061;0.6962373193;1620231186.7600679398;-0.0537134440;5.2450607197;1.4840753950;0.7068009048;0.0062872933;0.0072156559;-0.7073477824;558;1620231186.771174505;558
1620231186.7852759361;0.0048941846;-1.3461181355;2.0391460277;0.7174388598;-0.0134654694;0.0068957423;0.6964571863;1620231186.7771871090;-0.0537167407;5.2450643196;1.4840726259;0.7068028508;0.0062887611;0.0072150927;-0.7073458306;559;1620231186.823117305;559
1620231186.7936708927;0.0051115446;-1.3464627119;2.0401900336;0.7176725954;-0.0135136560;0.0065630223;0.6962186105;1620231186.7852969170;-0.0537200089;5.2450566835;1.4840714769;0.7068050567;0.0062824921;0.0072099536;-0.7073437344;559;1620231186.823117305;559
1620231186.8020470142;0.0052533001;-1.3467940926;2.0412881636;0.7178328999;-0.0133622560;0.0063554002;0.6960581778;1620231186.7937150002;-0.0537173745;5.2450572135;1.4840700285;0.7068020898;0.0062809991;0.0072071241;-0.7073467412;559;1620231186.823117305;559
1620231186.8103981018;0.0051961734;-1.3471619513;2.0423341562;0.7178334701;-0.0132728933;0.0064095520;0.6960588030;1620231186.8020699024;-0.0537358188;5.2450606475;1.4840743824;0.7068041001;0.0062846871;0.0072099916;-0.7073446704;560;1620231186.849088569;560
1620231186.8269600868;0.0055608414;-1.3478753578;2.0443310079;0.7180733795;-0.0134365920;0.0062254905;0.6958098325;1620231186.8104169369;-0.0537129678;5.2450584065;1.4840682553;0.7068053150;0.0062845643;0.0072063503;-0.7073434947;560;1620231186.849088569;560
1620231186.8354210854;0.0056298172;-1.3481166246;2.0456457351;0.7183238146;-0.0129882086;0.0055986324;0.6955651365;1620231186.8269801140;-0.0537197036;5.2450692024;1.4840703936;0.7068055572;0.0062926646;0.0072154860;-0.7073430875;560;1620231186.849088569;560
1620231186.8438260555;0.0056909260;-1.3484732126;2.0466024549;0.7179424807;-0.0133736407;0.0059724582;0.6959483241;1620231186.8354449272;-0.0537107887;5.2450714390;1.4840697749;0.7068027851;0.0062928387;0.0072167353;-0.7073458432;560;1620231186.849088569;560
1620231186.8519990444;0.0058569986;-1.3488129218;2.0476060677;0.7180755851;-0.0137246085;0.0055966684;0.6958072769;1620231186.8438439369;-0.0537481456;5.2450830689;1.4840744934;0.7068036886;0.0062996457;0.0072250155;-0.7073447953;561;1620231186.875059985;561
1620231186.8601279259;0.0060986114;-1.3491854472;2.0486135553;0.7182484992;-0.0138691322;0.0057729912;0.6956244771;1620231186.8520350456;-0.0537129203;5.2450839655;1.4840716518;0.7068022697;0.0063033901;0.0072268376;-0.7073461611;561;1620231186.875059985;561
1620231186.8774530888;0.0061279769;-1.3498993889;2.0508689350;0.7179332193;-0.0137123509;0.0052351178;0.6959572240;1620231186.8601469994;-0.0537175845;5.2450862491;1.4840710865;0.7068024213;0.0063083156;0.0072308541;-0.7073459247;561;1620231186.875059985;561
1620231186.8853850365;0.0061618394;-1.3503087071;2.0519533502;0.7181071386;-0.0136233915;0.0053525237;0.6957786223;1620231186.8774740696;-0.0537169958;5.2450964029;1.4840665181;0.7068022706;0.0063168998;0.0072380622;-0.7073459250;561;1620231186.875059985;561
1620231186.8935830593;0.0063058656;-1.3506752640;2.0530065236;0.7181140952;-0.0137918819;0.0051752027;0.6957694644;1620231186.8854279518;-0.0537138281;5.2450869506;1.4840670687;0.7068010751;0.0063047083;0.0072253794;-0.7073473579;562;1620231186.927002649;562
1620231186.9102990627;0.0065304806;-1.3514029355;2.0551846654;0.7180911175;-0.0137825395;0.0050812733;0.6957940566;1620231186.8936018944;-0.0537153903;5.2450807916;1.4840659660;0.7068043719;0.0063058656;0.0072234429;-0.7073440732;562;1620231186.927002649;562
1620231186.9269740582;0.0065886031;-1.3522844856;2.0570756727;0.7179101969;-0.0141174038;0.0059329796;0.6959672750;1620231186.9103190899;-0.0537006949;5.2450874831;1.4840615595;0.7068035239;0.0063141183;0.0072265559;-0.7073448151;563;1620231186.952974089;563
1620231186.9356050491;0.0065738591;-1.3527476820;2.0579005498;0.7178099197;-0.0145740231;0.0065202658;0.6960560345;1620231186.9269950390;-0.0537107384;5.2450797560;1.4840599627;0.7068037508;0.0063043658;0.0072225869;-0.7073447159;563;1620231186.952974089;563
1620231186.9438409805;0.0067271654;-1.3530193682;2.0592928472;0.7177194587;-0.0138258531;0.0057989075;0.6961709539;1620231186.9356610775;-0.0537112776;5.2450816054;1.4840609667;0.7068010811;0.0063046158;0.0072232566;-0.7073473745;563;1620231186.952974089;563
1620231186.9519460201;0.0067958818;-1.3533619127;2.0604049253;0.7175518095;-0.0134281926;0.0060835062;0.6963491044;1620231186.9438610077;-0.0537059040;5.2450763282;1.4840608470;0.7068016374;0.0063027925;0.0072215155;-0.7073468526;563;1620231186.952974089;563
1620231186.9605309963;0.0068438295;-1.3537464252;2.0614864588;0.7173723040;-0.0131089938;0.0066734385;0.6965347062;1620231186.9519860744;-0.0537051849;5.2450777397;1.4840599257;0.7067996636;0.0063022999;0.0072212021;-0.7073488325;564;1620231187.004916737;564
1620231186.9686489105;0.0070896871;-1.3541009571;2.0625574886;0.7174187421;-0.0132676035;0.0065895054;0.6964846715;1620231186.9605500698;-0.0536961205;5.2450750037;1.4840570754;0.7067989524;0.0063026974;0.0072189043;-0.7073495630;564;1620231187.004916737;564
1620231186.9858961105;0.0073680846;-1.3548193050;2.0646667474;0.7174408630;-0.0131020793;0.0070334302;0.6964606769;1620231186.9686748981;-0.0537026595;5.2450639423;1.4840576664;0.7068005125;0.0062985629;0.0072136307;-0.7073480947;564;1620231187.004916737;564
1620231186.9936800003;0.0073586290;-1.3550965522;2.0659639395;0.7173636359;-0.0123748020;0.0069492243;0.6965543672;1620231186.9859139919;-0.0537102929;5.2450476230;1.4840562493;0.7068018460;0.0062892836;0.0072036685;-0.7073469464;565;1620231187.030888057;565
1620231187.0019500256;0.0074023728;-1.3554906648;2.0670049343;0.7172221468;-0.0124923200;0.0072419516;0.6966949750;1620231186.9936990738;-0.0537018520;5.2450449704;1.4840574478;0.7068007409;0.0062868413;0.0071999148;-0.7073481106;565;1620231187.030888057;565
1620231187.0108270645;0.0076453111;-1.3558466482;2.0681199013;0.7172946823;-0.0126271210;0.0070596451;0.6966197355;1620231187.0020051003;-0.0537048760;5.2450470611;1.4840575192;0.7067999781;0.0062869386;0.0072024459;-0.7073488461;565;1620231187.030888057;565
1620231187.0272550583;0.0078444093;-1.3566387143;2.0704086904;0.7172767580;-0.0125955992;0.0071997077;0.6966373285;1620231187.0108458996;-0.0537116460;5.2450460522;1.4840582123;0.7068004195;0.0062852870;0.0072020449;-0.7073484238;565;1620231187.030888057;565
1620231187.0439701080;0.0080132757;-1.3574357539;2.0726217484;0.7172080624;-0.0122307616;0.0075061871;0.6967113181;1620231187.0272750854;-0.0537053672;5.2450281003;1.4840595722;0.7067991577;0.0062683520;0.0071829036;-0.7073500296;566;1620231187.056859465;566
1620231187.0520219803;0.0082922116;-1.3578123096;2.0736831230;0.7174009272;-0.0126545580;0.0072363328;0.6965080095;1620231187.0439898968;-0.0537132143;5.2450363244;1.4840607266;0.7067993580;0.0062769137;0.0071923508;-0.7073496575;566;1620231187.056859465;566
1620231187.0605421066;0.0083708036;-1.3582082970;2.0747293376;0.7173012123;-0.0127580089;0.0074285269;0.6966067908;1620231187.0520620346;-0.0537160105;5.2450401923;1.4840595654;0.7068006264;0.0062844187;0.0072014013;-0.7073482314;566;1620231187.056859465;566
1620231187.0775411129;0.0086827608;-1.3589393960;2.0768640534;0.7174547271;-0.0132742897;0.0075704087;0.6964375038;1620231187.0605609417;-0.0537197428;5.2450355961;1.4840620834;0.7067985977;0.0062761020;0.0071951283;-0.7073503961;567;1620231187.108802185;567
1620231187.0853130817;0.0087744612;-1.3593410405;2.0779224275;0.7176031224;-0.0134295169;0.0077329348;0.6962798349;1620231187.0775609016;-0.0537180045;5.2450352992;1.4840623143;0.7068006395;0.0062792805;0.0071960152;-0.7073483187;567;1620231187.108802185;567
1620231187.0939500332;0.0088369275;-1.3597211004;2.0789476456;0.7174023897;-0.0138555908;0.0080451581;0.6964747729;1620231187.0853459835;-0.0537108755;5.2450274566;1.4840637001;0.7067993320;0.0062651083;0.0071833411;-0.7073498797;567;1620231187.108802185;567
1620231187.1019320488;0.0090434216;-1.3601291953;2.0800036072;0.7177657174;-0.0142012734;0.0075950235;0.6960984229;1620231187.0939779282;-0.0537149777;5.2450306525;1.4840605649;0.7068014411;0.0062750554;0.0071892642;-0.7073476238;568;1620231187.134773545;568
1620231187.1107559204;0.0092466602;-1.3605380144;2.0810380777;0.7176061077;-0.0146894942;0.0077331192;0.6962513137;1620231187.1019589901;-0.0537111151;5.2450202863;1.4840640836;0.7067987589;0.0062593400;0.0071752962;-0.7073505851;568;1620231187.134773545;568
1620231187.1270620823;0.0094151484;-1.3614108133;2.0831063087;0.7177059234;-0.0153507455;0.0076945038;0.6961345823;1620231187.1107749939;-0.0537105413;5.2450291639;1.4840636094;0.7067998100;0.0062714520;0.0071852252;-0.7073493267;568;1620231187.134773545;568
1620231187.1444079876;0.0097447091;-1.3621159940;2.0855594006;0.7177955255;-0.0151232151;0.0066912876;0.6960575397;1620231187.1270740032;-0.0537056152;5.2450193548;1.4840622453;0.7067976080;0.0062565151;0.0071701529;-0.7073518122;569;1620231187.186716177;569
1620231187.1521310806;0.0098916046;-1.3624839365;2.0866761837;0.7178548196;-0.0152438131;0.0064813043;0.6959957448;1620231187.1444289684;-0.0537100912;5.2450312758;1.4840587907;0.7067971306;0.0062660474;0.0071833385;-0.7073520711;569;1620231187.186716177;569
1620231187.1608850956;0.0099515985;-1.3629039564;2.0877581866;0.7178089465;-0.0153604674;0.0063689683;0.6960415279;1620231187.1521608829;-0.0537143638;5.2450399930;1.4840570227;0.7067999504;0.0062729955;0.0071923332;-0.7073491005;569;1620231187.186716177;569
1620231187.1766409874;0.0102688194;-1.3636237621;2.0899501480;0.7179813541;-0.0154739675;0.0059780879;0.6958646377;1620231187.1609039307;-0.0537135160;5.2450487108;1.4840606840;0.7067976793;0.0062758672;0.0071949033;-0.7073513183;569;1620231187.186716177;569
1620231187.1849739552;0.0103729076;-1.3638964048;2.0913444337;0.7177915394;-0.0152009082;0.0053307294;0.6960717073;1620231187.1766650677;-0.0537028491;5.2450436761;1.4840591956;0.7067972358;0.0062702931;0.0071856466;-0.7073519049;570;1620231187.212687609;570
1620231187.1937410831;0.0105604394;-1.3642804532;2.0924779077;0.7178143698;-0.0153165764;0.0051525180;0.6960469700;1620231187.1849949360;-0.0537108349;5.2450453472;1.4840617960;0.7067975326;0.0062693202;0.0071882981;-0.7073515900;570;1620231187.212687609;570
1620231187.2020480633;0.0106452952;-1.3646500576;2.0935621647;0.7178871292;-0.0153436567;0.0057951695;0.6959662765;1620231187.1937611103;-0.0537327418;5.2450645880;1.4840654329;0.7067967052;0.0062853714;0.0072081984;-0.7073520718;570;1620231187.212687609;570
1620231187.2106881142;0.0107167531;-1.3650329400;2.0946916655;0.7177387384;-0.0153553795;0.0058164943;0.6961188721;1620231187.2020730972;-0.0537347031;5.2450644868;1.4840695864;0.7067964167;0.0062823666;0.0072029002;-0.7073524408;571;1620231187.238658881;571
1620231187.2185170650;0.0109009560;-1.3653846481;2.0959293111;0.7176807986;-0.0152113316;0.0057186603;0.6961825792;1620231187.2107079029;-0.0537126815;5.2450644413;1.4840599379;0.7068002138;0.0062904343;0.0072080729;-0.7073485222;571;1620231187.238658881;571
1620231187.2355349064;0.0110047634;-1.3661509534;2.0982233710;0.7174765546;-0.0150373298;0.0059204044;0.6963951616;1620231187.2185509205;-0.0537156324;5.2450586785;1.4840618981;0.7067970049;0.0062805428;0.0072032146;-0.7073518660;571;1620231187.238658881;571
1620231187.2441649437;0.0110688837;-1.3665626605;2.0993538525;0.7173470569;-0.0152447835;0.0059356227;0.6965239156;1620231187.2355639935;-0.0537357159;5.2450748430;1.4840636180;0.7067992172;0.0062970817;0.0072150046;-0.7073493882;571;1620231187.238658881;571
1620231187.2524271011;0.0110926511;-1.3670344163;2.1003520668;0.7172973218;-0.0153178526;0.0064924000;0.6965685639;1620231187.2441759109;-0.0537088897;5.2450693435;1.4840629012;0.7067954209;0.0062878017;0.0072087643;-0.7073533278;572;1620231187.290601585;572
1620231187.2599289417;0.0111807641;-1.3674794433;2.1014507666;0.7172076229;-0.0154637020;0.0065995505;0.6966566913;1620231187.2524480820;-0.0537124752;5.2450761082;1.4840605477;0.7067982117;0.0063019218;0.0072181336;-0.7073503180;572;1620231187.290601585;572
1620231187.2769930363;0.0114487784;-1.3681708349;2.1040499957;0.7172471932;-0.0144586700;0.0064137787;0.6966392712;1620231187.2599430084;-0.0537397948;5.2450794311;1.4840699562;0.7067987279;0.0062974876;0.0072201465;-0.7073498211;572;1620231187.290601585;572
1620231187.2851870060;0.0114763238;-1.3685483059;2.1053792586;0.7168828341;-0.0143876810;0.0062074685;0.6970175494;1620231187.2770359516;-0.0537185924;5.2450706167;1.4840697095;0.7067951265;0.0062840826;0.0072093835;-0.7073536486;573;1620231187.316572929;573
1620231187.2935979366;0.0117010382;-1.3689095614;2.1065266033;0.7170055629;-0.0138141116;0.0067574073;0.6968977906;1620231187.2852230072;-0.0537242878;5.2450784817;1.4840659115;0.7067959612;0.0062935901;0.0072159002;-0.7073526637;573;1620231187.316572929;573
1620231187.3025701046;0.0116968862;-1.3693196702;2.1077310397;0.7167178570;-0.0135122395;0.0069211213;0.6971979854;1620231187.2936170101;-0.0537199643;5.2450684352;1.4840664411;0.7067962707;0.0062880091;0.0072084281;-0.7073524802;573;1620231187.316572929;573
1620231187.3104429245;0.0117136066;-1.3696914112;2.1089322556;0.7167673067;-0.0131757788;0.0070169343;0.6971526300;1620231187.3025989532;-0.0537152968;5.2450555671;1.4840661911;0.7067964396;0.0062759569;0.0071936375;-0.7073525690;573;1620231187.316572929;573
1620231187.3270289898;0.0121256265;-1.3702949271;2.1115998623;0.7166868685;-0.0126576808;0.0068185635;0.6972468880;1620231187.3104560375;-0.0537138042;5.2450579748;1.4840678021;0.7067969561;0.0062798492;0.0071950361;-0.7073520042;574;1620231187.368515737;574
1620231187.3358650208;0.0121277583;-1.3706636900;2.1127313067;0.7167420209;-0.0126932051;0.0072582743;0.6971851085;1620231187.3270490170;-0.0537344943;5.2450414422;1.4840742734;0.7067996425;0.0062658188;0.0071792188;-0.7073496050;574;1620231187.368515737;574
1620231187.3435349464;0.0124677294;-1.3710362652;2.1138502278;0.7170632263;-0.0128320589;0.0073605902;0.6968511243;1620231187.3358860016;-0.0537137935;5.2450480987;1.4840771706;0.7067959940;0.0062724995;0.0071850838;-0.7073531319;574;1620231187.368515737;574
1620231187.3522360325;0.0125416227;-1.3713889404;2.1150609580;0.7168064697;-0.0131762900;0.0073910101;0.6971084875;1620231187.3435549736;-0.0537133083;5.2450434902;1.4840766357;0.7067994413;0.0062689790;0.0071803133;-0.7073497670;574;1620231187.368515737;574
1620231187.3604190350;0.0126189586;-1.3717943392;2.1161874125;0.7168930829;-0.0135040819;0.0073992503;0.6970130548;1620231187.3522660732;-0.0537141899;5.2450367468;1.4840806636;0.7067965661;0.0062622973;0.0071760822;-0.7073527420;575;1620231187.394487049;575
1620231187.3771049976;0.0129377903;-1.3725106294;2.1186400421;0.7171018990;-0.0135766843;0.0071799377;0.6967991020;1620231187.3604381084;-0.0537322801;5.2450351869;1.4840814005;0.7068004418;0.0062600919;0.0071719340;-0.7073489309;575;1620231187.394487049;575
1620231187.3856799603;0.0130305264;-1.3728958982;2.1199303295;0.7170595009;-0.0134427456;0.0069865581;0.6968472952;1620231187.3771190643;-0.0537191100;5.2450430918;1.4840728373;0.7068018579;0.0062688202;0.0071862687;-0.7073472932;575;1620231187.394487049;575
1620231187.3939549923;0.0131433662;-1.3732930583;2.1211254815;0.7172517902;-0.0135780311;0.0067382579;0.6966491961;1620231187.3857100010;-0.0537164869;5.2450490514;1.4840741546;0.7068003391;0.0062746048;0.0071919750;-0.7073487015;576;1620231187.420458465;576
1620231187.4019150734;0.0132984709;-1.3736645848;2.1223457272;0.7172331351;-0.0135367412;0.0065513702;0.6966709884;1620231187.3939731121;-0.0537150971;5.2450511749;1.4840755111;0.7067977340;0.0062712660;0.0071879918;-0.7073513746;576;1620231187.420458465;576
1620231187.4104599953;0.0135462626;-1.3740372371;2.1235792430;0.7174180215;-0.0138382299;0.0061500793;0.6964783287;1620231187.4019451141;-0.0537523969;5.2450550106;1.4840803230;0.7068002742;0.0062739392;0.0071984532;-0.7073487063;576;1620231187.420458465;576
1620231187.4271640778;0.0136699457;-1.3747769261;2.1259894669;0.7172792391;-0.0138324867;0.0059465547;0.6966231362;1620231187.4104809761;-0.0537234358;5.2450579470;1.4840733351;0.7067992151;0.0062798670;0.0072010040;-0.7073496860;576;1620231187.420458465;576
1620231187.4347839355;0.0137743401;-1.3751381844;2.1272431671;0.7174720191;-0.0136608350;0.0059445223;0.6964279905;1620231187.4271769524;-0.0537324628;5.2450650596;1.4840735005;0.7067986056;0.0062817064;0.0072097420;-0.7073501897;577;1620231187.472401145;577
1620231187.4431369305;0.0139210572;-1.3755710488;2.1283433207;0.7171012226;-0.0140658539;0.0061110151;0.6968002898;1620231187.4347960949;-0.0537255318;5.2450613879;1.4840715291;0.7067983723;0.0062797227;0.0072044064;-0.7073504948;577;1620231187.472401145;577
1620231187.4512670040;0.0139944201;-1.3759582566;2.1294218660;0.7171763506;-0.0139563186;0.0063676742;0.6967228689;1620231187.4431500435;-0.0537232925;5.2450548580;1.4840688473;0.7068003734;0.0062774693;0.0071975976;-0.7073485846;577;1620231187.472401145;577
1620231187.4613080025;0.0142319370;-1.3763485269;2.1305772566;0.7172671013;-0.0140162544;0.0068958635;0.6966232103;1620231187.4512810707;-0.0537250940;5.2450599947;1.4840693709;0.7067992792;0.0062764484;0.0072010939;-0.7073496515;577;1620231187.472401145;577
1620231187.4772338867;0.0143217530;-1.3771277455;2.1328081472;0.7169922625;-0.0140688985;0.0074068880;0.6968997773;1620231187.4613199234;-0.0537259394;5.2450514590;1.4840652405;0.7068015269;0.0062743981;0.0071937176;-0.7073474987;578;1620231187.498372441;578
1620231187.4940090179;0.0145967488;-1.3779305721;2.1349541953;0.7168538833;-0.0145549272;0.0079162335;0.6970265399;1620231187.4772469997;-0.0537207441;5.2450438085;1.4840655145;0.7068006712;0.0062692153;0.0071885442;-0.7073484523;578;1620231187.498372441;578
1620231187.5016360283;0.0147550828;-1.3782654583;2.1362158298;0.7167437744;-0.0144078694;0.0078608410;0.6971434446;1620231187.4940218925;-0.0537219978;5.2450401905;1.4840650910;0.7068030708;0.0062678655;0.0071862030;-0.7073460903;579;1620231187.550315201;579
1620231187.5100879669;0.0148179129;-1.3786618496;2.1373460270;0.7169214850;-0.0142950617;0.0080184789;0.6969612181;1620231187.5016589165;-0.0537123319;5.2450522965;1.4840618917;0.7068010491;0.0062805104;0.0071963165;-0.7073478955;579;1620231187.550315201;579
1620231187.5273931026;0.0151326114;-1.3792221134;2.1401024471;0.7166434394;-0.0130227590;0.0075942999;0.6972767852;1620231187.5101180077;-0.0537204079;5.2450535018;1.4840605879;0.7068034108;0.0062855334;0.0072018718;-0.7073454345;579;1620231187.550315201;579
1620231187.5350890160;0.0151443461;-1.3795711811;2.1413332584;0.7168257085;-0.0125391959;0.0080153660;0.6970935563;1620231187.5274059772;-0.0537238192;5.2450559558;1.4840590714;0.7068007386;0.0062848189;0.0072044400;-0.7073480848;579;1620231187.550315201;579
1620231187.5442359447;0.0154195091;-1.3799147388;2.1424350457;0.7168041345;-0.0122362376;0.0083060247;0.6971177212;1620231187.5350990295;-0.0537476734;5.2450494135;1.4840653342;0.7068039291;0.0062741625;0.0071967985;-0.7073450691;580;1620231187.576286473;580
1620231187.5535230637;0.0155838061;-1.3802802185;2.1436994705;0.7170505376;-0.0121374182;0.0079351415;0.6968703202;1620231187.5442659855;-0.0537184182;5.2450452846;1.4840628483;0.7067999585;0.0062710527;0.0071902272;-0.7073491311;580;1620231187.576286473;580
1620231187.5612809658;0.0156868826;-1.3806521377;2.1447739703;0.7167562346;-0.0122480530;0.0080663218;0.6971695775;1620231187.5535569191;-0.0537193510;5.2450380821;1.4840625789;0.7068003751;0.0062637767;0.0071868152;-0.7073488140;580;1620231187.576286473;580
1620231187.5701489449;0.0158456446;-1.3809934765;2.1458355366;0.7167820714;-0.0116422907;0.0086261685;0.6971466908;1620231187.5612928867;-0.0537250245;5.2450501216;1.4840646719;0.7068017399;0.0062809582;0.0072021435;-0.7073471419;580;1620231187.576286473;580
1620231187.5784909725;0.0161744506;-1.3812817334;2.1469558881;0.7168289647;-0.0117455048;0.0086001222;0.6970970639;1620231187.5701620579;-0.0537194085;5.2450450360;1.4840652522;0.7068032228;0.0062763514;0.0071931945;-0.7073457921;581;1620231187.602257913;581
1620231187.5937280655;0.0163374198;-1.3821597547;2.1488207877;0.7165673078;-0.0125088620;0.0099629266;0.6973346125;1620231187.5785028934;-0.0537196863;5.2450383841;1.4840685391;0.7068019379;0.0062690507;0.0071865306;-0.7073472085;581;1620231187.602257913;581
1620231187.6015069485;0.0164973839;-1.3825201209;2.1499039370;0.7169075836;-0.0125631422;0.0097834672;0.6969863470;1620231187.5937390327;-0.0537184048;5.2450533763;1.4840712861;0.7068026619;0.0062776758;0.0071983094;-0.7073462888;581;1620231187.602257913;581
1620231187.6106369495;0.0166053198;-1.3828737958;2.1508563774;0.7167452478;-0.0131233199;0.0097716363;0.6971431297;1620231187.6015169621;-0.0537184908;5.2450523178;1.4840651358;0.7068039768;0.0062829476;0.0071990245;-0.7073449209;582;1620231187.654200625;582
1620231187.6270420551;0.0171891217;-1.3835837963;2.1528976011;0.7173508640;-0.0138899147;0.0093885677;0.6965103467;1620231187.6106660366;-0.0537139829;5.2450584323;1.4840670951;0.7067997385;0.0062796359;0.0071989252;-0.7073491863;582;1620231187.654200625;582
1620231187.6357679367;0.0172158743;-1.3839531601;2.1539722558;0.7172124054;-0.0138523556;0.0093365243;0.6966543671;1620231187.6270530224;-0.0537068844;5.2450512120;1.4840683487;0.7067981671;0.0062716172;0.0071908341;-0.7073509098;582;1620231187.654200625;582
1620231187.6448259354;0.0175267248;-1.3842756088;2.1549774967;0.7174461946;-0.0141519350;0.0087620993;0.6964150388;1620231187.6357901096;-0.0537099623;5.2450506160;1.4840672642;0.7067987004;0.0062735745;0.0071945958;-0.7073503213;582;1620231187.654200625;582
1620231187.6525869370;0.0172120709;-1.3847773286;2.1562316394;0.7168015098;-0.0131535325;0.0096503413;0.6970864015;1620231187.6448380947;-0.0537118423;5.2450536806;1.4840687123;0.7068026991;0.0062767533;0.0071937285;-0.7073463064;583;1620231187.680171985;583
1620231187.6611421108;0.0175331494;-1.3851048684;2.1573121568;0.7171347360;-0.0132428615;0.0090101650;0.6967504675;1620231187.6526050568;-0.0537173746;5.2450618235;1.4840698238;0.7068022222;0.0062787839;0.0072014672;-0.7073466861;583;1620231187.680171985;583
1620231187.6685109138;0.0177181228;-1.3854614898;2.1583095218;0.7171421348;-0.0133810529;0.0090638759;0.6967395153;1620231187.6611540318;-0.0537094401;5.2450583925;1.4840694211;0.7068018225;0.0062822787;0.0071979368;-0.7073470905;583;1620231187.680171985;583
1620231187.6849811077;0.0181916694;-1.3861713593;2.1603105511;0.7173158503;-0.0133745834;0.0088050372;0.6965641124;1620231187.6685419083;-0.0537221747;5.2450635154;1.4840707832;0.7068007433;0.0062785934;0.0072009771;-0.7073481707;583;1620231187.680171985;583
1620231187.6940689087;0.0181323399;-1.3865536305;2.1612799013;0.7170964316;-0.0129796228;0.0093038111;0.6967909846;1620231187.6849930286;-0.0537156153;5.2450520346;1.4840675447;0.7068002279;0.0062709507;0.0071917220;-0.7073488476;584;1620231187.732114713;584
1620231187.7026739120;0.0184653935;-1.3868873711;2.1622170830;0.7172115570;-0.0133172137;0.0091080105;0.6966687007;1620231187.6940910816;-0.0537092520;5.2450615674;1.4840617414;0.7068029069;0.0062857361;0.0072034697;-0.7073459198;584;1620231187.732114713;584
1620231187.7117240429;0.0185038526;-1.3872553859;2.1631676809;0.7169556252;-0.0128858427;0.0097363475;0.6969316968;1620231187.7026948929;-0.0537192813;5.2450524172;1.4840616557;0.7068039893;0.0062753512;0.0071946521;-0.7073450202;584;1620231187.732114713;584
1620231187.7270140648;0.0188230387;-1.3880202878;2.1649364365;0.7165108708;-0.0135535930;0.0100049301;0.6973724783;1620231187.7117490768;-0.0537124462;5.2450584665;1.4840614431;0.7068031658;0.0062837546;0.0072042546;-0.7073456707;585;1620231187.758085993;585
1620231187.7345590591;0.0191294317;-1.3883602523;2.1657436416;0.7167215514;-0.0132606791;0.0103287809;0.6971568607;1620231187.7270278931;-0.0537120392;5.2450566164;1.4840640516;0.7067994779;0.0062807367;0.0071987044;-0.7073494392;585;1620231187.758085993;585
1620231187.7431309223;0.0193211571;-1.3886808799;2.1666274414;0.7166782488;-0.0130139754;0.0108241232;0.6971985102;1620231187.7345700264;-0.0537187184;5.2450604598;1.4840672975;0.7068018418;0.0062829307;0.0072051101;-0.7073469923;585;1620231187.758085993;585
1620231187.7513000965;0.0193774755;-1.3890631534;2.1674773142;0.7163367922;-0.0134048260;0.0106814100;0.6975441336;1620231187.7431430817;-0.0537203686;5.2450590976;1.4840675776;0.7068026207;0.0062855260;0.0072054684;-0.7073461873;585;1620231187.758085993;585
1620231187.7600090504;0.0196366234;-1.3894028402;2.1683161364;0.7162799244;-0.0136588305;0.0107547458;0.6975964748;1620231187.7513110638;-0.0537183066;5.2450553550;1.4840681924;0.7067998314;0.0062781085;0.0072005280;-0.7073490906;586;1620231187.784057313;586
1620231187.7767000198;0.0201866508;-1.3900363366;2.1700927374;0.7164165711;-0.0136071530;0.0109261037;0.6974544876;1620231187.7600200176;-0.0537100291;5.2450434027;1.4840656159;0.7068021936;0.0062736830;0.0071898549;-0.7073468782;586;1620231187.784057313;586
1620231187.7849760056;0.0202509966;-1.3903651965;2.1710620794;0.7162826770;-0.0134487148;0.0107164715;0.6975983199;1620231187.7767119408;-0.0537187194;5.2450517823;1.4840622229;0.7067993727;0.0062781207;0.0071984802;-0.7073495697;586;1620231187.784057313;586
1620231187.7931690216;0.0203728719;-1.3906681469;2.1720576197;0.7161760610;-0.0127311248;0.0110387056;0.6977162139;1620231187.7849869728;-0.0537149554;5.2450490705;1.4840605854;0.7068011368;0.0062775976;0.0071975376;-0.7073478212;586;1620231187.784057313;586
1620231187.8014550209;0.0207165806;-1.3909664050;2.1729894494;0.7163283665;-0.0125933723;0.0106082861;0.6975690235;1620231187.7931809425;-0.0537152053;5.2450557864;1.4840632649;0.7068001489;0.0062801101;0.0072009643;-0.7073487513;587;1620231187.836000105;587
1620231187.8098199368;0.0208860428;-1.3912869378;2.1738885233;0.7161581103;-0.0120985951;0.0109216378;0.6977477358;1620231187.8014650345;-0.0537363088;5.2450433974;1.4840685943;0.7068021204;0.0062690932;0.0071918197;-0.7073469720;587;1620231187.836000105;587
1620231187.8181369305;0.0210980551;-1.3916120289;2.1747111761;0.7161219927;-0.0121228315;0.0108600406;0.6977853453;1620231187.8098309040;-0.0537136465;5.2450541374;1.4840684794;0.7068006343;0.0062758087;0.0071961728;-0.7073483531;587;1620231187.836000105;587
1620231187.8350379467;0.0215329745;-1.3922776917;2.1762410104;0.7160436632;-0.0123726006;0.0110807601;0.6978578708;1620231187.8181469440;-0.0537166901;5.2450447593;1.4840656543;0.7068029134;0.0062697154;0.0071904342;-0.7073461882;588;1620231187.861971457;588
1620231187.8431940079;0.0218951960;-1.3925190618;2.1769872154;0.7162140120;-0.0125475298;0.0110308975;0.6976807062;1620231187.8350479603;-0.0537159231;5.2450497953;1.4840646555;0.7068012998;0.0062747477;0.0071946856;-0.7073477127;588;1620231187.861971457;588
1620231187.8525800705;0.0221418521;-1.3928109168;2.1777209655;0.7163549072;-0.0128792411;0.0111886894;0.6975274800;1620231187.8432049751;-0.0537163122;5.2450559103;1.4840607868;0.7068045355;0.0062873962;0.0072047232;-0.7073442650;588;1620231187.861971457;588
1620231187.8615860939;0.0224047530;-1.3931148803;2.1784072157;0.7162495837;-0.0133182680;0.0112940306;0.6976256894;1620231187.8526000977;-0.0537164448;5.2450552517;1.4840595647;0.7068053659;0.0062886760;0.0072046150;-0.7073434250;588;1620231187.861971457;588
1620231187.8701329231;0.0225758900;-1.3934158128;2.1791477285;0.7161888013;-0.0138183147;0.0110985469;0.6976815013;1620231187.8616158962;-0.0537131913;5.2450521304;1.4840586574;0.7068043801;0.0062817867;0.0071995607;-0.7073445227;589;1620231187.913914113;589
1620231187.8858060837;0.0231686781;-1.3939954530;2.1805583913;0.7164833078;-0.0143477347;0.0110230182;0.6973695614;1620231187.8701670170;-0.0537212910;5.2450523519;1.4840633252;0.7068029024;0.0062774712;0.0071974225;-0.7073460593;589;1620231187.913914113;589
1620231187.8941628933;0.0234580952;-1.3943217664;2.1812526293;0.7164850386;-0.0146488855;0.0109119989;0.6973632683;1620231187.8858261108;-0.0537164315;5.2450594002;1.4840667434;0.7068015258;0.0062861966;0.0072071898;-0.7073472579;589;1620231187.913914113;589
1620231187.9032518864;0.0237728937;-1.3945939770;2.1819595853;0.7166961841;-0.0145959966;0.0106928105;0.6971507730;1620231187.8941910267;-0.0537380318;5.2450613336;1.4840686253;0.7068010703;0.0062808669;0.0072066345;-0.7073477660;589;1620231187.913914113;589
1620231187.9108140469;0.0239518627;-1.3949245009;2.1829448832;0.7167441436;-0.0143346819;0.0100389890;0.6971166102;1620231187.9032781124;-0.0537190173;5.2450495174;1.4840646827;0.7068017733;0.0062754341;0.0071948593;-0.7073472317;590;1620231187.939885473;590
1620231187.9191548824;0.0242134017;-1.3952163291;2.1837020868;0.7167617857;-0.0142343105;0.0099024716;0.6971024803;1620231187.9108428955;-0.0537233239;5.2450504416;1.4840670824;0.7067990633;0.0062751607;0.0071965692;-0.7073499246;590;1620231187.939885473;590
1620231187.9353370667;0.0248440188;-1.3958117354;2.1852058050;0.7171201661;-0.0144617820;0.0094890647;0.6967348720;1620231187.9191930294;-0.0537207547;5.2450622321;1.4840631934;0.7067986806;0.0062868148;0.0072047854;-0.7073501199;590;1620231187.939885473;590
1620231187.9445641041;0.0251307389;-1.3961230173;2.1858859303;0.7169110544;-0.0148269958;0.0090545614;0.6969481439;1620231187.9353649616;-0.0537153535;5.2450476907;1.4840619553;0.7067997470;0.0062755298;0.0071909685;-0.7073492951;591;1620231187.991828233;591
1620231187.9533059597;0.0251587085;-1.3965063746;2.1866464327;0.7164218656;-0.0144495587;0.0092144805;0.6974568188;1620231187.9445900917;-0.0537192773;5.2450572504;1.4840645537;0.7068018963;0.0062842671;0.0072026191;-0.7073469514;591;1620231187.991828233;591
1620231187.9615600109;0.0255018775;-1.3967192719;2.1873995521;0.7165522199;-0.0139639792;0.0093887211;0.6973304635;1620231187.9533329010;-0.0537190696;5.2450519143;1.4840710657;0.7067983921;0.0062748383;0.0071945727;-0.7073506185;591;1620231187.991828233;591
1620231187.9706869125;0.0259643773;-1.3969772807;2.1879665359;0.7167581595;-0.0142167368;0.0091768299;0.6971164974;1620231187.9615879059;-0.0537206723;5.2450522542;1.4840683347;0.7067962100;0.0062790441;0.0072007338;-0.7073526989;591;1620231187.991828233;591
1620231187.9862558842;0.0261848576;-1.3976022010;2.1892464753;0.7161436119;-0.0137801702;0.0104694690;0.6977383637;1620231187.9707169533;-0.0537298196;5.2450518169;1.4840659726;0.7068006545;0.0062834676;0.0072057526;-0.7073481674;592;1620231188.017799553;592
1620231187.9960289001;0.0264716790;-1.3978353193;2.1899500923;0.7162070847;-0.0135802546;0.0103912954;0.6976782994;1620231187.9863219261;-0.0537199648;5.2450460456;1.4840589840;0.7068008115;0.0062800570;0.0072052844;-0.7073480456;592;1620231188.017799553;592
1620231188.0037019253;0.0269984056;-1.3980551688;2.1904402060;0.7165476956;-0.0137275341;0.0104662706;0.6973244667;1620231187.9960548878;-0.0537226107;5.2450373100;1.4840622308;0.7068004118;0.0062758667;0.0071960811;-0.7073485759;592;1620231188.017799553;592
1620231188.0107719898;0.0273236428;-1.3982658483;2.1910714318;0.7165619303;-0.0135160003;0.0106125063;0.6973117614;1620231188.0037128925;-0.0537247103;5.2450471109;1.4840628607;0.7068006287;0.0062862319;0.0072070457;-0.7073481555;592;1620231188.017799553;592
1620231188.0199439526;0.0273255424;-1.3985461151;2.1917411018;0.7161215793;-0.0132688894;0.0107599823;0.6977664674;1620231188.0107989311;-0.0537534660;5.2450442098;1.4840652009;0.7068033785;0.0062803047;0.0072036901;-0.7073454946;593;1620231188.043770857;593
1620231188.0291678905;0.0276581725;-1.3987822228;2.1923472520;0.7161724623;-0.0131787185;0.0108551222;0.6977144774;1620231188.0199580193;-0.0537327666;5.2450402181;1.4840667819;0.7068025620;0.0062798326;0.0072008302;-0.7073463438;593;1620231188.043770857;593
1620231188.0461471081;0.0284018633;-1.3992385600;2.1934994287;0.7161210800;-0.0132710179;0.0106715474;0.6977682974;1620231188.0291988850;-0.0537250479;5.2450428881;1.4840656532;0.7068028476;0.0062818018;0.0072024364;-0.7073460245;593;1620231188.043770857;593
1620231188.0538818836;0.0286183747;-1.3994972266;2.1941043881;0.7159667512;-0.0130438972;0.0105018826;0.6979335057;1620231188.0461781025;-0.0537207022;5.2450444282;1.4840653045;0.7068009594;0.0062808312;0.0072017717;-0.7073479267;594;1620231188.095713633;594
1620231188.0616619587;0.0288497635;-1.3997852920;2.1946942524;0.7158496627;-0.0128944151;0.0104867725;0.6980566038;1620231188.0538930893;-0.0537138801;5.2450478109;1.4840667526;0.7067983055;0.0062813281;0.0072008652;-0.7073505834;594;1620231188.095713633;594
1620231188.0704290867;0.0294462358;-1.3999893897;2.1952593430;0.7163790729;-0.0126331987;0.0106692074;0.6975153003;1620231188.0616919994;-0.0537429305;5.2450470299;1.4840663015;0.7067992696;0.0062796223;0.0072007963;-0.7073496359;594;1620231188.095713633;594
1620231188.0859420300;0.0299354980;-1.4004946911;2.1965371957;0.7164297129;-0.0121449305;0.0102872683;0.6974776980;1620231188.0704579353;-0.0537123538;5.2450428130;1.4840612688;0.7067987821;0.0062766799;0.0071950346;-0.7073502078;594;1620231188.095713633;594
1620231188.0951020718;0.0302529589;-1.4006871517;2.1970371275;0.7161506401;-0.0122368453;0.0102238897;0.6977635649;1620231188.0860130787;-0.0537151933;5.2450500320;1.4840642636;0.7068019309;0.0062881254;0.0072025499;-0.7073468833;595;1620231188.121684969;595
1620231188.1043128967;0.0306276484;-1.4009085939;2.1976085004;0.7163124322;-0.0125811084;0.0098706587;0.6975964344;1620231188.0951309204;-0.0537167623;5.2450460827;1.4840623891;0.7068008299;0.0062807619;0.0071984720;-0.7073480903;595;1620231188.121684969;595
1620231188.1121079922;0.0307223005;-1.4011915686;2.1981206046;0.7161409227;-0.0126207741;0.0100945662;0.6977685824;1620231188.1043400764;-0.0537348472;5.2450454206;1.4840709165;0.7068006128;0.0062745925;0.0071941680;-0.7073484058;595;1620231188.121684969;595
1620231188.1201241016;0.0310442144;-1.4014415177;2.1986075371;0.7161385035;-0.0129638128;0.0099975649;0.6977661729;1620231188.1121180058;-0.0537139386;5.2450474845;1.4840636530;0.7068020387;0.0062814705;0.0071993721;-0.7073468670;595;1620231188.121684969;595
1620231188.1368329525;0.0319407311;-1.4018919966;2.1994272073;0.7165236830;-0.0138080923;0.0096760694;0.6973589621;1620231188.1201539040;-0.0537150346;5.2450421278;1.4840638931;0.7068020218;0.0062741875;0.0071910291;-0.7073470334;596;1620231188.173627657;596
1620231188.1446230412;0.0321524667;-1.4020957670;2.2000476018;0.7163708613;-0.0137936639;0.0093754774;0.6975203397;1620231188.1368999481;-0.0537176700;5.2450457309;1.4840625517;0.7068038520;0.0062778016;0.0071944865;-0.7073451373;596;1620231188.173627657;596
1620231188.1527659893;0.0325143238;-1.4021840207;2.2006880383;0.7169082055;-0.0129486631;0.0097618815;0.6969789543;1620231188.1446459293;-0.0537450104;5.2450492481;1.4840690791;0.7068043287;0.0062784986;0.0072038891;-0.7073445591;596;1620231188.173627657;596
1620231188.1619179249;0.0328216001;-1.4024241219;2.2010966921;0.7166870434;-0.0129567176;0.0098527876;0.6972049396;1620231188.1528310776;-0.0537215396;5.2450476638;1.4840611952;0.7068050096;0.0062786985;0.0071962926;-0.7073439544;597;1620231188.199599057;597
1620231188.1703090668;0.0332207241;-1.4026373219;2.2015992025;0.7168369044;-0.0129900500;0.0096869865;0.6970525614;1620231188.1619460583;-0.0537445012;5.2450540869;1.4840689930;0.7068037308;0.0062830327;0.0072072708;-0.7073450819;597;1620231188.199599057;597
1620231188.1793138981;0.0334821596;-1.4028759350;2.2020652772;0.7165967756;-0.0130631456;0.0096795855;0.6972981579;1620231188.1703228951;-0.0537458978;5.2450502877;1.4840649725;0.7068036708;0.0062810014;0.0072030927;-0.7073452024;597;1620231188.199599057;597
1620231188.1946780682;0.0343092250;-1.4033809031;2.2028963646;0.7167158974;-0.0135993044;0.0095311098;0.6971675116;1620231188.1793429852;-0.0537172564;5.2450507211;1.4840599067;0.7068050355;0.0062875331;0.0072048772;-0.7073437626;597;1620231188.199599057;597
1620231188.2029368877;0.0344880755;-1.4035728916;2.2034497438;0.7163861349;-0.0132660829;0.0093263521;0.6975155453;1620231188.1947050095;-0.0537445102;5.2450487177;1.4840681340;0.7068054799;0.0062778363;0.0072007864;-0.7073434463;598;1620231188.225570345;598
1620231188.2114291191;0.0348676150;-1.4037851543;2.2039676030;0.7163288013;-0.0137277173;0.0091024661;0.6975684506;1620231188.2029609680;-0.0537130844;5.2450493991;1.4840604153;0.7068050182;0.0062846631;0.0072003498;-0.7073438515;598;1620231188.225570345;598
1620231188.2270300388;0.0354349012;-1.4043267794;2.2047950360;0.7158548130;-0.0134185629;0.0099749709;0.6980489445;1620231188.2114570141;-0.0537212169;5.2450517346;1.4840609280;0.7068064429;0.0062851527;0.0072065020;-0.7073423608;598;1620231188.225570345;598
1620231188.2442131042;0.0363104723;-1.4047372685;2.2054719130;0.7156914267;-0.0130892904;0.0107589007;0.6982110700;1620231188.2270400524;-0.0537204057;5.2450455791;1.4840639594;0.7068047621;0.0062781290;0.0071955224;-0.7073442145;599;1620231188.277513025;599
1620231188.2521638870;0.0365991985;-1.4049647168;2.2058402025;0.7156541143;-0.0132272194;0.0109458414;0.6982438098;1620231188.2442429066;-0.0537162890;5.2450536132;1.4840611312;0.7068052916;0.0062856929;0.0072062883;-0.7073435087;599;1620231188.277513025;599
1620231188.2609341145;0.0369420910;-1.4051554573;2.2062292313;0.7155422932;-0.0133784838;0.0111823437;0.6983517724;1620231188.2521920204;-0.0537221062;5.2450458389;1.4840663557;0.7068036782;0.0062748278;0.0071936605;-0.7073453458;599;1620231188.277513025;599
1620231188.2690429688;0.0374327765;-1.4053699267;2.2064593969;0.7156258295;-0.0136302949;0.0117578630;0.6982518455;1620231188.2609720230;-0.0537186215;5.2450569582;1.4840671268;0.7068038210;0.0062848001;0.0072041059;-0.7073450083;600;1620231188.303484425;600
1620231188.2856020927;0.0381704959;-1.4057933464;2.2071703765;0.7157358778;-0.0143151298;0.0117483914;0.6981254942;1620231188.2690539360;-0.0537184162;5.2450553438;1.4840650659;0.7068038303;0.0062858718;0.0072046103;-0.7073449844;600;1620231188.303484425;600
1620231188.2943699360;0.0385764352;-1.4060397080;2.2074796792;0.7158143510;-0.0147177287;0.0118132594;0.6980355652;1620231188.2856209278;-0.0537179536;5.2450615231;1.4840638724;0.7068043152;0.0062937519;0.0072100132;-0.7073443747;600;1620231188.303484425;600
1620231188.3016390800;0.0390226133;-1.4061991945;2.2078675718;0.7162033512;-0.0145049624;0.0118206864;0.6976407651;1620231188.2943990231;-0.0537490040;5.2450608320;1.4840695550;0.7068057979;0.0062883052;0.0072114320;-0.7073429271;600;1620231188.303484425;600
1620231188.3100008965;0.0393159813;-1.4063995203;2.2082936344;0.7160255355;-0.0144977835;0.0116000333;0.6978271176;1620231188.3016541004;-0.0537175823;5.2450524142;1.4840619137;0.7068049060;0.0062836520;0.0072016169;-0.7073439597;601;1620231188.355427137;601
1620231188.3265669346;0.0402255595;-1.4068514900;2.2090137242;0.7164259829;-0.0152176314;0.0109675521;0.6974108886;1620231188.3100159168;-0.0537120911;5.2450580450;1.4840672631;0.7068035547;0.0062860042;0.0072024745;-0.7073452803;601;1620231188.355427137;601
1620231188.3435049057;0.0409508626;-1.4072382377;2.2097128499;0.7164207197;-0.0152640194;0.0105522778;0.6974216884;1620231188.3265829086;-0.0537054451;5.2450547099;1.4840683999;0.7068023933;0.0062772977;0.0071946206;-0.7073465981;601;1620231188.355427137;601
1620231188.3516530991;0.0413591051;-1.4074146943;2.2101402281;0.7164299411;-0.0151294153;0.0102139532;0.6974201857;1620231188.3435239792;-0.0537113514;5.2450603807;1.4840624049;0.7068037296;0.0062875261;0.0071997178;-0.7073451201;602;1620231188.381398457;602
1620231188.3605079651;0.0416511162;-1.4076475027;2.2104562048;0.7163373866;-0.0150857579;0.0103276773;0.6975145214;1620231188.3516640663;-0.0537137294;5.2450589569;1.4840639020;0.7068047119;0.0062875389;0.0072025215;-0.7073441099;602;1620231188.381398457;602
1620231188.3687529564;0.0420962440;-1.4078577010;2.2107850435;0.7164205096;-0.0152401570;0.0101697689;0.6974281088;1620231188.3605260849;-0.0537321458;5.2450624359;1.4840711146;0.7068036854;0.0062858271;0.0072008185;-0.7073451681;602;1620231188.381398457;602
1620231188.3848609924;0.0427446499;-1.4078606691;2.2121022941;0.7160832609;-0.0136125884;0.0089019138;0.6978253484;1620231188.3687698841;-0.0537098680;5.2450563592;1.4840672576;0.7068059776;0.0062865923;0.0072007437;-0.7073428717;602;1620231188.381398457;602
1620231188.3936660290;0.0432612650;-1.4080810879;2.2123260410;0.7159049624;-0.0138361089;0.0091848125;0.6980002049;1620231188.3848779202;-0.0537030994;5.2450586689;1.4840696886;0.7068025460;0.0062814216;0.0071968978;-0.7073463857;603;1620231188.433341177;603
1620231188.4018080235;0.0435908929;-1.4082521141;2.2126314401;0.7158249827;-0.0135143848;0.0097414149;0.6980809841;1620231188.3936839104;-0.0537108733;5.2450586259;1.4840695051;0.7067997752;0.0062787432;0.0071977471;-0.7073491695;603;1620231188.433341177;603
1620231188.4106760025;0.0441496127;-1.4083696309;2.2129505967;0.7158540555;-0.0134133118;0.0098595437;0.6980514621;1620231188.4018371105;-0.0537106666;5.2450565385;1.4840711188;0.7068013056;0.0062786491;0.0071974206;-0.7073476444;603;1620231188.433341177;603
1620231188.4270579815;0.0448267984;-1.4086922034;2.2135444895;0.7154354084;-0.0134366002;0.0102120997;0.6984750154;1620231188.4106950760;-0.0537105605;5.2450542178;1.4840711056;0.7068025532;0.0062771249;0.0071934618;-0.7073464516;603;1620231188.433341177;603
1620231188.4350719452;0.0451897997;-1.4088390684;2.2138525673;0.7153341200;-0.0134359133;0.0102066171;0.6985788416;1620231188.4270761013;-0.0537079249;5.2450659439;1.4840711418;0.7068016288;0.0062886084;0.0072038149;-0.7073471679;604;1620231188.459312569;604
1620231188.4438109398;0.0456889588;-1.4089812201;2.2141212440;0.7153443438;-0.0135817149;0.0101167267;0.6985668605;1620231188.4350891113;-0.0537052553;5.2450686447;1.4840747819;0.7068017631;0.0062921267;0.0072057424;-0.7073469828;604;1620231188.459312569;604
1620231188.4515759945;0.0460228776;-1.4091451297;2.2144573018;0.7152957576;-0.0134181641;0.0103125652;0.6986169072;1620231188.4438290596;-0.0537098640;5.2450641516;1.4840748651;0.7068027045;0.0062843390;0.0072030944;-0.7073461383;604;1620231188.459312569;604
1620231188.4600389004;0.0464750702;-1.4092789597;2.2147532549;0.7153014547;-0.0132787769;0.0103627701;0.6986129944;1620231188.4515910149;-0.0537090984;5.2450609360;1.4840780444;0.7067992050;0.0062772450;0.0071987127;-0.7073497428;604;1620231188.459312569;604
1620231188.4681220055;0.0469907791;-1.4094389523;2.2150361844;0.7153446522;-0.0133541323;0.0102057700;0.6985696372;1620231188.4600560665;-0.0537023343;5.2450698059;1.4840742121;0.7068002570;0.0062863700;0.0072070033;-0.7073485261;605;1620231188.511255337;605
1620231188.4848539829;0.0480558949;-1.4098354455;2.2155197909;0.7154484224;-0.0134523150;0.0102253687;0.6984611886;1620231188.4681389332;-0.0537039641;5.2450678775;1.4840743567;0.7068018320;0.0062910206;0.0072070260;-0.7073469107;605;1620231188.511255337;605
1620231188.4934859276;0.0484851241;-1.4099672233;2.2157937902;0.7156042229;-0.0133422014;0.0100496108;0.6983062274;1620231188.4848709106;-0.0537095374;5.2450597026;1.4840692603;0.7067998281;0.0062824737;0.0072014091;-0.7073490462;605;1620231188.511255337;605
1620231188.5014541149;0.0489373360;-1.4100532704;2.2161603909;0.7156009569;-0.0133037891;0.0095244628;0.6983176672;1620231188.4935030937;-0.0537086603;5.2450604652;1.4840678506;0.7068021746;0.0062898412;0.0072021726;-0.7073466283;605;1620231188.511255337;605
1620231188.5099549294;0.0493883999;-1.4101895569;2.2164559765;0.7156343058;-0.0132863645;0.0094076394;0.6982854067;1620231188.5014710426;-0.0537104001;5.2450678239;1.4840656037;0.7068016334;0.0062968400;0.0072164477;-0.7073469613;606;1620231188.537226633;606
1620231188.5268959999;0.0502965862;-1.4104549586;2.2170262181;0.7157181103;-0.0134422746;0.0091813088;0.6981995384;1620231188.5099749565;-0.0537335590;5.2450703284;1.4840752520;0.7067998067;0.0062935242;0.0072159144;-0.7073488216;606;1620231188.537226633;606
1620231188.5349531174;0.0508187095;-1.4105514375;2.2173117476;0.7158140938;-0.0135772043;0.0089875705;0.6981010430;1620231188.5269129276;-0.0537101697;5.2450582072;1.4840717817;0.7068016124;0.0062870768;0.0072067014;-0.7073471685;606;1620231188.537226633;606
1620231188.5432350636;0.0512670454;-1.4106631863;2.2175634381;0.7157789733;-0.0137049785;0.0088896764;0.6981358096;1620231188.5349678993;-0.0537210581;5.2450585964;1.4840727251;0.7068015446;0.0062881233;0.0072066104;-0.7073472279;606;1620231188.537226633;606
1620231188.5517020226;0.0516978505;-1.4107681486;2.2178045942;0.7157025155;-0.0138394804;0.0087548363;0.6982132417;1620231188.5432510376;-0.0537051365;5.2450530605;1.4840709173;0.7068029163;0.0062886592;0.0072057069;-0.7073458617;607;1620231188.589169313;607
1620231188.5599060059;0.0521877572;-1.4109035680;2.2179950406;0.7157762699;-0.0139240257;0.0088546531;0.6981346920;1620231188.5517120361;-0.0537226095;5.2450650255;1.4840734073;0.7068013176;0.0062984011;0.0072150237;-0.7073472775;607;1620231188.589169313;607
1620231188.5694320202;0.0526600841;-1.4110390543;2.2182427042;0.7157593659;-0.0139870040;0.0087367303;0.6981522494;1620231188.5599238873;-0.0537136590;5.2450550660;1.4840716051;0.7068022863;0.0062843723;0.0072045134;-0.7073465415;607;1620231188.589169313;607
1620231188.5860528946;0.0535871686;-1.4113042369;2.2186826738;0.7157079440;-0.0139861224;0.0085620514;0.6982071459;1620231188.5694470406;-0.0537032561;5.2450554209;1.4840700286;0.7068027758;0.0062918829;0.0072083887;-0.7073459461;607;1620231188.589169313;607
1620231188.5945179462;0.0541632589;-1.4114084850;2.2189530905;0.7156314463;-0.0140089285;0.0082924821;0.6982883486;1620231188.5860679150;-0.0537094766;5.2450464402;1.4840747448;0.7068015012;0.0062775576;0.0071972024;-0.7073474609;608;1620231188.615140641;608
1620231188.6018290520;0.0546368225;-1.4115640335;2.2191641876;0.7156079300;-0.0140707024;0.0082268646;0.6983119822;1620231188.5945339203;-0.0537359610;5.2450601843;1.4840766836;0.7068032125;0.0062894013;0.0072116730;-0.7073454983;608;1620231188.615140641;608
1620231188.6107470989;0.0550560911;-1.4116975931;2.2194471962;0.7155063903;-0.0137530608;0.0083664866;0.6984206903;1620231188.6018381119;-0.0537133408;5.2450616750;1.4840700536;0.7068038468;0.0062924255;0.0072139402;-0.7073448145;608;1620231188.615140641;608
1620231188.6276800632;0.0560335740;-1.4119490953;2.2199509784;0.7155232995;-0.0132851651;0.0084957625;0.6984108636;1620231188.6107618809;-0.0537322355;5.2450690685;1.4840720528;0.7068038873;0.0062982641;0.0072194716;-0.7073446656;608;1620231188.615140641;608
1620231188.6350960732;0.0565157664;-1.4120644452;2.2202093200;0.7153691146;-0.0128637820;0.0086360086;0.6985749583;1620231188.6277189255;-0.0537315264;5.2450645223;1.4840715188;0.7068037241;0.0062957313;0.0072135993;-0.7073449112;609;1620231188.667083449;609
1620231188.6435260773;0.0570253190;-1.4121487790;2.2204639187;0.7152649173;-0.0125437531;0.0086555797;0.6986872213;1620231188.6351099014;-0.0537077461;5.2450718106;1.4840670011;0.7068052948;0.0063024289;0.0072214709;-0.7073432017;609;1620231188.667083449;609
1620231188.6520171165;0.0575468073;-1.4122751104;2.2206768359;0.7151814390;-0.0123657497;0.0087547437;0.6987746074;1620231188.6435420513;-0.0537354972;5.2450683142;1.4840768417;0.7068021873;0.0062914418;0.0072130537;-0.7073464905;609;1620231188.667083449;609
1620231188.6603739262;0.0580586994;-1.4124064060;2.2208491445;0.7150364906;-0.0122934248;0.0089313754;0.6989219694;1620231188.6520359516;-0.0537412698;5.2450701603;1.4840753937;0.7068046378;0.0062947629;0.0072178163;-0.7073439637;609;1620231188.667083449;609
1620231188.6682341099;0.0586795063;-1.4125203106;2.2209213116;0.7151982335;-0.0123039358;0.0094303911;0.6987497175;1620231188.6603860855;-0.0537120375;5.2450617523;1.4840713084;0.7068009344;0.0062848446;0.0072062130;-0.7073478709;610;1620231188.693054729;610
1620231188.6850090027;0.0596546119;-1.4126645023;2.2213523029;0.7148556833;-0.0122147392;0.0095182610;0.6991005328;1620231188.6682488918;-0.0537167085;5.2450633573;1.4840697668;0.7068027861;0.0062867810;0.0072084283;-0.7073459808;610;1620231188.693054729;610
1620231188.6936531067;0.0600840376;-1.4127935034;2.2214566848;0.7148397299;-0.0122765919;0.0099136659;0.6991102667;1620231188.6850249767;-0.0537120038;5.2450733261;1.4840640992;0.7068015528;0.0062959036;0.0072151175;-0.7073470638;610;1620231188.693054729;610
1620231188.7019200325;0.0605977883;-1.4128689557;2.2216264557;0.7149129390;-0.0123763065;0.0100224555;0.6990320930;1620231188.6936910152;-0.0537088103;5.2450650375;1.4840602442;0.7068029126;0.0062942928;0.0072087891;-0.7073457839;610;1620231188.693054729;610
1620231188.7108850479;0.0612232714;-1.4129152811;2.2218193549;0.7148240495;-0.0126041956;0.0098189324;0.6991218070;1620231188.7019579411;-0.0537049913;5.2450786608;1.4840619187;0.7068008596;0.0062995272;0.0072144571;-0.7073477310;611;1620231188.744997505;611
1620231188.7196710110;0.0616526455;-1.4130517499;2.2219787729;0.7147023841;-0.0127306854;0.0099183619;0.6992424886;1620231188.7109019756;-0.0537318858;5.2450756022;1.4840662543;0.7068021227;0.0062964705;0.0072139865;-0.7073465008;611;1620231188.744997505;611
1620231188.7360849380;0.0628604835;-1.4132506085;2.2223250471;0.7150226018;-0.0131756475;0.0093943748;0.6989140340;1620231188.7196869850;-0.0537091625;5.2450841609;1.4840633777;0.7067985140;0.0062986073;0.0072147398;-0.7073500800;611;1620231188.744997505;611
1620231188.7442209721;0.0635711016;-1.4133614668;2.2223953085;0.7153652765;-0.0135155472;0.0093516120;0.6985573695;1620231188.7361009121;-0.0537113801;5.2450821974;1.4840609794;0.7067992840;0.0062985522;0.0072169599;-0.7073492884;612;1620231188.770968857;612
1620231188.7522079945;0.0641525474;-1.4134776398;2.2226311073;0.7155300118;-0.0137401150;0.0089098056;0.6983900248;1620231188.7442378998;-0.0537118492;5.2450747908;1.4840600819;0.7068014155;0.0062944415;0.0072076260;-0.7073472904;612;1620231188.770968857;612
1620231188.7605628967;0.0648872316;-1.4135514383;2.2229154768;0.7159012906;-0.0137283874;0.0083613163;0.6980164482;1620231188.7522180080;-0.0537154761;5.2450714840;1.4840575053;0.7067997992;0.0062826837;0.0072006198;-0.7073490813;612;1620231188.770968857;612
1620231188.7686100006;0.0654298257;-1.4136639085;2.2230902419;0.7158861541;-0.0135641447;0.0084329204;0.6980343217;1620231188.7605769634;-0.0537442391;5.2450725640;1.4840643588;0.7068021767;0.0062866847;0.0072055902;-0.7073466195;612;1620231188.770968857;612
1620231188.7863850594;0.0664950667;-1.4138385660;2.2233485120;0.7157552103;-0.0136549643;0.0084791641;0.6981662586;1620231188.7686259747;-0.0537164662;5.2450730288;1.4840613282;0.7068003678;0.0062847335;0.0072000766;-0.7073485005;613;1620231188.822911537;613
1620231188.7938909531;0.0671290100;-1.4139542850;2.2234508670;0.7157285443;-0.0138638279;0.0084793769;0.6981894767;1620231188.7864379883;-0.0537519080;5.2450722734;1.4840665888;0.7068019653;0.0062866748;0.0072069606;-0.7073468168;613;1620231188.822911537;613
1620231188.8027639389;0.0675912537;-1.4140343938;2.2236470586;0.7156440056;-0.0137858937;0.0084776277;0.6982776927;1620231188.7939009666;-0.0537163316;5.2450734219;1.4840626498;0.7067992737;0.0062872382;0.0072025659;-0.7073495461;613;1620231188.822911537;613
1620231188.8102591038;0.0681140138;-1.4141576553;2.2237753704;0.7155492101;-0.0139030929;0.0084808143;0.6983724706;1620231188.8027799129;-0.0537433771;5.2450770848;1.4840648305;0.7068019315;0.0062917130;0.0072097294;-0.7073467776;613;1620231188.822911537;613
1620231188.8200430870;0.0686337896;-1.4142255858;2.2239757443;0.7154977731;-0.0137118978;0.0085022060;0.6984286886;1620231188.8103001118;-0.0537203536;5.2450731413;1.4840602285;0.7067994619;0.0062869897;0.0072047121;-0.7073493384;614;1620231188.848882873;614
1620231188.8360860348;0.0698426359;-1.4143485225;2.2243199484;0.7154017014;-0.0134743110;0.0085213830;0.6985314844;1620231188.8201129436;-0.0537296997;5.2450723532;1.4840589674;0.7068019629;0.0062918169;0.0072099431;-0.7073467431;614;1620231188.848882873;614
1620231188.8436300755;0.0702629184;-1.4144751817;2.2244498182;0.7151920213;-0.0134608556;0.0086911627;0.6987443321;1620231188.8361010551;-0.0537180666;5.2450783350;1.4840570566;0.7068011396;0.0062952935;0.0072099963;-0.7073475343;614;1620231188.848882873;614
1620231188.8605470657;0.0714306464;-1.4146284528;2.2247981373;0.7149889813;-0.0134253348;0.0087759264;0.6989517151;1620231188.8436460495;-0.0537244968;5.2450782572;1.4840606536;0.7068026014;0.0062992166;0.0072133949;-0.7073460040;615;1620231188.900825585;615
1620231188.8775789738;0.0726356964;-1.4147570003;2.2252651946;0.7148854242;-0.0129555033;0.0086302716;0.6990683112;1620231188.8605580330;-0.0537483524;5.2450836162;1.4840672935;0.7068012125;0.0062990507;0.0072184527;-0.7073473418;615;1620231188.900825585;615
1620231188.8853049278;0.0731807877;-1.4148829266;2.2253960847;0.7147298602;-0.0127936396;0.0087918027;0.6992283275;1620231188.8775959015;-0.0537342126;5.2450750455;1.4840656019;0.7067993115;0.0062853061;0.0072061286;-0.7073494892;615;1620231188.900825585;615
1620231188.8943660259;0.0737379748;-1.4150765659;2.2255221040;0.7143983003;-0.0129353196;0.0089029237;0.6995630664;1620231188.8853459358;-0.0537116740;5.2450708280;1.4840583373;0.7067971439;0.0062862604;0.0072023058;-0.7073516856;616;1620231188.926796969;616
1620231188.9011590481;0.0741968298;-1.4151916548;2.2256666986;0.7142779078;-0.0126130040;0.0091966288;0.6996880766;1620231188.8943829536;-0.0537348434;5.2450717622;1.4840583001;0.7067977302;0.0062876209;0.0072055280;-0.7073510548;616;1620231188.926796969;616
1620231188.9099199772;0.0749449210;-1.4152168977;2.2258721632;0.7142582256;-0.0124015980;0.0091729237;0.6997122587;1620231188.9011690617;-0.0537121568;5.2450669010;1.4840557531;0.7067976838;0.0062841288;0.0071994794;-0.7073511939;616;1620231188.926796969;616
1620231188.9179780483;0.0755786090;-1.4152683513;2.2260191424;0.7143458976;-0.0122403085;0.0094383786;0.6996220625;1620231188.9099359512;-0.0537313241;5.2450646865;1.4840581376;0.7067970495;0.0062802488;0.0071983107;-0.7073518740;616;1620231188.926796969;616
1620231188.9270370007;0.0761949001;-1.4153424626;2.2260958180;0.7144225641;-0.0124597005;0.0096029994;0.6995376603;1620231188.9179890156;-0.0537088564;5.2450659821;1.4840537086;0.7067971761;0.0062854887;0.0072012901;-0.7073516706;617;1620231188.952768265;617
1620231188.9438929558;0.0774600190;-1.4155012872;2.2262287093;0.7142963578;-0.0128702722;0.0102316243;0.6996501863;1620231188.9270529747;-0.0537070871;5.2450604775;1.4840558715;0.7067985042;0.0062823009;0.0071958667;-0.7073504270;617;1620231188.952768265;617
1620231188.9520750046;0.0780670254;-1.4155988884;2.2262531164;0.7142596545;-0.0133634397;0.0104124429;0.6996757431;1620231188.9439189434;-0.0537095211;5.2450576194;1.4840530198;0.7067988342;0.0062826474;0.0071991977;-0.7073500603;617;1620231188.952768265;617
1620231188.9605009556;0.0786083788;-1.4154042424;2.2269604405;0.7143153069;-0.0126945163;0.0090408885;0.6996504512;1620231188.9521009922;-0.0537075031;5.2450467377;1.4840529427;0.7067980756;0.0062729403;0.0071862809;-0.7073510358;618;1620231189.004710977;618
1620231188.9689800739;0.0792397581;-1.4154974699;2.2270914795;0.7143438338;-0.0129913547;0.0089912223;0.6996165162;1620231188.9605269432;-0.0537345267;5.2450632986;1.4840584365;0.7067966063;0.0062815318;0.0072027212;-0.7073522605;618;1620231189.004710977;618
1620231188.9850549698;0.0805770414;-1.4156220924;2.2273869311;0.7144045361;-0.0129984220;0.0087353070;0.6995576418;1620231188.9690051079;-0.0537284129;5.2450581214;1.4840581673;0.7067965315;0.0062791555;0.0071958443;-0.7073524263;618;1620231189.004710977;618
1620231188.9935419559;0.0812441378;-1.4157140874;2.2275547606;0.7145287518;-0.0131102622;0.0085182428;0.6994313572;1620231188.9850780964;-0.0537101671;5.2450423152;1.4840522395;0.7067987590;0.0062676216;0.0071791866;-0.7073504722;618;1620231189.004710977;618
1620231189.0020210743;0.0818422544;-1.4157772853;2.2277078664;0.7145271745;-0.0128267230;0.0084816163;0.6994386708;1620231188.9935541153;-0.0537167842;5.2450364150;1.4840532263;0.7068001073;0.0062652027;0.0071769995;-0.7073491686;619;1620231189.030682361;619
1620231189.0106160641;0.0825447576;-1.4158940564;2.2278852415;0.7145730688;-0.0130386262;0.0082358243;0.6993908026;1620231189.0020461082;-0.0537159911;5.2450404663;1.4840568583;0.7067963992;0.0062636297;0.0071802126;-0.7073528551;619;1620231189.030682361;619
1620231189.0187819004;0.0832201722;-1.4159460130;2.2280801953;0.7147376644;-0.0129255356;0.0079781347;0.6992276818;1620231189.0106399059;-0.0537327823;5.2450436760;1.4840607260;0.7067994604;0.0062720330;0.0071840485;-0.7073496829;619;1620231189.030682361;619
1620231189.0358760357;0.0843967660;-1.4161379985;2.2283590391;0.7145522081;-0.0128725482;0.0078199763;0.6994199649;1620231189.0188059807;-0.0537194203;5.2450452687;1.4840555523;0.7067995647;0.0062757198;0.0071918469;-0.7073494667;619;1620231189.030682361;619
1620231189.0438230038;0.0850782612;-1.4162218799;2.2284954362;0.7145504626;-0.0127925436;0.0077360678;0.6994241492;1620231189.0359001160;-0.0537211093;5.2450443639;1.4840550966;0.7067992070;0.0062685772;0.0071857812;-0.7073499491;620;1620231189.082625057;620
1620231189.0517759323;0.0857177701;-1.4162948484;2.2286732310;0.7145029700;-0.0124254186;0.0077478631;0.6994791530;1620231189.0438570976;-0.0537159114;5.2450415498;1.4840566867;0.7067982060;0.0062651910;0.0071827684;-0.7073510099;620;1620231189.082625057;620
1620231189.0601320267;0.0864669890;-1.4163968091;2.2288074071;0.7146128396;-0.0123561492;0.0080449803;0.6993647785;1620231189.0518000126;-0.0537215126;5.2450410141;1.4840549774;0.7067999007;0.0062668869;0.0071837791;-0.7073492912;620;1620231189.082625057;620
1620231189.0771760941;0.0877677507;-1.4164653254;2.2291386064;0.7144247649;-0.0113220709;0.0084442000;0.6995696974;1620231189.0601561069;-0.0537253197;5.2450431253;1.4840563904;0.7067992212;0.0062654464;0.0071860630;-0.7073499598;621;1620231189.108596425;621
1620231189.0854699612;0.0883497962;-1.4165476312;2.2292097242;0.7141101828;-0.0111106576;0.0088108602;0.6998896834;1620231189.0772008896;-0.0537261919;5.2450494297;1.4840571307;0.7067964864;0.0062730387;0.0071923974;-0.7073525607;621;1620231189.108596425;621
1620231189.0937008858;0.0890363572;-1.4166139373;2.2292999205;0.7140545858;-0.0111204634;0.0088979780;0.6999451477;1620231189.0854930878;-0.0537222184;5.2450439796;1.4840597376;0.7067984140;0.0062657740;0.0071842167;-0.7073507822;621;1620231189.108596425;621
1620231189.1021358967;0.0897663774;-1.4166843183;2.2293410436;0.7140657287;-0.0112354609;0.0091373427;0.6999288596;1620231189.0937130451;-0.0537206718;5.2450569013;1.4840570125;0.7067999888;0.0062863481;0.0071995387;-0.7073488703;621;1620231189.108596425;621
1620231189.1103971004;0.0904366849;-1.4167339248;2.2293763479;0.7138716699;-0.0110901903;0.0097042056;0.7001214716;1620231189.1021490097;-0.0537187541;5.2450435622;1.4840581155;0.7068010086;0.0062701710;0.0071857369;-0.7073481352;622;1620231189.134567809;622
1620231189.1183919907;0.0910712066;-1.4167987117;2.2294410733;0.7137675117;-0.0115189619;0.0096894621;0.7002209417;1620231189.1104080677;-0.0537222229;5.2450563933;1.4840574069;0.7067974123;0.0062792613;0.0071935737;-0.7073515685;622;1620231189.134567809;622
1620231189.1354660988;0.0923877900;-1.4169088942;2.2295801343;0.7136974328;-0.0119797523;0.0096800669;0.7002847680;1620231189.1184151173;-0.0537249546;5.2450502858;1.4840591360;0.7067966013;0.0062701484;0.0071874957;-0.7073525214;622;1620231189.134567809;622
1620231189.1440939903;0.0931124279;-1.4169725616;2.2296702129;0.7137972641;-0.0121332272;0.0096909837;0.7001802164;1620231189.1354761124;-0.0537225790;5.2450470221;1.4840599981;0.7067967552;0.0062699619;0.0071840243;-0.7073524045;622;1620231189.134567809;622
1620231189.1526119709;0.0938299819;-1.4170592886;2.2297335321;0.7138680889;-0.0123323270;0.0097224686;0.7001040915;1620231189.1441190243;-0.0537202829;5.2450454420;1.4840573476;0.7067984075;0.0062711144;0.0071851626;-0.7073507318;623;1620231189.186510457;623
1620231189.1610538960;0.0945433199;-1.4171054794;2.2299100344;0.7134704898;-0.0124962841;0.0093828642;0.7005110027;1620231189.1526360512;-0.0537184162;5.2450481281;1.4840624107;0.7067947293;0.0062691139;0.0071843509;-0.7073544331;623;1620231189.186510457;623
1620231189.1690618992;0.0951556775;-1.4171835245;2.2300607210;0.7132897599;-0.0125673121;0.0092199413;0.7006959211;1620231189.1610779762;-0.0537173251;5.2450397610;1.4840657545;0.7067971469;0.0062607114;0.0071779215;-0.7073521571;623;1620231189.186510457;623
1620231189.1853499413;0.0967358232;-1.4173255404;2.2303601702;0.7135881664;-0.0127326428;0.0081650669;0.7004021276;1620231189.1690869331;-0.0537133901;5.2450401288;1.4840628865;0.7067965590;0.0062641508;0.0071741617;-0.7073527522;624;1620231189.212481801;624
1620231189.1938390732;0.0974065380;-1.4174344951;2.2305065342;0.7135700744;-0.0126879796;0.0079755737;0.7004235535;1620231189.1853759289;-0.0537128989;5.2450409891;1.4840603740;0.7067966387;0.0062654384;0.0071789974;-0.7073526121;624;1620231189.212481801;624
1620231189.2018721104;0.0981724050;-1.4174863190;2.2306872884;0.7136393597;-0.0127197246;0.0073009176;0.7003597429;1620231189.1938629150;-0.0537479176;5.2450483670;1.4840642037;0.7068025183;0.0062707562;0.0071887587;-0.7073465908;624;1620231189.212481801;624
1620231189.2108449936;0.0989754479;-1.4175546175;2.2308185263;0.7139235599;-0.0125451662;0.0070857923;0.7000753966;1620231189.2018969059;-0.0537195283;5.2450439695;1.4840585862;0.7067997932;0.0062716762;0.0071865242;-0.7073493283;624;1620231189.212481801;624
1620231189.2271780968;0.1003144258;-1.4177318703;2.2309804629;0.7138069250;-0.0123548275;0.0072841698;0.7001956677;1620231189.2108700275;-0.0537272563;5.2450432677;1.4840615589;0.7067977115;0.0062693652;0.0071879777;-0.7073514142;625;1620231189.264424505;625
1620231189.2345321178;0.1010266267;-1.4178007458;2.2311066201;0.7137416792;-0.0122182030;0.0073246754;0.7002641502;1620231189.2272019386;-0.0537506055;5.2450539349;1.4840698489;0.7067984541;0.0062734155;0.0071962851;-0.7073505517;625;1620231189.264424505;625
1620231189.2439959049;0.1016801247;-1.4178332656;2.2312321398;0.7134992008;-0.0118440171;0.0076915565;0.7005137042;1620231189.2345430851;-0.0537213494;5.2450594209;1.4840643600;0.7067997748;0.0062835224;0.0072047390;-0.7073490562;625;1620231189.264424505;625
1620231189.2517719269;0.1026571513;-1.4178915372;2.2313525171;0.7136590491;-0.0120140230;0.0072668890;0.7003524950;1620231189.2440209389;-0.0537212779;5.2450611660;1.4840659380;0.7067980281;0.0062790810;0.0071993241;-0.7073508962;626;1620231189.290395889;626
1620231189.2607049942;0.1033552914;-1.4179966009;2.2313708081;0.7132318489;-0.0120174204;0.0077663228;0.7007821313;1620231189.2517960072;-0.0537223800;5.2450527575;1.4840651243;0.7067999465;0.0062736941;0.0071904479;-0.7073491174;626;1620231189.290395889;626
1620231189.2687830925;0.1041452707;-1.4180467113;2.2314912360;0.7131664267;-0.0118570221;0.0079700830;0.7008491540;1620231189.2607290745;-0.0537505337;5.2450595593;1.4840715821;0.7068004574;0.0062780103;0.0071962982;-0.7073485091;626;1620231189.290395889;626
1620231189.2851240635;0.1053426110;-1.4182094802;2.2316352395;0.7126570796;-0.0115878674;0.0085970240;0.7013641703;1620231189.2688069344;-0.0537284804;5.2450547019;1.4840672560;0.7067997625;0.0062765481;0.0071929254;-0.7073492507;626;1620231189.290395889;626
1620231189.2940380573;0.1061610557;-1.4182638216;2.2316843683;0.7128018150;-0.0116182581;0.0089595677;0.7012120327;1620231189.2851479053;-0.0537306045;5.2450632232;1.4840672126;0.7068017782;0.0062824337;0.0071979492;-0.7073471332;627;1620231189.316367249;627
1620231189.3017039299;0.1069144692;-1.4183707091;2.2316874381;0.7126263656;-0.0119766519;0.0090879770;0.7013826570;1620231189.2940580845;-0.0537293163;5.2450620078;1.4840698642;0.7068001207;0.0062777729;0.0071933872;-0.7073488772;627;1620231189.316367249;627
1620231189.3108069897;0.1076775434;-1.4184270235;2.2317600443;0.7125147982;-0.0120538547;0.0092808338;0.7014921476;1620231189.3017270565;-0.0537204405;5.2450586068;1.4840730388;0.7068012715;0.0062773250;0.0071888656;-0.7073477773;627;1620231189.316367249;627
1620231189.3263878822;0.1090052171;-1.4185415825;2.2320368802;0.7122964000;-0.0119341355;0.0093655375;0.7017148293;1620231189.3108339310;-0.0537214611;5.2450672934;1.4840738190;0.7067998058;0.0062806617;0.0071982565;-0.7073491167;627;1620231189.316367249;627
1620231189.3346400261;0.1098211864;-1.4186490356;2.2321068749;0.7122661227;-0.0119188905;0.0095207315;0.7017437326;1620231189.3264050484;-0.0537187861;5.2450666537;1.4840723284;0.7068004458;0.0062820281;0.0071977876;-0.7073484699;628;1620231189.368309985;628
1620231189.3440489769;0.1107748916;-1.4187085781;2.2322532592;0.7125552605;-0.0118966063;0.0092581657;0.7014540312;1620231189.3346500397;-0.0537225870;5.2450650277;1.4840738773;0.7067998200;0.0062791911;0.0071997590;-0.7073491003;628;1620231189.368309985;628
1620231189.3516080379;0.1114812461;-1.4187789337;2.2323967576;0.7125218468;-0.0116622943;0.0092377417;0.7014921759;1620231189.3440749645;-0.0537229686;5.2450662855;1.4840719905;0.7068010129;0.0062821931;0.0072007282;-0.7073478718;628;1620231189.368309985;628
1620231189.3598289490;0.1123029148;-1.4188720732;2.2324506165;0.7125238409;-0.0117275817;0.0092109620;0.7014894142;1620231189.3516249657;-0.0537210373;5.2450638612;1.4840683928;0.7068026144;0.0062849242;0.0071986686;-0.7073462682;629;1620231189.394281337;629
1620231189.3681509495;0.1129713493;-1.4189402844;2.2326469186;0.7124044152;-0.0112596143;0.0092919147;0.7016172964;1620231189.3598470688;-0.0537195525;5.2450631613;1.4840675929;0.7068014478;0.0062804974;0.0071989229;-0.7073474707;629;1620231189.394281337;629
1620231189.3848860264;0.1146684678;-1.4190981570;2.2327542679;0.7125268353;-0.0114478865;0.0093770026;0.7014887929;1620231189.3681669235;-0.0537247870;5.2450662621;1.4840658003;0.7068002412;0.0062818016;0.0072004523;-0.7073486492;629;1620231189.394281337;629
1620231189.3934080601;0.1155417110;-1.4191591903;2.2327783653;0.7125703619;-0.0119471543;0.0090931587;0.7014399899;1620231189.3849010468;-0.0537209903;5.2450657906;1.4840689457;0.7067999706;0.0062801610;0.0072011661;-0.7073489269;629;1620231189.394281337;629
1620231189.4012410641;0.1162036233;-1.4192130318;2.2328915163;0.7123406641;-0.0120427230;0.0090375577;0.7016723406;1620231189.3934259415;-0.0537218023;5.2450645970;1.4840705440;0.7068009767;0.0062806079;0.0072004038;-0.7073479254;630;1620231189.446223969;630
1620231189.4098699093;0.1170377065;-1.4192937538;2.2328771025;0.7124871393;-0.0123109141;0.0093212866;0.7015152396;1620231189.4012560844;-0.0537249557;5.2450657354;1.4840746576;0.7067992943;0.0062778164;0.0072007768;-0.7073496274;630;1620231189.446223969;630
1620231189.4266180992;0.1187807870;-1.4194451987;2.2329983464;0.7125671448;-0.0130180749;0.0087402418;0.7014286864;1620231189.4098870754;-0.0537201027;5.2450626191;1.4840691627;0.7068012898;0.0062782040;0.0071970891;-0.7073476675;630;1620231189.446223969;630
1620231189.4347660542;0.1194915288;-1.4195219044;2.2331375029;0.7125027588;-0.0130879999;0.0084406865;0.7014964559;1620231189.4266340733;-0.0537155913;5.2450539929;1.4840701543;0.7067967175;0.0062670267;0.0071833818;-0.7073524748;631;1620231189.472195433;631
1620231189.4434061050;0.1202241237;-1.4196031763;2.2332994180;0.7124262634;-0.0128921746;0.0083824968;0.7015784666;1620231189.4347920418;-0.0537170104;5.2450594694;1.4840667229;0.7067964320;0.0062760156;0.0071920217;-0.7073525925;631;1620231189.472195433;631
1620231189.4518439770;0.1211125667;-1.4196776081;2.2334164802;0.7124460531;-0.0128446028;0.0082149093;0.7015612253;1620231189.4434349537;-0.0537137384;5.2450579849;1.4840695026;0.7067984919;0.0062764668;0.0071880229;-0.7073505709;631;1620231189.472195433;631
1620231189.4603741169;0.1220890799;-1.4197917630;2.2334305817;0.7124471139;-0.0132048466;0.0081026836;0.7015547651;1620231189.4518620968;-0.0537421188;5.2450644855;1.4840770509;0.7067965643;0.0062786049;0.0071994131;-0.7073523622;631;1620231189.472195433;631
1620231189.4684801102;0.1227325690;-1.4198546175;2.2336093585;0.7123840123;-0.0128837911;0.0079842876;0.7016261669;1620231189.4603910446;-0.0537192895;5.2450613240;1.4840728378;0.7067964835;0.0062767904;0.0071914831;-0.7073525397;632;1620231189.498166689;632
1620231189.4847860336;0.1243795724;-1.4200155941;2.2338715121;0.7123170306;-0.0127899224;0.0078024859;0.7016979314;1620231189.4684960842;-0.0537261313;5.2450583901;1.4840741663;0.7067967867;0.0062688571;0.0071887535;-0.7073523349;632;1620231189.498166689;632
1620231189.4937291145;0.1252665947;-1.4200912303;2.2339825849;0.7122281887;-0.0128902915;0.0076319814;0.7017881450;1620231189.4848020077;-0.0537208350;5.2450571357;1.4840741611;0.7067995556;0.0062713476;0.0071886579;-0.7073495470;632;1620231189.498166689;632
1620231189.5008161068;0.1261293650;-1.4201661808;2.2340681834;0.7120468974;-0.0127530730;0.0078218665;0.7019725019;1620231189.4937400818;-0.0537201358;5.2450592976;1.4840716855;0.7067947076;0.0062697550;0.0071903269;-0.7073543883;632;1620231189.498166689;632
1620231189.5175778866;0.1276623427;-1.4203305560;2.2343551517;0.7120152190;-0.0118703126;0.0082839047;0.7020148150;1620231189.5008308887;-0.0537220425;5.2450593741;1.4840689177;0.7067985500;0.0062790927;0.0071974779;-0.7073503934;633;1620231189.550109417;633
1620231189.5262858868;0.1285715867;-1.4204132962;2.2344858250;0.7119018593;-0.0116358996;0.0085263052;0.7021307931;1620231189.5175940990;-0.0537238821;5.2450577102;1.4840689303;0.7067973386;0.0062728310;0.0071913654;-0.7073517216;633;1620231189.550109417;633
1620231189.5342450142;0.1293695468;-1.4204646916;2.2346121875;0.7117874707;-0.0113620326;0.0086332207;0.7022499329;1620231189.5263020992;-0.0537239336;5.2450608846;1.4840677006;0.7068000921;0.0062802179;0.0071967194;-0.7073488503;633;1620231189.550109417;633
1620231189.5429160595;0.1302128806;-1.4205370438;2.2346950685;0.7113752096;-0.0111504457;0.0092292764;0.7026633612;1620231189.5342559814;-0.0537218460;5.2450688498;1.4840624983;0.7068001249;0.0062877274;0.0072032039;-0.7073486847;634;1620231189.576080729;634
1620231189.5509750843;0.1310183565;-1.4206231678;2.2347680318;0.7115293988;-0.0109975178;0.0096099652;0.7025045323;1620231189.5429270267;-0.0537222786;5.2450600616;1.4840643129;0.7068002536;0.0062799667;0.0071981490;-0.7073486765;634;1620231189.576080729;634
1620231189.5613720417;0.1319251666;-1.4206788204;2.2348339765;0.7113268879;-0.0111666706;0.0098430608;0.7027036916;1620231189.5509860516;-0.0537210413;5.2450640937;1.4840644362;0.7068007926;0.0062833196;0.0072017651;-0.7073480714;634;1620231189.576080729;634
1620231189.5687880516;0.1327480257;-1.4207384509;2.2348976729;0.7111830628;-0.0112212387;0.0100516770;0.7028454302;1620231189.5614008904;-0.0537314262;5.2450605278;1.4840696987;0.7068004618;0.0062774338;0.0071982136;-0.7073484903;634;1620231189.576080729;634
1620231189.5857889652;0.1344462366;-1.4208609817;2.2350744065;0.7109038128;-0.0117765852;0.0100334169;0.7031190592;1620231189.5688059330;-0.0537162796;5.2450570931;1.4840640691;0.7068005979;0.0062805258;0.0071965134;-0.7073483441;635;1620231189.602052145;635
1620231189.5938949585;0.1353765072;-1.4209476857;2.2351834846;0.7109357251;-0.0119504762;0.0099422771;0.7030851528;1620231189.5858159065;-0.0537246326;5.2450556736;1.4840648618;0.7067993157;0.0062784557;0.0071959616;-0.7073496494;635;1620231189.602052145;635
1620231189.6031100750;0.1362181195;-1.4210661046;2.2352988292;0.7111750307;-0.0117461170;0.0099127038;0.7028469555;1620231189.5939280987;-0.0537282623;5.2450579547;1.4840664287;0.7068001418;0.0062829966;0.0071979809;-0.7073487630;635;1620231189.602052145;635
1620231189.6110188961;0.1370163314;-1.4211424098;2.2354285020;0.7107008745;-0.0119908225;0.0096258836;0.7033262611;1620231189.6031379700;-0.0537181740;5.2450564510;1.4840632322;0.7068006182;0.0062793031;0.0071937845;-0.7073483625;636;1620231189.653994809;636
1620231189.6187779903;0.1378909407;-1.4212656492;2.2355238821;0.7110784524;-0.0119285141;0.0095037763;0.7029472408;1620231189.6110649109;-0.0537215320;5.2450544105;1.4840654789;0.7067988004;0.0062796508;0.0071944872;-0.7073501687;636;1620231189.653994809;636
1620231189.6347429752;0.1398022989;-1.4214021827;2.2358539688;0.7112682979;-0.0116432190;0.0091604560;0.7027644911;1620231189.6188070774;-0.0537237887;5.2450528978;1.4840643168;0.7068009121;0.0062774082;0.0071906135;-0.7073481179;636;1620231189.653994809;636
1620231189.6441130638;0.1405936830;-1.4214810506;2.2359518447;0.7109012673;-0.0118422684;0.0089863980;0.7031346908;1620231189.6347548962;-0.0537203705;5.2450553853;1.4840662588;0.7068006210;0.0062794691;0.0071939120;-0.7073483569;636;1620231189.653994809;636
1620231189.6523211002;0.1414929237;-1.4215939478;2.2359900158;0.7112548149;-0.0119925543;0.0090117322;0.7027741854;1620231189.6441419125;-0.0537197990;5.2450512816;1.4840668747;0.7067997550;0.0062763199;0.0071896718;-0.7073492933;637;1620231189.679966201;637
1620231189.6606709957;0.1424616127;-1.4216422027;2.2361210743;0.7114236533;-0.0120913296;0.0087961610;0.7026043074;1620231189.6523489952;-0.0537130985;5.2450536599;1.4840667263;0.7067998027;0.0062718469;0.0071877779;-0.7073493046;637;1620231189.679966201;637
1620231189.6686880589;0.1434151067;-1.4216519256;2.2362387474;0.7110779047;-0.0124345023;0.0082809835;0.7029544949;1620231189.6606819630;-0.0537166084;5.2450603507;1.4840626223;0.7068001475;0.0062811354;0.0071968660;-0.7073487853;637;1620231189.679966201;637
1620231189.6853289604;0.1450578666;-1.4218637776;2.2363788654;0.7113240176;-0.0124683766;0.0085109472;0.7027021029;1620231189.6686990261;-0.0537470839;5.2450662516;1.4840692069;0.7068032477;0.0062834393;0.0072013440;-0.7073456213;637;1620231189.679966201;637
1620231189.6939980984;0.1461171924;-1.4219387379;2.2363770307;0.7113489927;-0.0128516520;0.0085276212;0.7026697128;1620231189.6853559017;-0.0537414072;5.2450669292;1.4840707177;0.7067993375;0.0062774030;0.0071996029;-0.7073495999;638;1620231189.731908865;638
1620231189.7020080090;0.1470348274;-1.4220114125;2.2364551791;0.7113669610;-0.0129549086;0.0083510843;0.7026517462;1620231189.6940269470;-0.0537207149;5.2450718277;1.4840611442;0.7068019435;0.0062925475;0.0072088242;-0.7073467674;638;1620231189.731908865;638
1620231189.7105360031;0.1478299868;-1.4220714771;2.2365985914;0.7111842548;-0.0127377513;0.0083454117;0.7028407071;1620231189.7020308971;-0.0537333313;5.2450679297;1.4840715621;0.7067980615;0.0062732065;0.0071958209;-0.7073509506;638;1620231189.731908865;638
1620231189.7200870514;0.1488471428;-1.4221180975;2.2367204945;0.7113492696;-0.0126997036;0.0082785174;0.7026751741;1620231189.7105650902;-0.0537375596;5.2450716837;1.4840652910;0.7068027951;0.0062918903;0.0072121394;-0.7073458885;639;1620231189.757880297;639
1620231189.7362940311;0.1507159488;-1.4222589314;2.2370007235;0.7112394805;-0.0127074356;0.0079525153;0.7027899259;1620231189.7201159000;-0.0537383969;5.2450741052;1.4840655572;0.7068047191;0.0062937298;0.0072127197;-0.7073439437;639;1620231189.757880297;639
1620231189.7523479462;0.1524763734;-1.4224403859;2.2372590091;0.7109649229;-0.0128764440;0.0077040394;0.7030673676;1620231189.7363231182;-0.0537198942;5.2450757037;1.4840607206;0.7068014754;0.0062972858;0.0072133844;-0.7073471465;639;1620231189.757880297;639
1620231189.7609999180;0.1534864574;-1.4225057429;2.2373459609;0.7110146316;-0.0128881914;0.0078089979;0.7030157236;1620231189.7523860931;-0.0537537395;5.2450793061;1.4840689196;0.7068035455;0.0062925707;0.0072137478;-0.7073451162;640;1620231189.783851641;640
1620231189.7766089439;0.1552973143;-1.4226430634;2.2376057939;0.7107019441;-0.0124478979;0.0079229090;0.7033384846;1620231189.7610290051;-0.0537267886;5.2450673232;1.4840676063;0.7068016228;0.0062827357;0.0072017535;-0.7073472471;640;1620231189.783851641;640
1620231189.7848300934;0.1561833359;-1.4227216455;2.2376651302;0.7104988506;-0.0123549166;0.0081787829;0.7035423561;1620231189.7766261101;-0.0537244048;5.2450686411;1.4840672727;0.7068020514;0.0062875432;0.0072005681;-0.7073467882;640;1620231189.783851641;640
1620231189.7932889462;0.1571129306;-1.4227680339;2.2378699930;0.7103283942;-0.0119608510;0.0082922726;0.7037199362;1620231189.7848410606;-0.0537247547;5.2450721212;1.4840676009;0.7068007015;0.0062875642;0.0072017320;-0.7073481250;640;1620231189.783851641;640
1620231189.8014938831;0.1580587482;-1.4228381886;2.2379742704;0.7101786203;-0.0118687793;0.0085059125;0.7038700937;1620231189.7932989597;-0.0537331369;5.2450778724;1.4840689572;0.7068017257;0.0062906596;0.0072089254;-0.7073470008;641;1620231189.835794297;641
1620231189.8103020191;0.1590045038;-1.4229441910;2.2380286089;0.7101082393;-0.0118970973;0.0087685182;0.7039373982;1620231189.8015079498;-0.0537270008;5.2450749518;1.4840649208;0.7068003239;0.0062881138;0.0072047718;-0.7073484665;641;1620231189.835794297;641
1620231189.8263568878;0.1608041344;-1.4230618219;2.2382222970;0.7098554649;-0.0117945406;0.0092904467;0.7041873298;1620231189.8103189468;-0.0537545632;5.2450745120;1.4840751443;0.7068007329;0.0062836755;0.0072025600;-0.7073481197;641;1620231189.835794297;641
1620231189.8347799778;0.1617484626;-1.4231300076;2.2383092902;0.7096619299;-0.0118386887;0.0093083432;0.7043813920;1620231189.8263809681;-0.0537279653;5.2450688474;1.4840756138;0.7067993688;0.0062748942;0.0071938899;-0.7073496490;642;1620231189.861765633;642
1620231189.8432500362;0.1626491047;-1.4231949871;2.2384718802;0.7095741369;-0.0116942913;0.0092809675;0.7044726052;1620231189.8347959518;-0.0537376030;5.2450782037;1.4840764831;0.7068026346;0.0062873865;0.0072097110;-0.7073461137;642;1620231189.861765633;642
1620231189.8510689735;0.1635806642;-1.4232739051;2.2386197900;0.7095767619;-0.0114577449;0.0092876348;0.7044737603;1620231189.8432669640;-0.0537281523;5.2450738283;1.4840739327;0.7068012509;0.0062838925;0.0072065426;-0.7073475596;642;1620231189.861765633;642
1620231189.8598289490;0.1646926234;-1.4233353114;2.2387301520;0.7095737730;-0.0114187220;0.0092241036;0.7044782391;1620231189.8510808945;-0.0537248663;5.2450703175;1.4840744083;0.7068020066;0.0062806584;0.0071993701;-0.7073469063;642;1620231189.861765633;642
1620231189.8679459095;0.1655688610;-1.4234278699;2.2389271989;0.7094365932;-0.0108761211;0.0095343713;0.7046208385;1620231189.8598449230;-0.0537246284;5.2450798375;1.4840721244;0.7068012648;0.0062877394;0.0072102654;-0.7073474737;643;1620231189.913708393;643
1620231189.8844950199;0.1674729052;-1.4235907880;2.2391618242;0.7093726966;-0.0105379554;0.0098664641;0.7046857326;1620231189.8679630756;-0.0537194869;5.2450641089;1.4840693028;0.7068054550;0.0062790598;0.0071959179;-0.7073435098;643;1620231189.913708393;643
1620231189.8928480148;0.1685380212;-1.4236480244;2.2392513689;0.7093165552;-0.0106056485;0.0099109790;0.7047406028;1620231189.8845059872;-0.0537167316;5.2450731448;1.4840674454;0.7068068872;0.0062939092;0.0072085616;-0.7073418180;643;1620231189.913708393;643
1620231189.9011130333;0.1694371093;-1.4237322549;2.2392952157;0.7092959505;-0.0107884328;0.0101036132;0.7047558310;1620231189.8928740025;-0.0537196254;5.2450771512;1.4840710268;0.7068024336;0.0062872146;0.0072078566;-0.7073463349;643;1620231189.913708393;643
1620231189.9094738960;0.1703330474;-1.4238120647;2.2393573779;0.7091971959;-0.0109952828;0.0102225214;0.7048502970;1620231189.9011390209;-0.0537146026;5.2450746641;1.4840693796;0.7068054341;0.0062888191;0.0072048278;-0.7073433534;644;1620231189.939679889;644
1620231189.9260449409;0.1725428017;-1.4239013151;2.2394562591;0.7093681165;-0.0117284172;0.0099849408;0.7046698663;1620231189.9094851017;-0.0537147535;5.2450701653;1.4840670483;0.7068011277;0.0062862621;0.0072056209;-0.7073476711;644;1620231189.939679889;644
1620231189.9341869354;0.1734053412;-1.4240085340;2.2395287850;0.7092862621;-0.0119466457;0.0100470100;0.7047477092;1620231189.9260559082;-0.0537144992;5.2450611649;1.4840672888;0.7068015682;0.0062795525;0.0071970149;-0.7073473782;644;1620231189.939679889;644
1620231189.9429070950;0.1744578015;-1.4240689507;2.2396620587;0.7093430502;-0.0121922732;0.0096061930;0.7046924908;1620231189.9342129230;-0.0537288605;5.2450682908;1.4840696046;0.7067994847;0.0062821029;0.0072002165;-0.7073494048;645;1620231189.965651113;645
1620231189.9530739784;0.1756009137;-1.4241487883;2.2397602625;0.7094577775;-0.0124546310;0.0094134438;0.7045750004;1620231189.9429190159;-0.0537096155;5.2450578695;1.4840621028;0.7068008776;0.0062786305;0.0071944394;-0.7073481027;645;1620231189.965651113;645
1620231189.9613580704;0.1764293334;-1.4242673317;2.2398545087;0.7094056860;-0.0123548221;0.0095061369;0.7046279617;1620231189.9531009197;-0.0537046297;5.2450620658;1.4840632781;0.7067976088;0.0062831567;0.0071973227;-0.7073512994;645;1620231189.965651113;645
1620231189.9690160751;0.1774522250;-1.4243368452;2.2399941172;0.7094046513;-0.0123825755;0.0092241251;0.7046322644;1620231189.9613869190;-0.0537144870;5.2450647901;1.4840622681;0.7068011624;0.0062873556;0.0072032189;-0.7073476512;645;1620231189.965651113;645
1620231189.9855101109;0.1794861781;-1.4244850222;2.2402642753;0.7094728221;-0.0124625002;0.0086379177;0.7045696468;1620231189.9690260887;-0.0537121845;5.2450629085;1.4840693651;0.7067970784;0.0062829675;0.0072000592;-0.7073518032;646;1620231190.017593841;646
1620231189.9937970638;0.1804822536;-1.4245812667;2.2403816434;0.7092285806;-0.0125954624;0.0082472943;0.7048178183;1620231189.9855370522;-0.0537028437;5.2450634206;1.4840670406;0.7067982013;0.0062841253;0.0072009415;-0.7073506619;646;1620231190.017593841;646
1620231190.0020658970;0.1815377522;-1.4246708093;2.2405543355;0.7092153431;-0.0126092128;0.0079639673;0.7048341507;1620231189.9938240051;-0.0537116677;5.2450614333;1.4840696793;0.7067987733;0.0062838975;0.0072069581;-0.7073500311;646;1620231190.017593841;646
1620231190.0103518963;0.1825045842;-1.4247639044;2.2406319962;0.7089939498;-0.0127597237;0.0079799084;0.7050539622;1620231190.0020940304;-0.0537077143;5.2450621093;1.4840642904;0.7067995709;0.0062864517;0.0072049568;-0.7073492318;647;1620231190.043565161;647
1620231190.0187299252;0.1834820931;-1.4248426751;2.2407055188;0.7090864987;-0.0126413091;0.0079703614;0.7049631253;1620231190.0103631020;-0.0537116280;5.2450673811;1.4840646374;0.7068018453;0.0062908929;0.0072092233;-0.7073468762;647;1620231190.043565161;647
1620231190.0353250504;0.1855210702;-1.4250017531;2.2409552805;0.7086505339;-0.0124117144;0.0079585507;0.7054055795;1620231190.0187540054;-0.0537096683;5.2450650927;1.4840651942;0.7068028336;0.0062892771;0.0072094223;-0.7073459010;647;1620231190.043565161;647
1620231190.0447618961;0.1865810482;-1.4250947762;2.2409553537;0.7086829888;-0.0124679025;0.0082532867;0.7053685958;1620231190.0353538990;-0.0537115520;5.2450670021;1.4840682262;0.7068024514;0.0062881750;0.0072112289;-0.7073462743;647;1620231190.043565161;647
1620231190.0528149605;0.1875837563;-1.4251819093;2.2410281715;0.7084103139;-0.0121286363;0.0087062084;0.7056429162;1620231190.0447731018;-0.0537176530;5.2450646559;1.4840699181;0.7068019862;0.0062831441;0.0072067190;-0.7073468298;648;1620231190.095507873;648
1620231190.0618689060;0.1885761273;-1.4252637189;2.2411553624;0.7083031688;-0.0119256572;0.0088404759;0.7057522552;1620231190.0528430939;-0.0537084723;5.2450690570;1.4840692870;0.7068004482;0.0062874871;0.0072075038;-0.7073483200;648;1620231190.095507873;648
1620231190.0696721077;0.1896594061;-1.4253511802;2.2412157011;0.7082838262;-0.0118465028;0.0090373902;0.7057705063;1620231190.0618960857;-0.0537115383;5.2450593513;1.4840697257;0.7068004815;0.0062793088;0.0071977698;-0.7073484585;648;1620231190.095507873;648
1620231190.0858619213;0.1916919223;-1.4255230542;2.2414705680;0.7080350774;-0.0116050123;0.0090500157;0.7060239019;1620231190.0696990490;-0.0537079185;5.2450662977;1.4840688546;0.7068016772;0.0062895442;0.0072066360;-0.7073470825;648;1620231190.095507873;648
1620231190.0950310230;0.1926448110;-1.4255980445;2.2416689926;0.7078776018;-0.0113596107;0.0089248646;0.7061873738;1620231190.0858900547;-0.0537377612;5.2450686832;1.4840711460;0.7068009937;0.0062835219;0.0072054691;-0.7073478309;649;1620231190.121479289;649
1620231190.1029400826;0.1936962492;-1.4256939219;2.2417503377;0.7077605974;-0.0114269672;0.0090694877;0.7063017100;1620231190.0950589180;-0.0537133552;5.2450617620;1.4840697300;0.7068032136;0.0062830706;0.0071998945;-0.7073456735;649;1620231190.121479289;649
1620231190.1112470627;0.1947246169;-1.4257934897;2.2418451659;0.7076499853;-0.0114622177;0.0092039441;0.7064102231;1620231190.1029670238;-0.0537337842;5.2450663277;1.4840722787;0.7068029478;0.0062858949;0.0072052673;-0.7073458593;649;1620231190.121479289;649
1620231190.1270570755;0.1968045509;-1.4259598515;2.2421659236;0.7075108036;-0.0113901264;0.0091788473;0.7065511139;1620231190.1112759113;-0.0537082973;5.2450703805;1.4840675283;0.7068025422;0.0062919564;0.0072063668;-0.7073461994;650;1620231190.147450569;650
1620231190.1359241009;0.1978637661;-1.4260559780;2.2423239320;0.7073786271;-0.0112376954;0.0092235927;0.7066853030;1620231190.1270689964;-0.0537100281;5.2450653857;1.4840680946;0.7068033852;0.0062909465;0.0072036244;-0.7073453941;650;1620231190.147450569;650
1620231190.1440579891;0.1989115758;-1.4261388992;2.2425013417;0.7072993635;-0.0109003601;0.0094530013;0.7067668875;1620231190.1359519958;-0.0537341689;5.2450659503;1.4840714756;0.7068055959;0.0062854594;0.0072021000;-0.7073432493;650;1620231190.147450569;650
1620231190.1528310776;0.2000624422;-1.4262262993;2.2426990001;0.7073195789;-0.0106848050;0.0094122965;0.7067504913;1620231190.1440880299;-0.0537149676;5.2450672746;1.4840669935;0.7068025027;0.0062838502;0.0072034797;-0.7073463404;650;1620231190.147450569;650
1620231190.1615760326;0.2011516546;-1.4263362721;2.2428143251;0.7072564547;-0.0106326468;0.0096380541;0.7068114049;1620231190.1528589725;-0.0537164744;5.2450695816;1.4840660903;0.7068053308;0.0062960080;0.0072103776;-0.7073433361;651;1620231190.199393345;651
1620231190.1698229313;0.2022275869;-1.4264181452;2.2429287752;0.7071856174;-0.0104301315;0.0099398196;0.7068811179;1620231190.1616048813;-0.0537148982;5.2450706431;1.4840671463;0.7068029049;0.0062918283;0.0072067755;-0.7073458340;651;1620231190.199393345;651
1620231190.1857819557;0.2045082693;-1.4266238548;2.2430202955;0.7071951761;-0.0106576386;0.0106492447;0.7068578296;1620231190.1698510647;-0.0537204028;5.2450683231;1.4840661143;0.7068047390;0.0062940866;0.0072114576;-0.7073439335;651;1620231190.199393345;651
1620231190.2040739059;0.2065116702;-1.4267253587;2.2433023031;0.7068621879;-0.0108243117;0.0108579290;0.7071851150;1620231190.1858100891;-0.0537167546;5.2450641727;1.4840697610;0.7068015168;0.0062769877;0.0071966453;-0.7073474560;652;1620231190.225364649;652
1620231190.2103719711;0.2076277274;-1.4268171366;2.2433513843;0.7067247126;-0.0113662176;0.0109147171;0.7073131263;1620231190.2041010857;-0.0537197134;5.2450627559;1.4840663493;0.7068063721;0.0062854069;0.0072028761;-0.7073424663;652;1620231190.225364649;652
1620231190.2277679443;0.2099474113;-1.4269359952;2.2435295524;0.7068415801;-0.0121044556;0.0108512552;0.7071850628;1620231190.2103829384;-0.0537138814;5.2450547554;1.4840652698;0.7068063428;0.0062766399;0.0071928957;-0.7073426749;652;1620231190.225364649;652
1620231190.2377049923;0.2110279943;-1.4270606320;2.2435469879;0.7068381241;-0.0124876263;0.0110370114;0.7071789801;1620231190.2277979851;-0.0537252148;5.2450576348;1.4840653622;0.7068035771;0.0062761768;0.0071929543;-0.7073454421;652;1620231190.225364649;652
1620231190.2448930740;0.2120961890;-1.4271286852;2.2437669520;0.7068037356;-0.0125000849;0.0106433123;0.7072191649;1620231190.2377328873;-0.0537269672;5.2450572195;1.4840647421;0.7068074046;0.0062810600;0.0071969908;-0.7073415331;653;1620231190.277307289;653
1620231190.2514119148;0.2132883682;-1.4272141735;2.2439260739;0.7069543304;-0.0124463684;0.0105432655;0.7070710730;1620231190.2449209690;-0.0537250655;5.2450569116;1.4840653098;0.7068051869;0.0062784409;0.0071956860;-0.7073437857;653;1620231190.277307289;653
1620231190.2598009109;0.2144365260;-1.4273300481;2.2440371299;0.7070018497;-0.0125173257;0.0103720598;0.7070248379;1620231190.2514259815;-0.0537243261;5.2450543801;1.4840672637;0.7068056635;0.0062742408;0.0071893944;-0.7073434107;653;1620231190.277307289;653
1620231190.2765169144;0.2168285390;-1.4274905736;2.2442804815;0.7071759706;-0.0124119358;0.0100068778;0.7068578024;1620231190.2598121166;-0.0537307296;5.2450481737;1.4840671214;0.7068068308;0.0062681379;0.0071878970;-0.7073423136;654;1620231190.303278657;654
1620231190.2847950459;0.2180214403;-1.4276086019;2.2443764472;0.7072166934;-0.0126799728;0.0096395591;0.7068174063;1620231190.2765469551;-0.0537220121;5.2450491115;1.4840693332;0.7068035381;0.0062664645;0.0071821792;-0.7073456766;654;1620231190.303278657;654
1620231190.3010849953;0.2202970666;-1.4277857130;2.2446119690;0.7072315643;-0.0129217623;0.0092276615;0.7068036452;1620231190.2848200798;-0.0537439541;5.2450526507;1.4840706554;0.7068059651;0.0062700167;0.0071876386;-0.7073431646;654;1620231190.303278657;654
1620231190.3097639084;0.2214654879;-1.4278833948;2.2447189984;0.7072097866;-0.0131294538;0.0090165620;0.7068243323;1620231190.3010959625;-0.0537254265;5.2450577209;1.4840670925;0.7068061618;0.0062791623;0.0071944915;-0.7073428172;655;1620231190.355221353;655
1620231190.3262948990;0.2237323263;-1.4280282170;2.2449319716;0.7070202337;-0.0133527923;0.0088598732;0.7070117359;1620231190.3097898960;-0.0537420127;5.2450575907;1.4840685053;0.7068049718;0.0062774473;0.0071965439;-0.7073440007;655;1620231190.355221353;655
1620231190.3345398903;0.2248846542;-1.4281144987;2.2450052040;0.7069600524;-0.0134508001;0.0089286720;0.7070691898;1620231190.3263230324;-0.0537444817;5.2450551938;1.4840678315;0.7068069692;0.0062787620;0.0071977514;-0.7073419808;655;1620231190.355221353;655
1620231190.3427770138;0.2260232571;-1.4281916872;2.2450850541;0.7068656863;-0.0134953035;0.0090005423;0.7071617697;1620231190.3345649242;-0.0537235077;5.2450654271;1.4840644764;0.7068064589;0.0062881235;0.0072054444;-0.7073423292;655;1620231190.355221353;655
1620231190.3509368896;0.2272091245;-1.4282557836;2.2451994731;0.7067483220;-0.0135026193;0.0089200570;0.7072799455;1620231190.3427889347;-0.0537240525;5.2450561132;1.4840646274;0.7068068873;0.0062780709;0.0071958737;-0.7073420879;656;1620231190.381192729;656
1620231190.3593950272;0.2283209277;-1.4283318359;2.2453403042;0.7066066146;-0.0133521792;0.0090397140;0.7074228545;1620231190.3509640694;-0.0537129401;5.2450594367;1.4840610251;0.7068077334;0.0062851418;0.0072004763;-0.7073411328;656;1620231190.381192729;656
1620231190.3760950565;0.2306147384;-1.4285055481;2.2456230201;0.7063627577;-0.0133580356;0.0087512921;0.7076698611;1620231190.3594059944;-0.0537421996;5.2450662617;1.4840638361;0.7068097232;0.0062901387;0.0072043105;-0.7073390610;656;1620231190.381192729;656
1620231190.3847899437;0.2317404779;-1.4285821564;2.2457497320;0.7062786380;-0.0132577778;0.0088295778;0.7077547282;1620231190.3761169910;-0.0537460799;5.2450684517;1.4840634023;0.7068075332;0.0062886645;0.0072080703;-0.7073412242;656;1620231190.381192729;656
1620231190.3927490711;0.2327875467;-1.4286702365;2.2458987718;0.7060100716;-0.0131128888;0.0087554371;0.7080262518;1620231190.3848109245;-0.0537425025;5.2450624423;1.4840652582;0.7068055670;0.0062816023;0.0071984312;-0.7073433498;657;1620231190.433135489;657
1620231190.4011919498;0.2339799074;-1.4287528784;2.2460126701;0.7058868713;-0.0130653484;0.0086760862;0.7081509353;1620231190.3927619457;-0.0537240612;5.2450571336;1.4840645623;0.7068031282;0.0062774162;0.0072001219;-0.7073458067;657;1620231190.433135489;657
1620231190.4092819691;0.2352587765;-1.4288044842;2.2461814179;0.7059577570;-0.0128276223;0.0086873312;0.7080844778;1620231190.4012100697;-0.0537210725;5.2450624041;1.4840638444;0.7068039458;0.0062865171;0.0072025889;-0.7073448838;657;1620231190.433135489;657
1620231190.4259469509;0.2374975913;-1.4289901065;2.2464355928;0.7054943163;-0.0123986603;0.0088265042;0.7085521404;1620231190.4092938900;-0.0537182742;5.2450596361;1.4840630647;0.7068041434;0.0062863241;0.0071990775;-0.7073447238;658;1620231190.459106881;658
1620231190.4344749451;0.2386884440;-1.4290735173;2.2466395793;0.7055006185;-0.0119789713;0.0088550963;0.7085527283;1620231190.4259579182;-0.0537148984;5.2450533785;1.4840612883;0.7068015972;0.0062812498;0.0071970205;-0.7073473340;658;1620231190.459106881;658
1620231190.4428610802;0.2398279900;-1.4291692269;2.2467556441;0.7051935971;-0.0117481793;0.0090476560;0.7088597258;1620231190.4344871044;-0.0537155903;5.2450554361;1.4840621710;0.7068017189;0.0062803150;0.0071973719;-0.7073472172;658;1620231190.459106881;658
1620231190.4509611130;0.2410611175;-1.4292211859;2.2468859491;0.7051421731;-0.0115843609;0.0091694878;0.7089120106;1620231190.4428720474;-0.0537142466;5.2450553014;1.4840624502;0.7068009345;0.0062816002;0.0071993775;-0.7073479691;658;1620231190.459106881;658
1620231190.4676179886;0.2433783775;-1.4293881214;2.2470916309;0.7048813662;-0.0113589227;0.0097781598;0.7091668506;1620231190.4509720802;-0.0537146587;5.2450497008;1.4840673413;0.7068004139;0.0062734399;0.0071932065;-0.7073486245;659;1620231190.485078137;659
1620231190.4760949612;0.2445907358;-1.4294830899;2.2471361557;0.7048142976;-0.0116117210;0.0099636864;0.7092268317;1620231190.4676289558;-0.0537140357;5.2450523571;1.4840666337;0.7068015969;0.0062792995;0.0072020736;-0.7073473003;659;1620231190.485078137;659
1620231190.4845969677;0.2457630819;-1.4295287928;2.2473023339;0.7047535166;-0.0116500228;0.0098370425;0.7092883690;1620231190.4761068821;-0.0537144396;5.2450448442;1.4840658474;0.7068009385;0.0062733781;0.0071929608;-0.7073481034;659;1620231190.485078137;659
1620231190.4943718910;0.2469729756;-1.4296061216;2.2473790351;0.7047069308;-0.0117845261;0.0100012812;0.7093301354;1620231190.4846079350;-0.0537142103;5.2450522212;1.4840632121;0.7068013054;0.0062831127;0.0072040626;-0.7073475374;659;1620231190.485078137;659
1620231190.5023679733;0.2482783967;-1.4296998593;2.2473957972;0.7048087561;-0.0122259670;0.0100145288;0.7092212999;1620231190.4943959713;-0.0537146853;5.2450556368;1.4840595299;0.7068039848;0.0062895881;0.0072087733;-0.7073447545;660;1620231190.537020889;660
1620231190.5101981163;0.2494047499;-1.4297780859;2.2475572128;0.7046875601;-0.0122286777;0.0099581327;0.7093424685;1620231190.5023910999;-0.0537134547;5.2450564877;1.4840627823;0.7067997474;0.0062893750;0.0072083327;-0.7073489950;660;1620231190.537020889;660
1620231190.5194809437;0.2505346627;-1.4298690330;2.2477238108;0.7046022080;-0.0121109118;0.0098553722;0.7094307055;1620231190.5102200508;-0.0537098047;5.2450490582;1.4840637367;0.7068023898;0.0062831736;0.0071990896;-0.7073465039;660;1620231190.537020889;660
1620231190.5368270874;0.2532037238;-1.4299918297;2.2480323865;0.7049286448;-0.0122111443;0.0091545560;0.7091140161;1620231190.5195031166;-0.0537112463;5.2450486770;1.4840638710;0.7068049120;0.0062837955;0.0072035091;-0.7073439332;661;1620231190.562992281;661
1620231190.5446639061;0.2543588384;-1.4300980494;2.2481453669;0.7048752931;-0.0122748507;0.0089316789;0.7091687911;1620231190.5368499756;-0.0537038589;5.2450390011;1.4840675139;0.7068045191;0.0062757397;0.0071898459;-0.7073445363;661;1620231190.562992281;661
1620231190.5529890060;0.2556969281;-1.4301475870;2.2482875401;0.7050240478;-0.0123018274;0.0087196834;0.7090230773;1620231190.5446879864;-0.0537051174;5.2450333684;1.4840693110;0.7068029003;0.0062671709;0.0071821111;-0.7073463084;661;1620231190.562992281;661
1620231190.5610330105;0.2569248198;-1.4302454152;2.2483886476;0.7049363753;-0.0124166707;0.0084957566;0.7091109611;1620231190.5530099869;-0.0537090493;5.2450346889;1.4840668527;0.7068045641;0.0062692227;0.0071829565;-0.7073446191;661;1620231190.562992281;661
1620231190.5777139664;0.2593841570;-1.4303670349;2.2486200707;0.7048675786;-0.0124558612;0.0083475210;0.7091804192;1620231190.5610570908;-0.0537054022;5.2450374244;1.4840616613;0.7068049232;0.0062735660;0.0071859982;-0.7073441908;662;1620231190.614934953;662
1620231190.5940439701;0.2618663554;-1.4305315392;2.2487990548;0.7047990527;-0.0126730830;0.0083277058;0.7092449066;1620231190.5777440071;-0.0537115536;5.2450489338;1.4840622739;0.7068051443;0.0062723832;0.0071923857;-0.7073439155;662;1620231190.614934953;662
1620231190.6018760204;0.2631111019;-1.4305896416;2.2489248555;0.7047706738;-0.0125562345;0.0084069665;0.7092742497;1620231190.5940680504;-0.0537403661;5.2450710756;1.4840701671;0.7068047481;0.0062893486;0.0072102196;-0.7073439792;662;1620231190.614934953;662
1620231190.6114060879;0.2643685411;-1.4307007561;2.2490007585;0.7046476409;-0.0127839570;0.0082422155;0.7093943463;1620231190.6018979549;-0.0537180340;5.2450753384;1.4840681268;0.7068030637;0.0062907462;0.0072143739;-0.7073456075;663;1620231190.640906321;663
1620231190.6274030209;0.2669322936;-1.4308244386;2.2493079743;0.7046662436;-0.0125915189;0.0081514487;0.7093803583;1620231190.6114380360;-0.0537128998;5.2450821227;1.4840662992;0.7068038047;0.0062973004;0.0072184181;-0.7073447675;663;1620231190.640906321;663
1620231190.6370120049;0.2680231743;-1.4309383982;2.2494320678;0.7043624791;-0.0126109751;0.0080066602;0.7096832778;1620231190.6274249554;-0.0537344984;5.2450974366;1.4840718768;0.7067998057;0.0063030208;0.0072294705;-0.7073485996;663;1620231190.640906321;663
1620231190.6525309086;0.2706529920;-1.4310737651;2.2497254829;0.7043359077;-0.0123715028;0.0079931170;0.7097140164;1620231190.6370329857;-0.0536960409;5.2450885719;1.4840642791;0.7068002541;0.0063002453;0.0072186541;-0.7073482867;664;1620231190.692848969;664
1620231190.6612529755;0.2717890415;-1.4311695084;2.2498590707;0.7039875491;-0.0121930695;0.0081143126;0.7100612775;1620231190.6525480747;-0.0537002277;5.2450844360;1.4840633071;0.7068014689;0.0062950837;0.0072133005;-0.7073471734;664;1620231190.692848969;664
1620231190.6775190830;0.2743621937;-1.4313162998;2.2501791838;0.7038045583;-0.0117356982;0.0082753683;0.7102485025;1620231190.6612770557;-0.0537101549;5.2450836151;1.4840632135;0.7068021709;0.0062976198;0.0072168521;-0.7073464131;664;1620231190.692848969;664
1620231190.6865038872;0.2755133720;-1.4314034361;2.2502752178;0.7034628011;-0.0115502850;0.0085102503;0.7105872599;1620231190.6775300503;-0.0537051733;5.2450776815;1.4840666358;0.7068022277;0.0062927018;0.0072101233;-0.7073464688;665;1620231190.718820337;665
1620231190.6945939064;0.2768376486;-1.4314765997;2.2504243587;0.7033673753;-0.0112793416;0.0087394836;0.7106832862;1620231190.6865270138;-0.0537166987;5.2450775182;1.4840671349;0.7068040722;0.0062914695;0.0072120991;-0.7073446166;665;1620231190.718820337;665
1620231190.7020330429;0.2779814453;-1.4315598535;2.2505599660;0.7030716601;-0.0110984877;0.0089326342;0.7109762811;1620231190.6946160793;-0.0537071612;5.2450704599;1.4840650934;0.7068026277;0.0062855627;0.0072017095;-0.7073462183;665;1620231190.718820337;665
1620231190.7102971077;0.2792795796;-1.4316255863;2.2507137241;0.7029189442;-0.0109876964;0.0090141018;0.7111279593;1620231190.7020559311;-0.0537106913;5.2450677171;1.4840631145;0.7068043508;0.0062859000;0.0072010609;-0.7073445001;665;1620231190.718820337;665
1620231190.7274899483;0.2818293923;-1.4317718288;2.2509493196;0.7027523264;-0.0109611220;0.0092993531;0.7112893529;1620231190.7103240490;-0.0537152738;5.2450691886;1.4840627898;0.7068019516;0.0062856934;0.0072027873;-0.7073468818;666;1620231190.744791689;666
1620231190.7359099388;0.2831681848;-1.4318494717;2.2510563536;0.7027064330;-0.0109717420;0.0094212428;0.7113329249;1620231190.7275140285;-0.0537119395;5.2450733350;1.4840575667;0.7068018876;0.0062880644;0.0072033391;-0.7073469190;666;1620231190.744791689;666
1620231190.7525060177;0.2857374652;-1.4320069392;2.2513089614;0.7024577810;-0.0110011659;0.0095958433;0.7115756882;1620231190.7359330654;-0.0537148573;5.2450648246;1.4840570770;0.7068026809;0.0062833404;0.0071988175;-0.7073462143;667;1620231190.796734409;667
1620231190.7594149113;0.2870784761;-1.4320814836;2.2514996206;0.7024526760;-0.0109437058;0.0095958348;0.7115816139;1620231190.7525160313;-0.0537142626;5.2450637685;1.4840587504;0.7068025563;0.0062860051;0.0071977168;-0.7073463263;667;1620231190.796734409;667
1620231190.7683548927;0.2884189859;-1.4321770231;2.2516373030;0.7024363855;-0.0110969015;0.0093388563;0.7115987415;1620231190.7594320774;-0.0537131932;5.2450701956;1.4840596578;0.7068020320;0.0062890179;0.0072029911;-0.7073467698;667;1620231190.796734409;667
1620231190.7854380608;0.2910685391;-1.4323701757;2.2519441693;0.7023821641;-0.0108747293;0.0092053850;0.7116574293;1620231190.7683780193;-0.0537134151;5.2450774601;1.4840622491;0.7068003070;0.0062915192;0.0072084638;-0.7073484154;667;1620231190.796734409;667
1620231190.7937419415;0.2924804016;-1.4324637914;2.2520752823;0.7024386952;-0.0107470750;0.0092374185;0.7116031548;1620231190.7854619026;-0.0537106546;5.2450696483;1.4840615358;0.7068017553;0.0062835224;0.0071992979;-0.7073471328;668;1620231190.822705817;668
1620231190.8015611172;0.2937889157;-1.4325489323;2.2522108664;0.7024535263;-0.0107360532;0.0093440381;0.7115872888;1620231190.7937650681;-0.0537112953;5.2450641031;1.4840611345;0.7068042706;0.0062866232;0.0072006117;-0.7073445784;668;1620231190.822705817;668
1620231190.8105640411;0.2950322156;-1.4326273260;2.2522859043;0.7022984210;-0.0108219182;0.0093342355;0.7117391980;1620231190.8015720844;-0.0537119813;5.2450717018;1.4840609991;0.7068050267;0.0062911824;0.0072097261;-0.7073436895;668;1620231190.822705817;668
1620231190.8274629116;0.2977795198;-1.4327612062;2.2524797254;0.7024718295;-0.0112444008;0.0094656240;0.7115597615;1620231190.8105850220;-0.0537113467;5.2450711001;1.4840632264;0.7068039655;0.0062880185;0.0072039200;-0.7073448372;668;1620231190.822705817;668
1620231190.8360090256;0.2991854455;-1.4328236308;2.2525697247;0.7024933297;-0.0115262141;0.0094447759;0.7115343029;1620231190.8274850845;-0.0537351623;5.2450703195;1.4840704589;0.7068056125;0.0062886804;0.0072088667;-0.7073431352;669;1620231190.874648489;669
1620231190.8439619541;0.3004492716;-1.4329118998;2.2526002226;0.7024242261;-0.0119763557;0.0094459143;0.7115950732;1620231190.8360199928;-0.0537169940;5.2450783910;1.4840696276;0.7068040108;0.0062940732;0.0072148817;-0.7073446263;669;1620231190.874648489;669
1620231190.8522388935;0.3018232824;-1.4330218159;2.2526501441;0.7024893975;-0.0123845852;0.0093896692;0.7115244919;1620231190.8439850807;-0.0537285338;5.2450780613;1.4840724055;0.7068062461;0.0062991879;0.0072215472;-0.7073422792;669;1620231190.874648489;669
1620231190.8605520725;0.3031747880;-1.4330980172;2.2527560452;0.7025068376;-0.0126134373;0.0091214107;0.7115067422;1620231190.8522610664;-0.0537201026;5.2450760337;1.4840728652;0.7068064505;0.0062923873;0.0072099721;-0.7073422536;670;1620231190.900619889;670
1620231190.8775849342;0.3058827126;-1.4332953769;2.2530250678;0.7025032539;-0.0128807043;0.0085186049;0.7115129648;1620231190.8605759144;-0.0537222400;5.2450694445;1.4840787003;0.7068048163;0.0062837999;0.0072021097;-0.7073440429;670;1620231190.900619889;670
1620231190.8855190277;0.3071640581;-1.4333702539;2.2531917509;0.7023411579;-0.0128008325;0.0082793952;0.7116772360;1620231190.8776099682;-0.0537255096;5.2450718474;1.4840724730;0.7068039545;0.0062852293;0.0072059565;-0.7073448523;670;1620231190.900619889;670
1620231190.8938701153;0.3085465652;-1.4334936529;2.2532773953;0.7023715045;-0.0128453854;0.0082600529;0.7116467082;1620231190.8855419159;-0.0537195949;5.2450684264;1.4840725669;0.7068039991;0.0062837414;0.0072043850;-0.7073448369;670;1620231190.900619889;670
1620231190.9022190571;0.3098809374;-1.4335759523;2.2534425949;0.7023022782;-0.0128503012;0.0079213393;0.7117187873;1620231190.8938939571;-0.0537227079;5.2450649745;1.4840706085;0.7068037251;0.0062814763;0.0071996661;-0.7073451789;671;1620231190.926591217;671
1620231190.9108641148;0.3112587882;-1.4336539806;2.2535966850;0.7021979460;-0.0128392111;0.0077831149;0.7118234490;1620231190.9022409916;-0.0537158702;5.2450686993;1.4840718746;0.7068036126;0.0062892790;0.0072063954;-0.7073451534;671;1620231190.926591217;671
1620231190.9193251133;0.3126597235;-1.4337545777;2.2537112841;0.7022407873;-0.0129344208;0.0076524856;0.7117808770;1620231190.9108879566;-0.0537183467;5.2450734657;1.4840703338;0.7068030978;0.0062894070;0.0072079729;-0.7073456506;671;1620231190.926591217;671
1620231190.9370050430;0.3152437421;-1.4339433184;2.2539707671;0.7017917434;-0.0127396280;0.0076386555;0.7122272824;1620231190.9193480015;-0.0537172735;5.2450782159;1.4840669799;0.7068054894;0.0062970035;0.0072155674;-0.7073431158;672;1620231190.978533905;672
1620231190.9441170692;0.3166583292;-1.4340468755;2.2540616856;0.7016879814;-0.0127061928;0.0077224522;0.7123292028;1620231190.9370260239;-0.0537365484;5.2450725249;1.4840769734;0.7068010599;0.0062835517;0.0072041103;-0.7073477783;672;1620231190.978533905;672
1620231190.9520349503;0.3178702110;-1.4341523900;2.2541945796;0.7013248597;-0.0124447966;0.0079857535;0.7126884284;1620231190.9441409111;-0.0537176738;5.2450747012;1.4840646891;0.7068047702;0.0062957620;0.0072115997;-0.7073438860;672;1620231190.978533905;672
1620231190.9607748985;0.3193808178;-1.4342215209;2.2542876253;0.7014004703;-0.0123991727;0.0080166242;0.7126144641;1620231190.9520449638;-0.0537315090;5.2450714026;1.4840738991;0.7068024645;0.0062807958;0.0071995399;-0.7073464458;672;1620231190.978533905;672
1620231190.9690439701;0.3206608349;-1.4343142577;2.2543657338;0.7011892865;-0.0122196837;0.0083733815;0.7128212611;1620231190.9607989788;-0.0537178191;5.2450668215;1.4840665292;0.7068011395;0.0062774648;0.0071964020;-0.7073478313;673;1620231191.004505273;673
1620231190.9853649139;0.3233588717;-1.4343797207;2.2547130082;0.7007229591;-0.0117212366;0.0084377906;0.7132872850;1620231190.9690670967;-0.0537090261;5.2450707775;1.4840663398;0.7068026465;0.0062837905;0.0071974560;-0.7073462586;673;1620231191.004505273;673
1620231190.9946630001;0.3247323588;-1.4344547096;2.2548158034;0.7005658563;-0.0116362281;0.0086129919;0.7134408844;1620231190.9853870869;-0.0537063594;5.2450733339;1.4840704295;0.7068038041;0.0062828466;0.0071968541;-0.7073451163;673;1620231191.004505273;673
1620231191.0024440289;0.3261276791;-1.4345551939;2.2549277339;0.7004508427;-0.0115207995;0.0088946410;0.7135522219;1620231190.9946858883;-0.0537314559;5.2450797417;1.4840755283;0.7068024826;0.0062834869;0.0072020278;-0.7073463785;673;1620231191.004505273;673
1620231191.0110890865;0.3276268494;-1.4347117390;2.2548995322;0.7004959995;-0.0117670699;0.0092188660;0.7134997570;1620231191.0024778843;-0.0537066775;5.2450779644;1.4840682015;0.7068037179;0.0062867831;0.0072015061;-0.7073451202;674;1620231191.030476561;674
1620231191.0191230774;0.3289728555;-1.4347429637;2.2551261533;0.7003148905;-0.0113918446;0.0089936194;0.7136864822;1620231191.0111150742;-0.0537127108;5.2450716462;1.4840665779;0.7068048221;0.0062860871;0.0072004220;-0.7073440340;674;1620231191.030476561;674
1620231191.0353128910;0.3317659458;-1.4349602632;2.2553603419;0.7001825882;-0.0110283744;0.0089587035;0.7138224288;1620231191.0191459656;-0.0537121875;5.2450714597;1.4840665566;0.7068033851;0.0062849159;0.0071996034;-0.7073454887;674;1620231191.030476561;674
1620231191.0435988903;0.3332720130;-1.4351134087;2.2553693837;0.7002624448;-0.0113172207;0.0089166834;0.7137400939;1620231191.0353350639;-0.0537169872;5.2450741118;1.4840600172;0.7068055590;0.0062881342;0.0072035856;-0.7073432473;675;1620231191.082419265;675
1620231191.0521559715;0.3346155556;-1.4351766539;2.2555386127;0.7001474059;-0.0109049194;0.0088757419;0.7138598700;1620231191.0436320305;-0.0537108568;5.2450713744;1.4840617087;0.7068039743;0.0062861427;0.0071987333;-0.7073448979;675;1620231191.082419265;675
1620231191.0607240200;0.3360553847;-1.4352729364;2.2555958814;0.7001747266;-0.0109555659;0.0090185653;0.7138305074;1620231191.0521790981;-0.0537103169;5.2450683771;1.4840619752;0.7068021789;0.0062818684;0.0071999632;-0.7073467174;675;1620231191.082419265;675
1620231191.0772950649;0.3388361905;-1.4354477118;2.2556954624;0.7000863566;-0.0112587838;0.0090763607;0.7139117262;1620231191.0607469082;-0.0537195142;5.2450741546;1.4840620314;0.7068031073;0.0062854206;0.0072027154;-0.7073457301;675;1620231191.082419265;675
1620231191.0852010250;0.3403023150;-1.4355377750;2.2556966162;0.7001314955;-0.0116949411;0.0090206639;0.7138611525;1620231191.0773200989;-0.0537354702;5.2450728951;1.4840720755;0.7068015996;0.0062805093;0.0071985980;-0.7073473222;676;1620231191.108390705;676
1620231191.0938889980;0.3415765411;-1.4355731790;2.2556797902;0.6999780200;-0.0120994909;0.0090302763;0.7140047814;1620231191.0852229595;-0.0537197178;5.2450806496;1.4840681061;0.7068037718;0.0062937858;0.0072080708;-0.7073449372;676;1620231191.108390705;676
1620231191.1019229889;0.3430365448;-1.4356697846;2.2556784758;0.6998994365;-0.0123654893;0.0090267101;0.7140773011;1620231191.0939118862;-0.0537376255;5.2450725674;1.4840700292;0.7068011786;0.0062784609;0.0071977682;-0.7073477695;676;1620231191.108390705;676
1620231191.1101830006;0.3444912284;-1.4357375508;2.2557731789;0.7000197471;-0.0124201512;0.0088492779;0.7139606318;1620231191.1019449234;-0.0537112495;5.2450759184;1.4840649003;0.7068018047;0.0062850102;0.0072008515;-0.7073470543;677;1620231191.160333369;677
1620231191.1274518967;0.3474017065;-1.4359690588;2.2558737447;0.7000123988;-0.0126481100;0.0085911800;0.7139669870;1620231191.1101949215;-0.0537145093;5.2450832835;1.4840650365;0.7068002923;0.0062912736;0.0072063903;-0.7073484535;677;1620231191.160333369;677
1620231191.1358509064;0.3488295457;-1.4360356375;2.2560166388;0.6998816208;-0.0125657004;0.0082215720;0.7141009913;1620231191.1274750233;-0.0537176753;5.2450713445;1.4840639679;0.7067996116;0.0062798629;0.0071936290;-0.7073493649;677;1620231191.160333369;677
1620231191.1438670158;0.3502845382;-1.4361177846;2.2560528122;0.6996860331;-0.0125192432;0.0081891875;0.7142938197;1620231191.1358630657;-0.0537157656;5.2450817820;1.4840660865;0.7068011142;0.0062876937;0.0072042060;-0.7073476863;677;1620231191.160333369;677
1620231191.1528000832;0.3517980287;-1.4361739768;2.2561779668;0.6996584383;-0.0124445560;0.0079276489;0.7143251047;1620231191.1438899040;-0.0537359796;5.2450777587;1.4840706214;0.7068002399;0.0062857776;0.0071971033;-0.7073486493;678;1620231191.186304793;678
1620231191.1610019207;0.3531167151;-1.4362936782;2.2562481404;0.6994981792;-0.0122382763;0.0080701605;0.7144840057;1620231191.1528110504;-0.0537122458;5.2450841498;1.4840668489;0.7067987768;0.0062881325;0.0072005634;-0.7073500550;678;1620231191.186304793;678
1620231191.1693880558;0.3547047087;-1.4363367712;2.2563381928;0.6994889541;-0.0121516989;0.0079543756;0.7144958133;1620231191.1610260010;-0.0537416439;5.2450879683;1.4840700807;0.7068003899;0.0062914512;0.0072096151;-0.7073483215;678;1620231191.186304793;678
1620231191.1855161190;0.3574571404;-1.4365161037;2.2565021117;0.6991072518;-0.0115605434;0.0082448040;0.7148758126;1620231191.1693990231;-0.0537178438;5.2450779172;1.4840682567;0.7067980556;0.0062814694;0.0071936032;-0.7073509058;679;1620231191.212276105;679
1620231191.1944100857;0.3589630350;-1.4366118389;2.2565248649;0.6989032510;-0.0116389514;0.0081827281;0.7150746978;1620231191.1855390072;-0.0537136012;5.2450814424;1.4840616165;0.7067978439;0.0062827869;0.0071953766;-0.7073510875;679;1620231191.212276105;679
1620231191.2020759583;0.3602508610;-1.4367076767;2.2565977068;0.6986453344;-0.0113879846;0.0084470057;0.7153276582;1620231191.1944339275;-0.0537155253;5.2450790423;1.4840621024;0.7067974756;0.0062840625;0.0071917148;-0.7073514815;679;1620231191.212276105;679
1620231191.2103610039;0.3616470691;-1.4367218343;2.2566212261;0.6983633775;-0.0111175410;0.0087189318;0.7156039222;1620231191.2020990849;-0.0537190546;5.2450831611;1.4840604325;0.7067998451;0.0062863809;0.0071969062;-0.7073490404;679;1620231191.212276105;679
1620231191.2270638943;0.3644491910;-1.4368846444;2.2566352392;0.6977410368;-0.0107277884;0.0095648651;0.7162058876;1620231191.2103838921;-0.0537224700;5.2450782662;1.4840632399;0.7067977172;0.0062805502;0.0071920802;-0.7073512675;680;1620231191.264218777;680
1620231191.2355968952;0.3660289601;-1.4369498071;2.2566431047;0.6978372806;-0.0108797413;0.0096806356;0.7161082644;1620231191.2270860672;-0.0537166531;5.2450762669;1.4840655004;0.7067992180;0.0062732123;0.0071871023;-0.7073498836;680;1620231191.264218777;680
1620231191.2441799641;0.3674356834;-1.4370096687;2.2567239734;0.6976241717;-0.0107400359;0.0098390231;0.7163158244;1620231191.2356200218;-0.0537103730;5.2450838435;1.4840620270;0.7068008655;0.0062846869;0.0071967084;-0.7073480379;680;1620231191.264218777;680
1620231191.2522859573;0.3690348215;-1.4370849120;2.2567577161;0.6976545952;-0.0108530242;0.0098492499;0.7162843500;1620231191.2442040443;-0.0537157490;5.2450905320;1.4840607753;0.7068001970;0.0062913556;0.0072044886;-0.7073485673;681;1620231191.290190113;681
1620231191.2601990700;0.3704676221;-1.4371834377;2.2568229255;0.6974888364;-0.0107935770;0.0099357881;0.7164454633;1620231191.2523078918;-0.0537126185;5.2450852674;1.4840652512;0.7067990252;0.0062857022;0.0071970424;-0.7073498643;681;1620231191.290190113;681
1620231191.2769939899;0.3734722578;-1.4373781938;2.2569122500;0.6973281383;-0.0109309283;0.0096565531;0.7166036097;1620231191.2602210045;-0.0537180585;5.2450883300;1.4840604720;0.7068001870;0.0062880351;0.0072013296;-0.7073486390;681;1620231191.290190113;681
1620231191.2858190536;0.3749053762;-1.4374600060;2.2569980482;0.6970583034;-0.0108262677;0.0094925912;0.7168698656;1620231191.2770171165;-0.0537290980;5.2450910389;1.4840644977;0.7068046959;0.0062901416;0.0072042785;-0.7073440849;681;1620231191.290190113;681
1620231191.2940330505;0.3765307114;-1.4375921745;2.2569517612;0.6972335057;-0.0111412355;0.0094017091;0.7166958346;1620231191.2858419418;-0.0537193950;5.2450834132;1.4840637428;0.7068047193;0.0062813317;0.0071955227;-0.7073442289;682;1620231191.316161481;682
1620231191.3018670082;0.3778928926;-1.4376647106;2.2570371164;0.6970447723;-0.0109739554;0.0093343373;0.7168828551;1620231191.2940559387;-0.0537364467;5.2450920635;1.4840676062;0.7068065641;0.0062899909;0.0072024017;-0.7073422385;682;1620231191.316161481;682
1620231191.3104569912;0.3794424661;-1.4377535769;2.2570437977;0.6970350240;-0.0111816536;0.0092750698;0.7168898933;1620231191.3018898964;-0.0537126824;5.2450885041;1.4840682996;0.7068033398;0.0062797224;0.0071941832;-0.7073456352;682;1620231191.316161481;682
1620231191.3191900253;0.3810927098;-1.4378315387;2.2570399500;0.6970902421;-0.0114305208;0.0091491216;0.7168338937;1620231191.3104810715;-0.0537221731;5.2450883109;1.4840687407;0.7068055749;0.0062869685;0.0072008994;-0.7073432691;682;1620231191.316161481;682
1620231191.3357329369;0.3842309400;-1.4380181689;2.2569177193;0.6971083084;-0.0122430716;0.0091136543;0.7168033586;1620231191.3192129135;-0.0537133724;5.2450874060;1.4840698650;0.7068026746;0.0062797431;0.0071941183;-0.7073463004;683;1620231191.368104249;683
1620231191.3443009853;0.3855087433;-1.4381183241;2.2569339645;0.6967494300;-0.0122580155;0.0092041473;0.7171507906;1620231191.3357560635;-0.0537397726;5.2450910613;1.4840685101;0.7068055652;0.0062873511;0.0072005892;-0.7073432786;683;1620231191.368104249;683
1620231191.3522639275;0.3872279457;-1.4381618703;2.2569709645;0.6969510412;-0.0125465187;0.0088169035;0.7169547358;1620231191.3443119526;-0.0537122893;5.2450860571;1.4840661631;0.7068033217;0.0062801036;0.0071940860;-0.7073456509;683;1620231191.368104249;683
1620231191.3613669872;0.3886743585;-1.4382627918;2.2569928120;0.6968976379;-0.0125572827;0.0087537110;0.7170072311;1620231191.3523099422;-0.0537352533;5.2450912557;1.4840707417;0.7068028036;0.0062806177;0.0071967747;-0.7073461367;684;1620231191.394075577;684
1620231191.3772540092;0.3918202674;-1.4384341105;2.2570342432;0.6969741158;-0.0128107554;0.0082372400;0.7169345259;1620231191.3613779545;-0.0537238634;5.2450779706;1.4840682747;0.7068041678;0.0062692694;0.0071858410;-0.7073449854;684;1620231191.394075577;684
1620231191.3852260113;0.3932257059;-1.4385079132;2.2571200580;0.6968117459;-0.0125518457;0.0081885152;0.7170974761;1620231191.3772780895;-0.0537194979;5.2450800746;1.4840685650;0.7068032780;0.0062698076;0.0071839677;-0.7073458887;684;1620231191.394075577;684
1620231191.3942809105;0.3949748900;-1.4385663751;2.2571411362;0.6969699617;-0.0128022775;0.0077691738;0.7169439407;1620231191.3852469921;-0.0537212127;5.2450875500;1.4840664734;0.7068025594;0.0062782374;0.0071940649;-0.7073464295;684;1620231191.394075577;684
1620231191.4025540352;0.3963767101;-1.4386420020;2.2572257115;0.6967821460;-0.0125314998;0.0078274684;0.7171306250;1620231191.3943030834;-0.0537219410;5.2450852415;1.4840673443;0.7068023464;0.0062798144;0.0071905552;-0.7073466639;685;1620231191.446018321;685
1620231191.4111480713;0.3979944292;-1.4387450940;2.2571892420;0.6967797886;-0.0129583510;0.0075857322;0.7171279272;1620231191.4025769234;-0.0537219590;5.2450835100;1.4840666910;0.7068026831;0.0062768942;0.0071884821;-0.7073463745;685;1620231191.446018321;685
1620231191.4272799492;0.4010548538;-1.4388981932;2.2572932482;0.6965197728;-0.0128673224;0.0077182626;0.7173806984;1620231191.4111719131;-0.0537230925;5.2450918860;1.4840640370;0.7068028082;0.0062848907;0.0071985871;-0.7073460757;685;1620231191.446018321;685
1620231191.4358510971;0.4026063369;-1.4389351563;2.2573694470;0.6964632228;-0.0127463357;0.0077259783;0.7174376764;1620231191.4273018837;-0.0537225457;5.2450793108;1.4840691844;0.7068007041;0.0062714445;0.0071897521;-0.7073483874;686;1620231191.471989633;686
1620231191.4443569183;0.4041292434;-1.4390644466;2.2573433952;0.6961894455;-0.0128718718;0.0081077374;0.7176968967;1620231191.4358730316;-0.0537126915;5.2450759550;1.4840634513;0.7068018165;0.0062793253;0.0071903694;-0.7073471996;686;1620231191.471989633;686
1620231191.4520199299;0.4056801260;-1.4391106823;2.2573758531;0.6960688126;-0.0128018075;0.0082613762;0.7178133960;1620231191.4443800449;-0.0537124145;5.2450712264;1.4840657920;0.7067988851;0.0062668192;0.0071783894;-0.7073503614;686;1620231191.471989633;686
1620231191.4607479572;0.4071435780;-1.4392014630;2.2573619923;0.6957337315;-0.0128515074;0.0085864431;0.7181334740;1620231191.4520430565;-0.0537180117;5.2450770672;1.4840605835;0.7068012377;0.0062798953;0.0071946500;-0.7073477295;686;1620231191.471989633;686
1620231191.4771111012;0.4102811905;-1.4393425475;2.2573527461;0.6954161402;-0.0128557567;0.0090542071;0.7184352043;1620231191.4607698917;-0.0537076963;5.2450797319;1.4840621742;0.7067960834;0.0062735674;0.0071882405;-0.7073530011;687;1620231191.497960985;687
1620231191.4856700897;0.4118490458;-1.4394013237;2.2573283052;0.6954154577;-0.0129589361;0.0092702868;0.7184312556;1620231191.4771339893;-0.0537235135;5.2450767710;1.4840635556;0.7068008110;0.0062741760;0.0071910392;-0.7073482432;687;1620231191.497960985;687
1620231191.4937000275;0.4134600221;-1.4394607174;2.2573601685;0.6951560469;-0.0130795811;0.0093642625;0.7186788613;1620231191.4856789112;-0.0537159263;5.2450798298;1.4840670456;0.7067958404;0.0062702910;0.0071878061;-0.7073532773;687;1620231191.497960985;687
1620231191.5020160675;0.4150710462;-1.4395461638;2.2573416726;0.6951395247;-0.0133655664;0.0093879027;0.7186892723;1620231191.4937241077;-0.0537211298;5.2450801191;1.4840615585;0.7068003039;0.0062768533;0.0071939698;-0.7073486964;687;1620231191.497960985;687
1620231191.5107309818;0.4166512549;-1.4396272184;2.2574006507;0.6950522292;-0.0133916407;0.0094433886;0.7187724849;1620231191.5020380020;-0.0537267182;5.2450829995;1.4840618109;0.7067994974;0.0062773784;0.0071954435;-0.7073494827;688;1620231191.549903705;688
1620231191.5193459988;0.4181244235;-1.4397365046;2.2574673458;0.6948989019;-0.0132961606;0.0093093786;0.7189242406;1620231191.5107541084;-0.0537208123;5.2450818144;1.4840626498;0.7067990820;0.0062743195;0.0071963871;-0.7073499152;688;1620231191.549903705;688
1620231191.5354909897;0.4213479097;-1.4398852071;2.2576482825;0.6947620333;-0.0128579207;0.0090175330;0.7190681991;1620231191.5193700790;-0.0537437839;5.2450883019;1.4840625474;0.7068006621;0.0062766017;0.0072021740;-0.7073482572;688;1620231191.549903705;688
1620231191.5432450771;0.4229646748;-1.4399577016;2.2577573800;0.6948186725;-0.0124871420;0.0088612194;0.7190219485;1620231191.5355019569;-0.0537230291;5.2450883395;1.4840577505;0.7068008905;0.0062841310;0.0072065492;-0.7073479176;689;1620231191.575875033;689
1620231191.5514829159;0.4245870267;-1.4400446420;2.2578438206;0.6947528350;-0.0122862960;0.0086246974;0.7190918994;1620231191.5432589054;-0.0537268765;5.2450844589;1.4840618918;0.7068052143;0.0062816612;0.0072035364;-0.7073436498;689;1620231191.575875033;689
1620231191.5599079132;0.4261114929;-1.4401475252;2.2578830954;0.6946926946;-0.0119286439;0.0086726715;0.7191554437;1620231191.5514938831;-0.0537335437;5.2450849044;1.4840604915;0.7068038100;0.0062784211;0.0072062170;-0.7073450544;689;1620231191.575875033;689
1620231191.5765221119;0.4293624552;-1.4403215302;2.2578841239;0.6947102066;-0.0118932127;0.0085879230;0.7191401309;1620231191.5599229336;-0.0537201570;5.2450807634;1.4840650571;0.7068019463;0.0062725135;0.0071965737;-0.7073470673;689;1620231191.575875033;689
1620231191.5847260952;0.4309372061;-1.4403658579;2.2579252497;0.6945766130;-0.0119630115;0.0083387553;0.7192709366;1620231191.5765359402;-0.0537490720;5.2450903374;1.4840663320;0.7068078238;0.0062909763;0.0072165879;-0.7073408264;690;1620231191.601846385;690
1620231191.5929880142;0.4324880359;-1.4404220183;2.2579122064;0.6945543153;-0.0120087250;0.0083707439;0.7192913348;1620231191.5847411156;-0.0537216920;5.2450769406;1.4840653739;0.7068042249;0.0062763156;0.0072033117;-0.7073446881;690;1620231191.601846385;690
1620231191.6015760899;0.4341966982;-1.4405018903;2.2578368232;0.6944580198;-0.0124068197;0.0083208040;0.7193781299;1620231191.5930030346;-0.0537488739;5.2450870986;1.4840704115;0.7068045955;0.0062856943;0.0072125237;-0.7073441406;690;1620231191.601846385;690
1620231191.6098840237;0.4356452187;-1.4405147505;2.2579094181;0.6943236951;-0.0123006195;0.0081286389;0.7195117973;1620231191.6015911102;-0.0537203499;5.2450819236;1.4840668293;0.7068033890;0.0062833397;0.0072095296;-0.7073453977;691;1620231191.653789065;691
1620231191.6264729500;0.4389457922;-1.4406297419;2.2579318389;0.6943667837;-0.0124290222;0.0081617663;0.7194676328;1620231191.6098999977;-0.0537401625;5.2450862505;1.4840681277;0.7068021152;0.0062846474;0.0072109180;-0.7073466447;691;1620231191.653789065;691
1620231191.6347129345;0.4405864694;-1.4406704597;2.2579054650;0.6945247628;-0.0127101349;0.0081742535;0.7193100777;1620231191.6264889240;-0.0537166041;5.2450802979;1.4840643700;0.7067986730;0.0062787799;0.0072038889;-0.7073502080;691;1620231191.653789065;691
1620231191.6430799961;0.4422211783;-1.4407532681;2.2578962301;0.6942537240;-0.0129680294;0.0080730159;0.7195682201;1620231191.6347270012;-0.0537176252;5.2450741039;1.4840681878;0.7067962625;0.0062751584;0.0071975472;-0.7073527133;691;1620231191.653789065;691
1620231191.6511731148;0.4438096018;-1.4408011519;2.2579725270;0.6942904141;-0.0126694072;0.0081134124;0.7195376846;1620231191.6431009769;-0.0537398127;5.2450760229;1.4840718913;0.7067988401;0.0062793734;0.0072008596;-0.7073500666;692;1620231191.679760473;692
1620231191.6679050922;0.4468397751;-1.4409195219;2.2580442805;0.6937308737;-0.0125114070;0.0080472006;0.7200806775;1620231191.6511878967;-0.0537359536;5.2450800916;1.4840650757;0.7068006247;0.0062892792;0.0072072687;-0.7073481301;692;1620231191.679760473;692
1620231191.6763970852;0.4484746498;-1.4409788910;2.2581590481;0.6933789713;-0.0126569153;0.0075718758;0.7204221480;1620231191.6679201126;-0.0537379533;5.2450799875;1.4840693618;0.7068026741;0.0062865420;0.0072104304;-0.7073460744;692;1620231191.679760473;692
1620231191.6850619316;0.4500045314;-1.4410730721;2.2582379421;0.6932958345;-0.0124601896;0.0074441605;0.7205069146;1620231191.6764249802;-0.0537171567;5.2450806397;1.4840667192;0.7068017925;0.0062880537;0.0072132128;-0.7073469135;692;1620231191.679760473;692
1620231191.6933100224;0.4516970645;-1.4411462845;2.2584262845;0.6932036415;-0.0118231833;0.0073417445;0.7206073983;1620231191.6850769520;-0.0537052810;5.2450800995;1.4840637967;0.7068037443;0.0062916922;0.0072146250;-0.7073449165;693;1620231191.731703177;693
1620231191.7014288902;0.4533720821;-1.4412058886;2.2584432679;0.6932132675;-0.0117346054;0.0076326826;0.7205965632;1620231191.6933259964;-0.0537067890;5.2450849650;1.4840629381;0.7068040150;0.0063000948;0.0072208681;-0.7073445075;693;1620231191.731703177;693
1620231191.7264730930;0.4582939418;-1.4414965999;2.2585354963;0.6927264354;-0.0107944020;0.0085307706;0.7210692010;1620231191.7014439106;-0.0537087451;5.2450772526;1.4840639056;0.7068048235;0.0062942925;0.0072119377;-0.7073438423;693;1620231191.731703177;693
1620231191.7352681160;0.4599853229;-1.4415758392;2.2585599947;0.6926492128;-0.0106859669;0.0087036005;0.7211429300;1620231191.7264928818;-0.0537149523;5.2450798890;1.4840648707;0.7068016676;0.0062889502;0.0072175848;-0.7073469857;694;1620231191.757674521;694
1620231191.7435638905;0.4615654926;-1.4416542145;2.2585819399;0.6925205204;-0.0104537615;0.0090065408;0.7212661990;1620231191.7352840900;-0.0537093346;5.2450672359;1.4840576253;0.7068053817;0.0062867600;0.0072092378;-0.7073433791;694;1620231191.757674521;694
1620231191.7515850067;0.4632781151;-1.4417208995;2.2585784149;0.6923991964;-0.0105174738;0.0092864486;0.7213781931;1620231191.7435801029;-0.0537129853;5.2450732262;1.4840593468;0.7068053176;0.0062901578;0.0072120611;-0.7073433842;694;1620231191.757674521;694
1620231191.7604160309;0.4648378045;-1.4417882501;2.2585952430;0.6922133675;-0.0104893591;0.0095225347;0.7215538431;1620231191.7516100407;-0.0537387906;5.2450683090;1.4840637824;0.7068053621;0.0062827116;0.0072108714;-0.7073434180;694;1620231191.757674521;694
1620231191.7775309086;0.4681211711;-1.4419245305;2.2585782451;0.6921278145;-0.0109903029;0.0096839259;0.7216263044;1620231191.7604451180;-0.0537373320;5.2450786509;1.4840639967;0.7068042936;0.0062975283;0.0072209980;-0.7073442506;695;1620231191.809617233;695
1620231191.7847640514;0.4698443947;-1.4419997508;2.2585858471;0.6921109291;-0.0114443741;0.0094623613;0.7216383803;1620231191.7775559425;-0.0537194217;5.2450718058;1.4840563602;0.7068064827;0.0062934719;0.0072145208;-0.7073421654;695;1620231191.809617233;695
1620231191.7938520908;0.4714586590;-1.4420865685;2.2586236477;0.6920893000;-0.0114061377;0.0096060214;0.7216578311;1620231191.7847919464;-0.0537089913;5.2450756024;1.4840556926;0.7068026188;0.0062949628;0.0072180778;-0.7073459768;695;1620231191.809617233;695
1620231191.8020160198;0.4731146661;-1.4421323999;2.2586687481;0.6919588236;-0.0115437618;0.0094222981;0.7217831726;1620231191.7938671112;-0.0537136886;5.2450692530;1.4840578664;0.7068027406;0.0062881328;0.0072073159;-0.7073460255;696;1620231191.835588553;696
1620231191.8105430603;0.4747934455;-1.4422465420;2.2587153968;0.6920544077;-0.0115336975;0.0093924875;0.7216920755;1620231191.8020310402;-0.0537099336;5.2450810168;1.4840573808;0.7068052556;0.0063007945;0.0072197563;-0.7073432729;696;1620231191.835588553;696
1620231191.8272669315;0.4782036837;-1.4424366617;2.2588547068;0.6921424910;-0.0115474902;0.0088546546;0.7216141786;1620231191.8105590343;-0.0537179811;5.2450863771;1.4840600270;0.7068043470;0.0063066144;0.0072270913;-0.7073440541;696;1620231191.835588553;696
1620231191.8348290920;0.4799050259;-1.4424924079;2.2588483032;0.6920649336;-0.0115701597;0.0087542757;0.7216894219;1620231191.8272991180;-0.0537464258;5.2450833169;1.4840649364;0.7068007953;0.0062931182;0.0072178046;-0.7073478181;696;1620231191.835588553;696
1620231191.8433101177;0.4815109476;-1.4426001565;2.2589307449;0.6919803958;-0.0114966114;0.0085877403;0.7217736560;1620231191.8348429203;-0.0537200813;5.2450869644;1.4840586454;0.7068054734;0.0063087021;0.0072265707;-0.7073429153;697;1620231191.887531297;697
1620231191.8514220715;0.4832511692;-1.4426661451;2.2589674845;0.6920371972;-0.0116897921;0.0082895834;0.7217195780;1620231191.8433248997;-0.0537230673;5.2450819714;1.4840582899;0.7068040937;0.0063006003;0.0072168616;-0.7073444652;697;1620231191.887531297;697
1620231191.8601899147;0.4849332592;-1.4427714137;2.2589857851;0.6919636764;-0.0116825662;0.0083550485;0.7217894301;1620231191.8514358997;-0.0537169485;5.2450807457;1.4840594051;0.7067988755;0.0062911661;0.0072122852;-0.7073498101;697;1620231191.887531297;697
1620231191.8771300316;0.4882782518;-1.4429201680;2.2590609879;0.6917711337;-0.0117554446;0.0083911840;0.7219723652;1620231191.8602049351;-0.0537182256;5.2450939406;1.4840563059;0.7068037854;0.0063110801;0.0072277266;-0.7073445689;697;1620231191.887531297;697
1620231191.8851869106;0.4900692013;-1.4430011085;2.2590984431;0.6918828252;-0.0119335650;0.0084219850;0.7218620480;1620231191.8771460056;-0.0537371875;5.2451048778;1.4840587803;0.7068024360;0.0063111537;0.0072333727;-0.7073458589;698;1620231191.913502673;698
1620231191.8941729069;0.4916436339;-1.4430802234;2.2591081228;0.6916257093;-0.0118494939;0.0086279038;0.7221073515;1620231191.8852000237;-0.0537185818;5.2450931965;1.4840565450;0.7068040115;0.0063017532;0.0072201231;-0.7073445038;698;1620231191.913502673;698
1620231191.9022700787;0.4933191227;-1.4431531545;2.2591578636;0.6913597175;-0.0116720944;0.0087559901;0.7223633683;1620231191.8941879272;-0.0537209278;5.2451013742;1.4840582882;0.7068051598;0.0063080746;0.0072267845;-0.7073432320;698;1620231191.913502673;698
1620231191.9106779099;0.4950564027;-1.4432344296;2.2591124924;0.6913161162;-0.0120130288;0.0088883612;0.7223978901;1620231191.9022829533;-0.0537172323;5.2451051306;1.4840589358;0.7068055355;0.0063070884;0.0072243314;-0.7073428904;698;1620231191.913502673;698
1620231191.9190061092;0.4968407355;-1.4433610479;2.2591262852;0.6914011341;-0.0121344712;0.0090094906;0.7223129900;1620231191.9106910229;-0.0537212561;5.2451063354;1.4840600434;0.7068068434;0.0063022302;0.0072229384;-0.7073416411;699;1620231191.965445377;699
1620231191.9350628853;0.5001537890;-1.4435208078;2.2593281097;0.6909928737;-0.0118987941;0.0089479014;0.7227082415;1620231191.9190208912;-0.0537222679;5.2451092050;1.4840643496;0.7068077589;0.0062990981;0.0072213511;-0.7073407703;699;1620231191.965445377;699
1620231191.9515008926;0.5034937355;-1.4437439493;2.2594189761;0.6906028175;-0.0118390788;0.0092268773;0.7230784531;1620231191.9350790977;-0.0537152563;5.2451130872;1.4840656513;0.7068069122;0.0062988812;0.0072202268;-0.7073416298;699;1620231191.965445377;699
1620231191.9602251053;0.5052330986;-1.4437905602;2.2595971875;0.6903867758;-0.0115531406;0.0091062932;0.7232908821;1620231191.9515171051;-0.0537238667;5.2451134258;1.4840701953;0.7068088174;0.0062995630;0.0072172125;-0.7073397507;700;1620231191.991416649;700
1620231191.9764080048;0.5087026953;-1.4439893294;2.2597330383;0.6902144892;-0.0114588065;0.0092506055;0.7234549612;1620231191.9602410793;-0.0537189908;5.2451082169;1.4840671563;0.7068088121;0.0062960803;0.0072107563;-0.7073398529;700;1620231191.991416649;700
1620231191.9852221012;0.5103083970;-1.4441067402;2.2598601829;0.6898990660;-0.0110539286;0.0093174797;0.7237611995;1620231191.9764220715;-0.0537237535;5.2450952269;1.4840693833;0.7068066615;0.0062835615;0.0072029813;-0.7073421925;700;1620231191.991416649;700
1620231191.9934649467;0.5121602208;-1.4442416666;2.2599008350;0.6899696559;-0.0110353319;0.0093597111;0.7236936446;1620231191.9852359295;-0.0537233947;5.2450789257;1.4840722791;0.7068081834;0.0062708393;0.0071885574;-0.7073409313;700;1620231191.991416649;700
1620231192.0017321110;0.5138288167;-1.4443024877;2.2601215462;0.6896749984;-0.0104488441;0.0092074903;0.7239851106;1620231191.9934821129;-0.0537130808;5.2450830361;1.4840680370;0.7068065185;0.0062778062;0.0071933533;-0.7073424844;701;1620231192.043359393;701
1620231192.0101521015;0.5156860564;-1.4444678073;2.2601163970;0.6898081543;-0.0104110547;0.0095802795;0.7238539483;1620231192.0017468929;-0.0537401293;5.2450827607;1.4840775245;0.7068060584;0.0062735146;0.0071904159;-0.7073430120;701;1620231192.043359393;701
1620231192.0265960693;0.5192130335;-1.4446400457;2.2602672084;0.6896736865;-0.0102108383;0.0097204338;0.7239830509;1620231192.0101659298;-0.0537202170;5.2450802305;1.4840662634;0.7068069844;0.0062808921;0.0071957086;-0.7073419675;701;1620231192.043359393;701
1620231192.0436611176;0.5226547039;-1.4448553621;2.2602904400;0.6893766277;-0.0107308897;0.0098732562;0.7242563303;1620231192.0266110897;-0.0537160171;5.2450841892;1.4840654197;0.7068031169;0.0062801240;0.0071986691;-0.7073458088;702;1620231192.069330761;702
1620231192.0516979694;0.5242435012;-1.4449060216;2.2604202033;0.6891002415;-0.0107565677;0.0096686357;0.7245216842;1620231192.0436770916;-0.0537193217;5.2450790448;1.4840670910;0.7068028397;0.0062804317;0.0072003919;-0.7073460655;702;1620231192.069330761;702
1620231192.0606729984;0.5260133563;-1.4450164002;2.2604226695;0.6889881305;-0.0110161072;0.0095111944;0.7246264821;1620231192.0517120361;-0.0537235195;5.2450793085;1.4840701835;0.7068020039;0.0062751804;0.0071972368;-0.7073469793;702;1620231192.069330761;702
1620231192.0766999722;0.5295351652;-1.4452136480;2.2606862424;0.6888876171;-0.0112544999;0.0085075237;0.7247308530;1620231192.0606880188;-0.0537109291;5.2450823865;1.4840687659;0.7068011712;0.0062844384;0.0071984017;-0.7073477174;702;1620231192.069330761;702
1620231192.0934948921;0.5331062006;-1.4455054979;2.2608919914;0.6889247380;-0.0112912137;0.0078752446;0.7247021419;1620231192.0767650604;-0.0537144415;5.2450797996;1.4840678958;0.7068004467;0.0062815522;0.0071988623;-0.7073484622;703;1620231192.121273529;703
1620231192.1020429134;0.5347217048;-1.4455433446;2.2609982225;0.6886235941;-0.0111316229;0.0075504780;0.7249942226;1620231192.0935099125;-0.0537103951;5.2450774634;1.4840690649;0.7068002961;0.0062802464;0.0071983644;-0.7073486294;703;1620231192.121273529;703
1620231192.1099250317;0.5365863140;-1.4457197049;2.2610372774;0.6885814936;-0.0111313214;0.0074022077;0.7250357423;1620231192.1020669937;-0.0537104249;5.2450762399;1.4840696906;0.7068006840;0.0062812021;0.0071967794;-0.7073482494;703;1620231192.121273529;703
1620231192.1267259121;0.5402492405;-1.4459648360;2.2611533313;0.6886860344;-0.0111888558;0.0072978918;0.7249366153;1620231192.1099410057;-0.0537170988;5.2450787438;1.4840692460;0.7067981737;0.0062828379;0.0072019217;-0.7073506909;704;1620231192.147244809;704
1620231192.1350719929;0.5420504693;-1.4460995191;2.2611661589;0.6887288464;-0.0112618380;0.0072506377;0.7248952859;1620231192.1267700195;-0.0537039542;5.2450672443;1.4840690494;0.7067990596;0.0062726557;0.0071881225;-0.7073500364;704;1620231192.147244809;704
1620231192.1441960335;0.5437159778;-1.4461936351;2.2612683966;0.6882474075;-0.0111832297;0.0071286574;0.7253548261;1620231192.1350879669;-0.0537186432;5.2450737862;1.4840695231;0.7067998993;0.0062803814;0.0072013960;-0.7073489938;704;1620231192.147244809;704
1620231192.1520550251;0.5455923339;-1.4463618112;2.2612269992;0.6883573951;-0.0112989665;0.0073682776;0.7252462606;1620231192.1442279816;-0.0537163797;5.2450690565;1.4840712612;0.7067998815;0.0062761648;0.0071928534;-0.7073491360;704;1620231192.147244809;704
1620231192.1601309776;0.5473731356;-1.4464605409;2.2613238126;0.6882152777;-0.0110469834;0.0074725701;0.7253839372;1620231192.1520700455;-0.0537136989;5.2450702388;1.4840697252;0.7067994838;0.0062774804;0.0071977628;-0.7073494717;705;1620231192.199187545;705
1620231192.1770689487;0.5508779003;-1.4467197964;2.2613845377;0.6879198133;-0.0108583590;0.0079918105;0.7256614620;1620231192.1601660252;-0.0537140433;5.2450583990;1.4840688092;0.7068014895;0.0062686054;0.0071871669;-0.7073476541;705;1620231192.199187545;705
1620231192.1939530373;0.5544635338;-1.4469337848;2.2614388073;0.6875930160;-0.0107243580;0.0086529536;0.7259655356;1620231192.1771099567;-0.0537071323;5.2450780422;1.4840631008;0.7068026196;0.0062944069;0.0072089572;-0.7073460739;706;1620231192.225158921;706
1620231192.2022750378;0.5562743434;-1.4470781075;2.2613564020;0.6874145888;-0.0110353132;0.0092541307;0.7261224181;1620231192.1939640045;-0.0537153685;5.2450796444;1.4840675615;0.7068006964;0.0062919173;0.0072109515;-0.7073479975;706;1620231192.225158921;706
1620231192.2108080387;0.5579927109;-1.4470885740;2.2613638129;0.6872571467;-0.0109546773;0.0097253978;0.7262664980;1620231192.2022891045;-0.0537170618;5.2450792083;1.4840654025;0.7067992639;0.0062902291;0.0072111463;-0.7073494419;706;1620231192.225158921;706
1620231192.2269299030;0.5615563394;-1.4473210358;2.2612796464;0.6868585820;-0.0112405075;0.0106961614;0.7266254410;1620231192.2108240128;-0.0537164045;5.2450803630;1.4840656277;0.7068010132;0.0062893581;0.0072093631;-0.7073477198;706;1620231192.225158921;706
1620231192.2350690365;0.5633547324;-1.4474558000;2.2612684267;0.6866439106;-0.0113369761;0.0109081285;0.7268236552;1620231192.2269608974;-0.0537136044;5.2450844893;1.4840685101;0.7068008691;0.0062938106;0.0072105693;-0.7073478120;707;1620231192.277101625;707
1620231192.2437050343;0.5651255941;-1.4475647289;2.2613720374;0.6864411606;-0.0110917264;0.0110947677;0.7270161021;1620231192.2350959778;-0.0537222593;5.2450885021;1.4840656314;0.7068010785;0.0062930542;0.0072134114;-0.7073475804;707;1620231192.277101625;707
1620231192.2518720627;0.5671431350;-1.4477013742;2.2613048552;0.6865103799;-0.0113859327;0.0111509918;0.7269453309;1620231192.2437210083;-0.0537196677;5.2450858831;1.4840681107;0.7067989426;0.0062882313;0.0072111101;-0.7073497810;707;1620231192.277101625;707
1620231192.2603189945;0.5689817994;-1.4478090810;2.2613999424;0.6865081332;-0.0111213883;0.0112646878;0.7269497951;1620231192.2519040108;-0.0537216738;5.2450808766;1.4840662099;0.7068008140;0.0062837868;0.0072058366;-0.7073480044;707;1620231192.277101625;707
1620231192.2770550251;0.5726669546;-1.4481916380;2.2610922476;0.6862939550;-0.0120205882;0.0120312185;0.7271254105;1620231192.2603380680;-0.0537167233;5.2450817990;1.4840678383;0.7067978934;0.0062869628;0.0072059133;-0.7073508937;708;1620231192.303072977;708
1620231192.2856800556;0.5745231522;-1.4483256121;2.2610437014;0.6861286872;-0.0124243045;0.0120345865;0.7272745218;1620231192.2770709991;-0.0537208111;5.2450824298;1.4840691701;0.7068007396;0.0062870661;0.0072054787;-0.7073480532;708;1620231192.303072977;708
1620231192.2932989597;0.5762622031;-1.4483604551;2.2611509950;0.6858437546;-0.0125814180;0.0115619295;0.7275481935;1620231192.2857069969;-0.0537256180;5.2450871967;1.4840671357;0.7068022013;0.0062961402;0.0072130035;-0.7073464352;708;1620231192.303072977;708
1620231192.3016130924;0.5783230537;-1.4484822388;2.2610758895;0.6858893348;-0.0132423272;0.0114286535;0.7274955993;1620231192.2933139801;-0.0537209106;5.2450784197;1.4840674839;0.7068025910;0.0062845449;0.0072037076;-0.7073462436;708;1620231192.303072977;708
1620231192.3100728989;0.5800688814;-1.4485566107;2.2611113187;0.6858402160;-0.0133825663;0.0112745154;0.7275417447;1620231192.3016269207;-0.0537128634;5.2450822328;1.4840686748;0.7068018112;0.0062899123;0.0072046801;-0.7073469653;709;1620231192.355015713;709
1620231192.3266019821;0.5838220915;-1.4487504593;2.2611749161;0.6858471272;-0.0138148768;0.0106701903;0.7275362633;1620231192.3100879192;-0.0537180977;5.2450752903;1.4840649248;0.7068038432;0.0062804637;0.0071990223;-0.7073450764;709;1620231192.355015713;709
1620231192.3349070549;0.5856343040;-1.4488485792;2.2611954035;0.6855968647;-0.0141644566;0.0102060740;0.7277720408;1620231192.3266170025;-0.0537172158;5.2450711518;1.4840726747;0.7068022402;0.0062711988;0.0071903209;-0.7073468488;709;1620231192.355015713;709
1620231192.3437979221;0.5874693766;-1.4489284788;2.2613347037;0.6855849356;-0.0139135149;0.0101342360;0.7277891229;1620231192.3349180222;-0.0537202156;5.2450739183;1.4840674130;0.7068023713;0.0062798315;0.0071953667;-0.7073465900;709;1620231192.355015713;709
1620231192.3515279293;0.5895017637;-1.4490216874;2.2613627724;0.6857892048;-0.0140540139;0.0098053675;0.7275984511;1620231192.3438100815;-0.0537228669;5.2450784925;1.4840673334;0.7068026167;0.0062845790;0.0071976514;-0.7073462793;710;1620231192.380987033;710
1620231192.3602991104;0.5912647697;-1.4491338473;2.2614610788;0.6855658403;-0.0139283314;0.0095750139;0.7278143989;1620231192.3515419960;-0.0537235342;5.2450710248;1.4840684818;0.7068039094;0.0062739779;0.0071942262;-0.7073451166;710;1620231192.380987033;710
1620231192.3770499229;0.5950098814;-1.4493161951;2.2616561234;0.6856026134;-0.0137865249;0.0087209530;0.7277931940;1620231192.3603360653;-0.0537236302;5.2450808961;1.4840654933;0.7068025266;0.0062847571;0.0072022057;-0.7073463214;710;1620231192.380987033;710
1620231192.3853189945;0.5970350226;-1.4493812039;2.2617520885;0.6857207681;-0.0138712905;0.0081355809;0.7276870398;1620231192.3770670891;-0.0537429268;5.2450789898;1.4840712393;0.7068047914;0.0062839559;0.0072023866;-0.7073440636;711;1620231192.406958345;711
1620231192.3937399387;0.5988966805;-1.4494593627;2.2617484078;0.6855484173;-0.0137283828;0.0084352441;0.7278487108;1620231192.3853299618;-0.0537240079;5.2450809560;1.4840658308;0.7068041913;0.0062842246;0.0072007923;-0.7073446772;711;1620231192.406958345;711
1620231192.4017400742;0.6008095001;-1.4495495170;2.2618246894;0.6854579359;-0.0136782235;0.0082210215;0.7279373181;1620231192.3937509060;-0.0537235954;5.2450744590;1.4840694731;0.7068030737;0.0062792676;0.0071954709;-0.7073458921;711;1620231192.406958345;711
1620231192.4103889465;0.6026459874;-1.4496696168;2.2619241723;0.6853115372;-0.0134611697;0.0082370779;0.7280790097;1620231192.4017899036;-0.0537150758;5.2450767254;1.4840659107;0.7068047655;0.0062806226;0.0071930414;-0.7073442143;711;1620231192.406958345;711
1620231192.4263970852;0.6063538265;-1.4498408800;2.2621191300;0.6849090056;-0.0127914965;0.0081992407;0.7284701807;1620231192.4103999138;-0.0537205514;5.2450777400;1.4840698663;0.7068042653;0.0062787558;0.0071945775;-0.7073447150;712;1620231192.458901089;712
1620231192.4435009956;0.6102686287;-1.4500561588;2.2623607136;0.6847119823;-0.0121179335;0.0082263967;0.7286665790;1620231192.4264080524;-0.0537257117;5.2450782453;1.4840715065;0.7068049021;0.0062794573;0.0071934103;-0.7073440843;712;1620231192.458901089;712
1620231192.4515199661;0.6122219064;-1.4501437575;2.2623934058;0.6846993108;-0.0119852001;0.0085029043;0.7286775071;1620231192.4435179234;-0.0537278236;5.2450856640;1.4840710866;0.7068082123;0.0062858968;0.0072024226;-0.7073406277;712;1620231192.458901089;712
1620231192.4600489140;0.6140648682;-1.4502194689;2.2624794562;0.6844878546;-0.0118125939;0.0085896635;0.7288779440;1620231192.4515359402;-0.0537279191;5.2450878226;1.4840745484;0.7068045557;0.0062839858;0.0072030313;-0.7073442924;713;1620231192.510843849;713
1620231192.4767339230;0.6178244805;-1.4504268972;2.2626908922;0.6841410707;-0.0114773497;0.0085658909;0.7292090862;1620231192.4600639343;-0.0537286602;5.2450902507;1.4840732634;0.7068046803;0.0062899196;0.0072087370;-0.7073440570;713;1620231192.510843849;713
1620231192.4848730564;0.6198236989;-1.4505213968;2.2627956496;0.6841375568;-0.0113503306;0.0085135204;0.7292149843;1620231192.4767510891;-0.0537235039;5.2450903083;1.4840729416;0.7068075543;0.0062908761;0.0072054861;-0.7073412098;713;1620231192.510843849;713
1620231192.4932570457;0.6216824033;-1.4506488338;2.2628713846;0.6839354253;-0.0110912994;0.0087361847;0.7294059201;1620231192.4848880768;-0.0537270087;5.2450887990;1.4840719212;0.7068056299;0.0062906203;0.0072051464;-0.7073431385;713;1620231192.510843849;713
1620231192.5018389225;0.6236209668;-1.4507450346;2.2629424936;0.6838528264;-0.0109443360;0.0088161279;0.7294846189;1620231192.4932858944;-0.0537229495;5.2450867828;1.4840735748;0.7068037650;0.0062851706;0.0072008196;-0.7073450944;714;1620231192.536815193;714
1620231192.5102219582;0.6255612400;-1.4508512154;2.2630098979;0.6837562910;-0.0108865300;0.0089009875;0.7295749381;1620231192.5018539429;-0.0537246616;5.2450838627;1.4840705826;0.7068051297;0.0062865465;0.0072040573;-0.7073436856;714;1620231192.536815193;714
1620231192.5266749859;0.6293895176;-1.4510348904;2.2630175212;0.6836544333;-0.0110626390;0.0091710384;0.7296643927;1620231192.5102560520;-0.0537258076;5.2450767445;1.4840686642;0.7068053476;0.0062837209;0.0072007282;-0.7073435269;714;1620231192.536815193;714
1620231192.5436799526;0.6331977459;-1.4512287136;2.2630691888;0.6835087357;-0.0116289250;0.0092095292;0.7297915873;1620231192.5267140865;-0.0537235833;5.2450871722;1.4840651658;0.7068070053;0.0062980437;0.0072109958;-0.7073416384;715;1620231192.588757889;715
1620231192.5517840385;0.6352746562;-1.4512932823;2.2630741357;0.6835815316;-0.0120962939;0.0091498246;0.7297165546;1620231192.5436980724;-0.0537171759;5.2450774976;1.4840672515;0.7068012862;0.0062837384;0.0072008647;-0.7073475836;715;1620231192.588757889;715
1620231192.5600121021;0.6370226093;-1.4514094801;2.2630688805;0.6833127476;-0.0125086131;0.0092321338;0.7299602669;1620231192.5517981052;-0.0537285734;5.2450837976;1.4840720169;0.7068015015;0.0062881011;0.0072060815;-0.7073472765;715;1620231192.588757889;715
1620231192.5690639019;0.6391214324;-1.4514767934;2.2630900201;0.6834697248;-0.0128776483;0.0092106106;0.7298071431;1620231192.5600359440;-0.0537262200;5.2450694629;1.4840696560;0.7068012475;0.0062769573;0.0071956113;-0.7073477360;715;1620231192.588757889;715
1620231192.5850200653;0.6429077731;-1.4516728129;2.2631746802;0.6833116640;-0.0134735570;0.0090564009;0.7299463094;1620231192.5690789223;-0.0537200432;5.2450800751;1.4840696695;0.7068006057;0.0062844804;0.0072031680;-0.7073482335;716;1620231192.614729241;716
1620231192.5933179855;0.6449380245;-1.4517712614;2.2631858574;0.6833673711;-0.0137579605;0.0090295349;0.7298891848;1620231192.5850470066;-0.0537204408;5.2450755009;1.4840682104;0.7068042866;0.0062854404;0.0072041021;-0.7073445374;716;1620231192.614729241;716
1620231192.6017429829;0.6468474152;-1.4518828999;2.2633251726;0.6831701232;-0.0137479606;0.0088569557;0.7300761130;1620231192.5933289528;-0.0537237271;5.2450685708;1.4840710005;0.7067997492;0.0062730579;0.0071952747;-0.7073492711;716;1620231192.614729241;716
1620231192.6099340916;0.6489211788;-1.4520032013;2.2633994835;0.6832635439;-0.0138859034;0.0087080642;0.7299878635;1620231192.6017570496;-0.0537178776;5.2450642253;1.4840692397;0.7068014366;0.0062753629;0.0071925175;-0.7073475926;716;1620231192.614729241;716
1620231192.6268160343;0.6528157233;-1.4522189723;2.2635760055;0.6829887485;-0.0138137299;0.0086503579;0.7302470278;1620231192.6099650860;-0.0537152567;5.2450770649;1.4840687618;0.7068021702;0.0062873417;0.0072039039;-0.7073466373;717;1620231192.666671881;717
1620231192.6435730457;0.6566675305;-1.4524446322;2.2638322010;0.6826872410;-0.0135652327;0.0085995682;0.7305341627;1620231192.6268270016;-0.0537194311;5.2450633187;1.4840731968;0.7068012165;0.0062698310;0.0071897120;-0.7073478901;717;1620231192.666671881;717
1620231192.6516370773;0.6586026329;-1.4525920744;2.2638876776;0.6825498338;-0.0133943807;0.0088227946;0.7306630368;1620231192.6436419487;-0.0537158623;5.2450668759;1.4840717383;0.7068018385;0.0062766609;0.0071949929;-0.7073471543;717;1620231192.666671881;717
1620231192.6600599289;0.6606414468;-1.4526919800;2.2640008808;0.6824698787;-0.0131481946;0.0089330908;0.7307408498;1620231192.6516520977;-0.0537179870;5.2450765645;1.4840713577;0.7068006016;0.0062874625;0.0072054375;-0.7073481879;718;1620231192.692643233;718
1620231192.6767408848;0.6642762512;-1.4529079017;2.2643195968;0.6817775010;-0.0120054512;0.0097568158;0.7313960028;1620231192.6600739956;-0.0537214118;5.2450659602;1.4840736659;0.7068017515;0.0062751968;0.0071973189;-0.7073472306;718;1620231192.692643233;718
1620231192.6856329441;0.6662176976;-1.4530109794;2.2644585206;0.6814819706;-0.0116739423;0.0098502796;0.7316754847;1620231192.6767570972;-0.0537120179;5.2450657488;1.4840691220;0.7068015732;0.0062794582;0.0071964809;-0.7073473794;718;1620231192.692643233;718
1620231192.6933939457;0.6681319097;-1.4531312803;2.2645521824;0.6812108980;-0.0113622778;0.0101471347;0.7319287169;1620231192.6856551170;-0.0537460583;5.2450816986;1.4840732931;0.7068026789;0.0062937527;0.0072162928;-0.7073459457;718;1620231192.692643233;718
1620231192.7017009258;0.6697613307;-1.4532411888;2.2647284399;0.6805465834;-0.0108950483;0.0102741316;0.7325517647;1620231192.6934239864;-0.0537075484;5.2450683393;1.4840677511;0.7068021187;0.0062877866;0.0072029693;-0.7073466943;719;1620231192.744585921;719
1620231192.7103230953;0.6718632262;-1.4533440314;2.2648258956;0.6805500581;-0.0108770443;0.0102780254;0.7325487496;1620231192.7017149925;-0.0537328508;5.2450683865;1.4840747354;0.7068020926;0.0062805160;0.0071946641;-0.7073468696;719;1620231192.744585921;719
1620231192.7266969681;0.6757720530;-1.4534112265;2.2650503514;0.6800524236;-0.0104497332;0.0101845792;0.7330182662;1620231192.7103369236;-0.0537369822;5.2450737655;1.4840771851;0.7068034861;0.0062900111;0.0072053096;-0.7073452843;719;1620231192.744585921;719
1620231192.7437388897;0.6798101822;-1.4536083054;2.2653082204;0.6800041675;-0.0103755765;0.0109027412;0.7330537564;1620231192.7267129421;-0.0537334715;5.2450742753;1.4840772889;0.7068024062;0.0062891518;0.0072031601;-0.7073463929;720;1620231192.770557385;720
1620231192.7515358925;0.6817695399;-1.4537161173;2.2654302410;0.6798947131;-0.0102261410;0.0110810842;0.7331547004;1620231192.7437551022;-0.0537350658;5.2450694784;1.4840736695;0.7068012947;0.0062859768;0.0072010614;-0.7073475532;720;1620231192.770557385;720
1620231192.7599420547;0.6836410824;-1.4538265796;2.2656655515;0.6796495387;-0.0096506008;0.0109580652;0.7333916356;1620231192.7515509129;-0.0537359971;5.2450754309;1.4840708306;0.7068008091;0.0062908112;0.0072089234;-0.7073479154;720;1620231192.770557385;720
1620231192.7769339085;0.6877126169;-1.4540616955;2.2660115273;0.6792246985;-0.0096419340;0.0105093351;0.7337917933;1620231192.7599530220;-0.0537194291;5.2450670672;1.4840684194;0.7068009176;0.0062824783;0.0071984008;-0.7073479882;720;1620231192.770557385;720
1620231192.7848780155;0.6898740456;-1.4541387863;2.2662279476;0.6792474959;-0.0095924798;0.0100033992;0.7337784104;1620231192.7769489288;-0.0537187021;5.2450765672;1.4840697998;0.7068000870;0.0062903561;0.0072072705;-0.7073486578;721;1620231192.822500081;721
1620231192.7935309410;0.6918079940;-1.4542728147;2.2663889499;0.6790447706;-0.0096037175;0.0096802540;0.7339702043;1620231192.7849059105;-0.0537150340;5.2450784978;1.4840735599;0.7067972869;0.0062882500;0.0072065080;-0.7073514822;721;1620231192.822500081;721
1620231192.8014330864;0.6940530355;-1.4543313066;2.2665371261;0.6792738117;-0.0098127575;0.0089109426;0.7337652169;1620231192.7935469151;-0.0537200326;5.2450769215;1.4840736384;0.7067996194;0.0062908797;0.0072077267;-0.7073491157;721;1620231192.822500081;721
1620231192.8099920750;0.6959137215;-1.4544504541;2.2666594026;0.6789676511;-0.0098755536;0.0089684793;0.7340469799;1620231192.8014440536;-0.0537456362;5.2450781259;1.4840795019;0.7068003564;0.0062840360;0.0072068656;-0.7073484489;721;1620231192.822500081;721
1620231192.8269829750;0.6999318065;-1.4546739839;2.2668087785;0.6788923829;-0.0107590551;0.0091257724;0.7341022378;1620231192.8100070953;-0.0537423592;5.2450773029;1.4840779503;0.7068004754;0.0062812156;0.0072039784;-0.7073483844;722;1620231192.848471377;722
1620231192.8350200653;0.7019387167;-1.4547213606;2.2669039696;0.6788289350;-0.0109821639;0.0088514889;0.7341609634;1620231192.8269948959;-0.0537200523;5.2450814273;1.4840680475;0.7068011638;0.0062918581;0.0072095058;-0.7073475457;722;1620231192.848471377;722
1620231192.8436310291;0.7041338077;-1.4548029434;2.2669106365;0.6789747378;-0.0117981064;0.0089488489;0.7340122807;1620231192.8350329399;-0.0537457418;5.2450821606;1.4840716155;0.7068048564;0.0062902681;0.0072114168;-0.7073438505;722;1620231192.848471377;722
1620231192.8517379761;0.7059991412;-1.4549186521;2.2670378333;0.6786870369;-0.0119719598;0.0090061127;0.7342747905;1620231192.8436460495;-0.0537474793;5.2450778149;1.4840670058;0.7068070774;0.0062894120;0.0072107856;-0.7073416453;722;1620231192.848471377;722
1620231192.8617370129;0.7081653181;-1.4549533545;2.2670986796;0.6787206364;-0.0121992148;0.0083983590;0.7342471957;1620231192.8517649174;-0.0537526545;5.2450774401;1.4840700431;0.7068046113;0.0062830413;0.0072049862;-0.7073442253;723;1620231192.900414049;723
1620231192.8773570061;0.7122852152;-1.4551683830;2.2673128760;0.6786698705;-0.0125935542;0.0080480535;0.7342913850;1620231192.8617520332;-0.0537353292;5.2450778339;1.4840637469;0.7068061305;0.0062898140;0.0072082879;-0.7073426133;723;1620231192.900414049;723
1620231192.8934090137;0.7164027849;-1.4553425562;2.2675771063;0.6785557100;-0.0126588523;0.0078067807;0.7343983634;1620231192.8773779869;-0.0537294704;5.2450779338;1.4840637521;0.7068034593;0.0062885259;0.0072074942;-0.7073453021;723;1620231192.900414049;723
1620231192.9016408920;0.7183205821;-1.4555017181;2.2676684935;0.6784241415;-0.0127965876;0.0079208885;0.7345162973;1620231192.8934230804;-0.0537528481;5.2450717720;1.4840709476;0.7068025392;0.0062818935;0.0072087305;-0.7073462678;724;1620231192.926385393;724
1620231192.9102060795;0.7204342113;-1.4555962308;2.2677949122;0.6783630916;-0.0127170088;0.0078932888;0.7345743595;1620231192.9016559124;-0.0537511642;5.2450689524;1.4840683587;0.7068040106;0.0062821773;0.0072059781;-0.7073448231;724;1620231192.926385393;724
1620231192.9265060425;0.7245270034;-1.4558226295;2.2680371994;0.6780044528;-0.0124028258;0.0082014969;0.7349073869;1620231192.9102420807;-0.0537410473;5.2450691985;1.4840684104;0.7068038696;0.0062843732;0.0072054619;-0.7073449498;724;1620231192.926385393;724
1620231192.9350481033;0.7266955863;-1.4558899502;2.2681374583;0.6779034507;-0.0123461977;0.0082583894;0.7350008720;1620231192.9265170097;-0.0537480105;5.2450657648;1.4840664537;0.7068062719;0.0062849682;0.0072052259;-0.7073425464;724;1620231192.926385393;724
1620231192.9436299801;0.7286804915;-1.4560182463;2.2682264337;0.6776821506;-0.0121112081;0.0085336847;0.7352056839;1620231192.9350619316;-0.0537240648;5.2450610995;1.4840681125;0.7068069250;0.0062838688;0.0071985500;-0.7073419715;725;1620231192.978328089;725
1620231192.9525470734;0.7307745034;-1.4561021767;2.2683029667;0.6775495909;-0.0119468663;0.0089686169;0.7353253622;1620231192.9436409473;-0.0537516387;5.2450757577;1.4840709147;0.7068033586;0.0062879840;0.0072139104;-0.7073453422;725;1620231192.978328089;725
1620231192.9603080750;0.7328451373;-1.4562032086;2.2683783659;0.6773029765;-0.0118123275;0.0093543081;0.7355498922;1620231192.9525809288;-0.0537247229;5.2450591143;1.4840658932;0.7068035327;0.0062801002;0.0071996351;-0.7073453836;725;1620231192.978328089;725
1620231192.9774730206;0.7369474267;-1.4563962239;2.2685212359;0.6768418653;-0.0116571782;0.0100665038;0.7359672989;1620231192.9603209496;-0.0537275840;5.2450631697;1.4840618201;0.7068057732;0.0062867469;0.0072048457;-0.7073430327;725;1620231192.978328089;725
1620231192.9936950207;0.7410261865;-1.4566454936;2.2686279893;0.6764109295;-0.0121025096;0.0105599438;0.7363492862;1620231192.9774849415;-0.0537192003;5.2450616692;1.4840621761;0.7068038035;0.0062858330;0.0072025764;-0.7073450322;726;1620231193.004299537;726
1620231193.0019071102;0.7430585335;-1.4566777287;2.2687754219;0.6764068670;-0.0118181553;0.0103683002;0.7363603600;1620231192.9937100410;-0.0537188691;5.2450620381;1.4840629086;0.7068016713;0.0062832445;0.0072039025;-0.7073471722;726;1620231193.004299537;726
1620231193.0103769302;0.7451504775;-1.4568021986;2.2688988856;0.6762218858;-0.0119120777;0.0104204635;0.7365279882;1620231193.0019199848;-0.0537103384;5.2450628928;1.4840623272;0.7068013232;0.0062897811;0.0072044830;-0.7073474560;727;1620231193.056242201;727
1620231193.0267701149;0.7493919955;-1.4570410490;2.2691810591;0.6762429138;-0.0120341253;0.0102466809;0.7365091357;1620231193.0104110241;-0.0537153624;5.2450600930;1.4840667754;0.7068007713;0.0062845822;0.0071991207;-0.7073481083;727;1620231193.056242201;727
1620231193.0348529816;0.7514986873;-1.4571088281;2.2693666882;0.6761408964;-0.0117539324;0.0099284199;0.7366116750;1620231193.0267848969;-0.0537150075;5.2450690562;1.4840662830;0.7067997182;0.0062926336;0.0072092883;-0.7073489855;727;1620231193.056242201;727
1620231193.0437850952;0.7532337186;-1.4572510593;2.2694890825;0.6756035610;-0.0114253287;0.0096068846;0.7371139654;1620231193.0348649025;-0.0537341741;5.2450650995;1.4840675731;0.7067990807;0.0062837446;0.0072001031;-0.7073497951;727;1620231193.056242201;727
1620231193.0516018867;0.7557376222;-1.4572437728;2.2696719897;0.6761650754;-0.0113416968;0.0092047863;0.7366053412;1620231193.0438010693;-0.0537188666;5.2450788797;1.4840621198;0.7068006928;0.0062996352;0.0072160148;-0.7073478807;728;1620231193.082213577;728
1620231193.0603599548;0.7574576134;-1.4574449650;2.2697584480;0.6756323393;-0.0113386953;0.0096678310;0.7370881285;1620231193.0516159534;-0.0537369085;5.2450815261;1.4840672549;0.7067981199;0.0062973315;0.0072166437;-0.7073504658;728;1620231193.082213577;728
1620231193.0768680573;0.7617810765;-1.4575650768;2.2699830812;0.6754743270;-0.0112968142;0.0091334454;0.7372403921;1620231193.0603749752;-0.0537140355;5.2450743165;1.4840652311;0.7067970441;0.0062909219;0.0072077690;-0.7073516882;728;1620231193.082213577;728
1620231193.0936789513;0.7659489923;-1.4577511746;2.2701431785;0.6752865698;-0.0115194782;0.0089078960;0.7374116894;1620231193.0769040585;-0.0537157794;5.2450772878;1.4840665342;0.7067986727;0.0062919976;0.0072100646;-0.7073500279;729;1620231193.134156345;729
1620231193.1019029617;0.7681338701;-1.4578481006;2.2702436220;0.6752867665;-0.0117751430;0.0087613582;0.7374092267;1620231193.0936949253;-0.0537139178;5.2450748822;1.4840725833;0.7067989096;0.0062830854;0.0071982547;-0.7073499907;729;1620231193.134156345;729
1620231193.1106019020;0.7701325567;-1.4579412458;2.2703806368;0.6752294561;-0.0116375011;0.0088202099;0.7374631882;1620231193.1019170284;-0.0537439115;5.2450820905;1.4840825811;0.7067989877;0.0062884370;0.0072037730;-0.7073498089;729;1620231193.134156345;729
1620231193.1268050671;0.7743536795;-1.4581812766;2.2705931990;0.6750315184;-0.0121847905;0.0085789749;0.7376383811;1620231193.1106169224;-0.0537377030;5.2450806977;1.4840861785;0.7067962358;0.0062828297;0.0072019592;-0.7073526270;729;1620231193.134156345;729
1620231193.1351430416;0.7764446179;-1.4581984791;2.2707363896;0.6747691318;-0.0119542837;0.0082027636;0.7378864605;1620231193.1268210411;-0.0537396594;5.2450848066;1.4840802869;0.7067996575;0.0062950105;0.0072100625;-0.7073490171;730;1620231193.160127617;730
1620231193.1440460682;0.7786042659;-1.4582856065;2.2709171420;0.6746463661;-0.0119364967;0.0079824632;0.7380014099;1620231193.1351590157;-0.0537240321;5.2450806974;1.4840761962;0.7067983519;0.0062880470;0.0072071813;-0.7073504130;730;1620231193.160127617;730
1620231193.1515879631;0.7806957693;-1.4583835348;2.2710502802;0.6743681766;-0.0118635080;0.0077370280;0.7382594110;1620231193.1440811157;-0.0537112974;5.2450805295;1.4840735621;0.7067988667;0.0062978090;0.0072077595;-0.7073498058;730;1620231193.160127617;730
1620231193.1606020927;0.7828421527;-1.4584865370;2.2711710160;0.6742957270;-0.0116619995;0.0079140956;0.7383269177;1620231193.1515989304;-0.0537339408;5.2450688355;1.4840751725;0.7067988576;0.0062842346;0.0071972019;-0.7073500432;731;1620231193.212070313;731
1620231193.1770329475;0.7871961311;-1.4586446982;2.2714197648;0.6738440103;-0.0111846732;0.0082701109;0.7387426874;1620231193.1606171131;-0.0537125423;5.2450765210;1.4840716732;0.7067985942;0.0062910591;0.0072024796;-0.7073501920;731;1620231193.212070313;731
1620231193.1850409508;0.7893750340;-1.4587739496;2.2715034272;0.6736014959;-0.0110066609;0.0084927678;0.7389639714;1620231193.1770479679;-0.0537080850;5.2450694597;1.4840705883;0.7067975673;0.0062858197;0.0071973234;-0.7073513172;731;1620231193.212070313;731
1620231193.1935040951;0.7915059849;-1.4588003677;2.2716186842;0.6735217757;-0.0108675844;0.0087708943;0.7390354421;1620231193.1850559711;-0.0537117225;5.2450626960;1.4840701993;0.7067995173;0.0062770045;0.0071929057;-0.7073494919;731;1620231193.212070313;731
1620231193.2019159794;0.7936056802;-1.4589197326;2.2716751291;0.6732141509;-0.0109209560;0.0090484872;0.7393115477;1620231193.1935338974;-0.0537196147;5.2450800591;1.4840694028;0.7068007699;0.0062992919;0.0072126980;-0.7073478406;732;1620231193.238041737;732
1620231193.2104520798;0.7957922565;-1.4589780133;2.2717348845;0.6729836817;-0.0111324762;0.0090848509;0.7395177467;1620231193.2019300461;-0.0537196172;5.2450728331;1.4840699844;0.7067991358;0.0062906317;0.0072034329;-0.7073496449;732;1620231193.238041737;732
1620231193.2264618874;0.7999993633;-1.4590910911;2.2719288764;0.6726059577;-0.0114431393;0.0089026928;0.7398587853;1620231193.2104659081;-0.0537374925;5.2450759857;1.4840723878;0.7067974423;0.0062854320;0.0072029588;-0.7073513882;732;1620231193.238041737;732
1620231193.2349150181;0.8021822799;-1.4592069969;2.2719821653;0.6725576872;-0.0117204988;0.0088233156;0.7398992745;1620231193.2264769077;-0.0537437777;5.2450766552;1.4840676399;0.7068003146;0.0062929066;0.0072081242;-0.7073483990;732;1620231193.238041737;732
1620231193.2436180115;0.8043382492;-1.4592802746;2.2721135351;0.6725739127;-0.0117165689;0.0087699469;0.7398852222;1620231193.2349300385;-0.0537112403;5.2450780465;1.4840669191;0.7067993023;0.0062893934;0.0072039232;-0.7073494846;733;1620231193.264013065;733
1620231193.2515990734;0.8064865421;-1.4593040266;2.2722744274;0.6726184387;-0.0115802321;0.0086457433;0.7398483529;1620231193.2436289787;-0.0537105414;5.2450733054;1.4840629503;0.7068007791;0.0062883012;0.0072012069;-0.7073480463;733;1620231193.264013065;733
1620231193.2601149082;0.8085717042;-1.4594678017;2.2724116483;0.6723897867;-0.0114017337;0.0089001274;0.7400559188;1620231193.2516129017;-0.0537095839;5.2450754254;1.4840658817;0.7067996004;0.0062895546;0.0072035875;-0.7073491887;733;1620231193.264013065;733
1620231193.2680819035;0.8109144901;-1.4595329707;2.2725387938;0.6725080357;-0.0114591649;0.0084898265;0.7399523986;1620231193.2601308823;-0.0537149534;5.2450782727;1.4840666204;0.7067986846;0.0062905746;0.0072062746;-0.7073500673;734;1620231193.315955497;734
1620231193.2847819328;0.8151886038;-1.4597471105;2.2728213313;0.6722505546;-0.0113359098;0.0081282247;0.7401922865;1620231193.2680969238;-0.0537148851;5.2450844788;1.4840671702;0.7068000610;0.0062945667;0.0072123258;-0.7073485948;734;1620231193.315955497;734
1620231193.2940471172;0.8174042150;-1.4598523448;2.2729101512;0.6722279386;-0.0114518256;0.0079095736;0.7402134103;1620231193.2847959995;-0.0537388062;5.2450926863;1.4840691709;0.7068030826;0.0063032045;0.0072202738;-0.7073454175;734;1620231193.315955497;734
1620231193.3017590046;0.8194687812;-1.4599367693;2.2730246212;0.6719625720;-0.0115941125;0.0077251919;0.7404540497;1620231193.2940618992;-0.0537379816;5.2450899740;1.4840669893;0.7067984277;0.0062935149;0.0072158424;-0.7073502004;734;1620231193.315955497;734
1620231193.3103148937;0.8217573694;-1.4600417376;2.2731124073;0.6720664005;-0.0116360796;0.0077552977;0.7403588389;1620231193.3017749786;-0.0537171716;5.2450979108;1.4840602637;0.7068019971;0.0063058866;0.0072216127;-0.7073464646;735;1620231193.341927145;735
1620231193.3265740871;0.8260468759;-1.4602348302;2.2732936653;0.6718249782;-0.0118575411;0.0075911836;0.7405761077;1620231193.3103299141;-0.0537327047;5.2450930299;1.4840645517;0.7067997655;0.0062975681;0.0072167462;-0.7073488183;735;1620231193.341927145;735
1620231193.3349020481;0.8281607147;-1.4603022166;2.2733366333;0.6715831822;-0.0118580283;0.0077657536;0.7407935674;1620231193.3265891075;-0.0537261927;5.2450986444;1.4840644076;0.7068005266;0.0063036535;0.0072230588;-0.7073479391;735;1620231193.341927145;735
1620231193.3442809582;0.8302332168;-1.4604122380;2.2734284380;0.6714214149;-0.0118192841;0.0078180156;0.7409402586;1620231193.3349149227;-0.0537401976;5.2450999918;1.4840673955;0.7068014967;0.0062998904;0.0072202340;-0.7073470322;736;1620231193.393869865;736
1620231193.3607950211;0.8346197320;-1.4606134602;2.2736437201;0.6711632058;-0.0115341548;0.0077210665;0.7411796675;1620231193.3443040848;-0.0537172435;5.2450943433;1.4840617092;0.7068012639;0.0062987946;0.0072159355;-0.7073473183;736;1620231193.393869865;736
1620231193.3682849407;0.8368083769;-1.4607196926;2.2737504448;0.6711182397;-0.0113166851;0.0078646149;0.7412222263;1620231193.3608129025;-0.0537194304;5.2451001448;1.4840614449;0.7068009940;0.0062982679;0.0072165931;-0.7073475860;736;1620231193.393869865;736
1620231193.3849010468;0.8411738159;-1.4609295525;2.2739715300;0.6708317419;-0.0109642891;0.0078936898;0.7414865124;1620231193.3682999611;-0.0537190446;5.2450971117;1.4840607797;0.7068014917;0.0063011807;0.0072179924;-0.7073470485;737;1620231193.419841177;737
1620231193.3945190907;0.8434521390;-1.4610109720;2.2740656172;0.6708529249;-0.0108548884;0.0076590316;0.7414714180;1620231193.3849139214;-0.0537282372;5.2451000737;1.4840621504;0.7068027056;0.0063026324;0.0072216947;-0.7073457848;737;1620231193.419841177;737
1620231193.4015278816;0.8455639084;-1.4611553955;2.2741411534;0.6706043917;-0.0106659939;0.0078929852;0.7416964926;1620231193.3945560455;-0.0537179426;5.2450979322;1.4840632157;0.7068022626;0.0063013649;0.0072163403;-0.7073462934;737;1620231193.419841177;737
1620231193.4106619358;0.8476669274;-1.4612558876;2.2742348904;0.6703497198;-0.0104249816;0.0081699099;0.7419271026;1620231193.4015419483;-0.0537205010;5.2450943005;1.4840654747;0.7067991047;0.0062919334;0.0072131123;-0.7073495658;737;1620231193.419841177;737
1620231193.4273068905;0.8520621876;-1.4614493459;2.2743669384;0.6696290868;-0.0101805299;0.0087390674;0.7425744889;1620231193.4107038975;-0.0537189374;5.2450914585;1.4840637498;0.7068011966;0.0062899270;0.0072076058;-0.7073475495;738;1620231193.445812521;738
1620231193.4434919357;0.8565058852;-1.4616501732;2.2744837694;0.6692734089;-0.0100812450;0.0094660100;0.7428875199;1620231193.4273190498;-0.0537221336;5.2450977834;1.4840622251;0.7068021145;0.0063010217;0.0072189047;-0.7073464183;738;1620231193.445812521;738
1620231193.4516038895;0.8587015094;-1.4617657702;2.2744697496;0.6689186253;-0.0102160608;0.0098951684;0.7431995630;1620231193.4435269833;-0.0537262475;5.2450985758;1.4840660351;0.7068005258;0.0062962869;0.0072179425;-0.7073480578;739;1620231193.497755217;739
1620231193.4605910778;0.8608595383;-1.4618324562;2.2745195416;0.6687781857;-0.0103141110;0.0102860251;0.7433192821;1620231193.4516320229;-0.0537197775;5.2450968137;1.4840622032;0.7068016601;0.0062994072;0.0072186062;-0.7073468897;739;1620231193.497755217;739
1620231193.4773089886;0.8653254832;-1.4620044894;2.2746596243;0.6683697236;-0.0106298947;0.0105865123;0.7436779166;1620231193.4606070518;-0.0537178765;5.2450964942;1.4840635822;0.7068006599;0.0063014292;0.0072214721;-0.7073478419;739;1620231193.497755217;739
1620231193.4852080345;0.8674731710;-1.4620298926;2.2748111738;0.6684118689;-0.0104311294;0.0107837504;0.7436400176;1620231193.4773240089;-0.0537408415;5.2450979629;1.4840688420;0.7067995471;0.0062957373;0.0072186562;-0.7073490334;739;1620231193.497755217;739
1620231193.4944698811;0.8698137774;-1.4621035181;2.2749330084;0.6682370058;-0.0104785907;0.0108332357;0.7437957678;1620231193.4852221012;-0.0537238917;5.2450919106;1.4840671616;0.7067993400;0.0062942834;0.0072161837;-0.7073492784;740;1620231193.523726633;740
1620231193.5024399757;0.8719489889;-1.4625859798;2.2748432004;0.6675340811;-0.0112972340;0.0113483313;0.7444070381;1620231193.4944849014;-0.0537427378;5.2450978527;1.4840742017;0.7067971325;0.0062998278;0.0072204168;-0.7073513916;740;1620231193.523726633;740
1620231193.5118439198;0.8742322079;-1.4626260479;2.2749446984;0.6676020627;-0.0112798333;0.0113486417;0.7443463304;1620231193.5024549961;-0.0537385475;5.2450903724;1.4840694921;0.7068007923;0.0062965808;0.0072144845;-0.7073478242;740;1620231193.523726633;740
1620231193.5276410580;0.8787523030;-1.4628194748;2.2750654108;0.6674969422;-0.0117221701;0.0116678204;0.7444288313;1620231193.5118939877;-0.0537205971;5.2451015226;1.4840712487;0.7068008757;0.0063040241;0.0072211971;-0.7073476060;741;1620231193.549697961;741
1620231193.5439929962;0.8830459866;-1.4630158685;2.2752215776;0.6672949693;-0.0122016022;0.0115993488;0.7446032500;1620231193.5276739597;-0.0537445723;5.2450889009;1.4840799537;0.7068019575;0.0062905949;0.0072111238;-0.7073467473;741;1620231193.549697961;741
1620231193.5605630875;0.8874627893;-1.4632021284;2.2753590894;0.6667739125;-0.0130998420;0.0106256790;0.7450691502;1620231193.5440089703;-0.0537176867;5.2450858009;1.4840727514;0.7068015058;0.0062931173;0.0072083636;-0.7073472044;742;1620231193.601640705;742
1620231193.5771040916;0.8920862756;-1.4633612605;2.2755019720;0.6668127181;-0.0136446282;0.0099528329;0.7450339350;1620231193.5605790615;-0.0537176344;5.2450775874;1.4840749949;0.7068007801;0.0062838881;0.0071993918;-0.7073481030;742;1620231193.601640705;742
1620231193.5853660107;0.8944477037;-1.4634592911;2.2756449310;0.6669225950;-0.0137455980;0.0093791499;0.7449411671;1620231193.5771219730;-0.0537185317;5.2450716518;1.4840774608;0.7068024063;0.0062794000;0.0071952317;-0.7073465602;742;1620231193.601640705;742
1620231193.5938251019;0.8967032233;-1.4635606985;2.2757645323;0.6668458282;-0.0137840304;0.0089210940;0.7450148025;1620231193.5853819847;-0.0537136750;5.2450638078;1.4840792639;0.7068011790;0.0062747236;0.0071916520;-0.7073478645;743;1620231193.627611961;743
1620231193.6021120548;0.8990161636;-1.4636763942;2.2759360220;0.6668315509;-0.0136646801;0.0083678026;0.7450361999;1620231193.5938420296;-0.0537117597;5.2450667977;1.4840790123;0.7067987149;0.0062719646;0.0071902683;-0.7073503651;743;1620231193.627611961;743
1620231193.6109099388;0.9011860538;-1.4637988327;2.2761170705;0.6666205704;-0.0133923260;0.0077825841;0.7452362660;1620231193.6021270752;-0.0537219595;5.2450592680;1.4840768469;0.7068022696;0.0062712090;0.0071929244;-0.7073467929;743;1620231193.627611961;743
1620231193.6275451183;0.9057472861;-1.4640167117;2.2765216540;0.6663931972;-0.0130143634;0.0064083378;0.7454593659;1620231193.6109249592;-0.0537144903;5.2450661156;1.4840775592;0.7068019617;0.0062836510;0.0072001179;-0.7073469170;743;1620231193.627611961;743
1620231193.6355040073;0.9080067086;-1.4641080445;2.2767559616;0.6663241901;-0.0127333255;0.0056773950;0.7455318258;1620231193.6275620461;-0.0537088624;5.2450571978;1.4840676741;0.7068018244;0.0062740225;0.0071906331;-0.7073472362;744;1620231193.679554705;744
1620231193.6446878910;0.9102879892;-1.4642243957;2.2769648929;0.6662113341;-0.0125018102;0.0051354505;0.7456405234;1620231193.6355199814;-0.0537142981;5.2450603668;1.4840667586;0.7067991431;0.0062819246;0.0071999382;-0.7073497505;744;1620231193.679554705;744
1620231193.6520869732;0.9124544147;-1.4643627116;2.2771446429;0.6660010222;-0.0120131255;0.0049123095;0.7458379130;1620231193.6447219849;-0.0537145312;5.2450703168;1.4840677627;0.7068015858;0.0062910623;0.0072105330;-0.7073471207;744;1620231193.679554705;744
1620231193.6607658863;0.9148053095;-1.4644549664;2.2772701603;0.6659492542;-0.0117188343;0.0046144417;0.7458907203;1620231193.6521029472;-0.0537195655;5.2450662253;1.4840673518;0.7068010655;0.0062887231;0.0072089998;-0.7073476769;744;1620231193.679554705;744
1620231193.6690180302;0.9169633980;-1.4645843112;2.2774022284;0.6656256488;-0.0111523946;0.0048591664;0.7461866444;1620231193.6607830524;-0.0537183946;5.2450660551;1.4840694798;0.7068018078;0.0062866215;0.0072046403;-0.7073469983;745;1620231193.705526009;745
1620231193.6856880188;0.9215762321;-1.4647665524;2.2774692459;0.6652175796;-0.0106273221;0.0055194872;0.7465535260;1620231193.6690320969;-0.0537142524;5.2450680492;1.4840712056;0.7068002234;0.0062856235;0.0072064200;-0.7073485722;745;1620231193.705526009;745
1620231193.6945741177;0.9237515007;-1.4649095965;2.2775249545;0.6649418490;-0.0103061734;0.0061505606;0.7467986950;1620231193.6857030392;-0.0537131372;5.2450629553;1.4840672803;0.7067997029;0.0062805733;0.0071982370;-0.7073492205;745;1620231193.705526009;745
1620231193.7019460201;0.9261041888;-1.4649903664;2.2775132132;0.6647738793;-0.0102915739;0.0063093020;0.7469470970;1620231193.6946051121;-0.0537165296;5.2450708617;1.4840648032;0.7068006482;0.0062901786;0.0072087173;-0.7073480839;746;1620231193.731497481;746
1620231193.7110788822;0.9283317710;-1.4651265924;2.2775435006;0.6645074671;-0.0102155036;0.0067801978;0.7471810347;1620231193.7019629478;-0.0537396464;5.2450784590;1.4840644912;0.7068018266;0.0062954342;0.0072157463;-0.7073467880;746;1620231193.731497481;746
1620231193.7187809944;0.9306209019;-1.4651962404;2.2775166688;0.6644963572;-0.0103020834;0.0070976700;0.7471867782;1620231193.7111179829;-0.0537445442;5.2450730133;1.4840706042;0.7067994824;0.0062839989;0.0072064874;-0.7073493264;746;1620231193.731497481;746
1620231193.7360930443;0.9352030806;-1.4654381155;2.2775595934;0.6643332030;-0.0099359414;0.0079615025;0.7473280986;1620231193.7187969685;-0.0537213350;5.2450854131;1.4840642327;0.7068001316;0.0062995494;0.0072202923;-0.7073483986;746;1620231193.731497481;746
1620231193.7448918819;0.9375905579;-1.4655529601;2.2775761964;0.6643612779;-0.0097915276;0.0082183549;0.7473022662;1620231193.7361190319;-0.0537237030;5.2450765976;1.4840668253;0.7067987129;0.0062879689;0.0072102372;-0.7073500218;747;1620231193.783440113;747
1620231193.7525029182;0.9398882307;-1.4656747318;2.2776374770;0.6642397242;-0.0096501593;0.0084674357;0.7474093696;1620231193.7449080944;-0.0537231279;5.2450786324;1.4840664973;0.7067983753;0.0062879013;0.0072076780;-0.7073503859;747;1620231193.783440113;747
1620231193.7619740963;0.9421886790;-1.4657934391;2.2776372582;0.6639743577;-0.0095611543;0.0089054164;0.7476411774;1620231193.7525188923;-0.0537127718;5.2450824684;1.4840685484;0.7067986974;0.0062905878;0.0072078821;-0.7073500380;747;1620231193.783440113;747
1620231193.7686951160;0.9445532952;-1.4658979175;2.2776498597;0.6639004435;-0.0095699007;0.0093701662;0.7477010218;1620231193.7620089054;-0.0537187729;5.2450812660;1.4840662090;0.7067990385;0.0062932701;0.0072090161;-0.7073496618;747;1620231193.783440113;747
1620231193.7865610123;0.9490814942;-1.4661604327;2.2775368175;0.6635910411;-0.0102165514;0.0103857836;0.7479536668;1620231193.7687120438;-0.0537413346;5.2450899989;1.4840697833;0.7067981861;0.0062952772;0.0072157841;-0.7073504266;748;1620231193.809411545;748
1620231193.7943470478;0.9514831433;-1.4662298499;2.2774678054;0.6635642893;-0.0107763831;0.0107545242;0.7479643332;1620231193.7866098881;-0.0537448460;5.2450893015;1.4840684916;0.7067990961;0.0062959485;0.0072192235;-0.7073494763;748;1620231193.809411545;748
1620231193.8026630878;0.9536651699;-1.4663648681;2.2774099267;0.6632922966;-0.0110992473;0.0113605794;0.7481918692;1620231193.7943649292;-0.0537200960;5.2450832863;1.4840634006;0.7068011004;0.0062967824;0.0072151069;-0.7073475081;748;1620231193.809411545;748
1620231193.8112030029;0.9560177363;-1.4664761248;2.2774053471;0.6632928070;-0.0115432865;0.0115694948;0.7481814964;1620231193.8026790619;-0.0537212810;5.2450839700;1.4840643425;0.7068004940;0.0062967239;0.0072165546;-0.7073480998;749;1620231193.835382849;749
1620231193.8191049099;0.9584179232;-1.4665374196;2.2774670921;0.6633664672;-0.0117845541;0.0115906359;0.7481120983;1620231193.8112299442;-0.0537423760;5.2450804264;1.4840701204;0.7067991013;0.0062890366;0.0072106498;-0.7073496201;749;1620231193.835382849;749
1620231193.8359611034;0.9630862361;-1.4668112478;2.2774892889;0.6633023387;-0.0125177366;0.0116038194;0.7481568452;1620231193.8191330433;-0.0537125503;5.2450806959;1.4840675478;0.7068000543;0.0062923157;0.0072106756;-0.7073486384;749;1620231193.835382849;749
1620231193.8439900875;0.9653435048;-1.4669747847;2.2775758029;0.6631932402;-0.0125782298;0.0116951813;0.7482511190;1620231193.8359780312;-0.0537162959;5.2450705812;1.4840686575;0.7068010830;0.0062830197;0.0072027246;-0.7073477741;749;1620231193.835382849;749
1620231193.8521800041;0.9677362517;-1.4671112097;2.2775985658;0.6630435516;-0.0129504685;0.0115111023;0.7483802700;1620231193.8440060616;-0.0537166516;5.2450579225;1.4840672278;0.7068016277;0.0062729160;0.0071939170;-0.7073474091;750;1620231193.887325505;750
1620231193.8608210087;0.9701515315;-1.4672397352;2.2776785713;0.6630632995;-0.0130130055;0.0114293350;0.7483629419;1620231193.8522250652;-0.0537175358;5.2450675739;1.4840671215;0.7068013632;0.0062815960;0.0072045412;-0.7073474882;750;1620231193.887325505;750
1620231193.8685989380;0.9723328226;-1.4673827197;2.2777810478;0.6628408866;-0.0129599789;0.0113243199;0.7485624608;1620231193.8608539104;-0.0537421637;5.2450705649;1.4840708550;0.7068045954;0.0062853768;0.0072074883;-0.7073441949;750;1620231193.887325505;750
1620231193.8850739002;0.9770509313;-1.4676216753;2.2779647414;0.6625454192;-0.0129702591;0.0109196330;0.7488298214;1620231193.8686139584;-0.0537207881;5.2450616600;1.4840656504;0.7068067373;0.0062875461;0.0072043025;-0.7073420678;751;1620231193.913296961;751
1620231193.8941249847;0.9794678475;-1.4677518102;2.2780429488;0.6623510128;-0.0128439579;0.0108981455;0.7490042717;1620231193.8850901127;-0.0537389131;5.2450625453;1.4840712165;0.7068052688;0.0062832982;0.0072033228;-0.7073435829;751;1620231193.913296961;751
1620231193.9023730755;0.9818665407;-1.4678481166;2.2781168697;0.6621600080;-0.0126853404;0.0110313035;0.7491738892;1620231193.8941409588;-0.0537258217;5.2450605077;1.4840728040;0.7068042446;0.0062776920;0.0071997695;-0.7073446922;751;1620231193.913296961;751
1620231193.9106869698;0.9840876395;-1.4679967218;2.2781925764;0.6618567336;-0.0123797845;0.0115666991;0.7494388678;1620231193.9024209976;-0.0537375191;5.2450638042;1.4840760450;0.7068033090;0.0062824120;0.0072030312;-0.7073455521;751;1620231193.913296961;751
1620231193.9275429249;0.9888292688;-1.4682188620;2.2782750703;0.6613982899;-0.0122931925;0.0118761487;0.7498400740;1620231193.9107029438;-0.0537163465;5.2450567881;1.4840733033;0.7068042183;0.0062771085;0.0071961971;-0.7073447601;752;1620231193.965239665;752
1620231193.9357919693;0.9910979894;-1.4683401014;2.2783169332;0.6611311208;-0.0122787387;0.0120199883;0.7500735921;1620231193.9275600910;-0.0537297499;5.2450578779;1.4840712785;0.7068033304;0.0062756167;0.0071992538;-0.7073456294;752;1620231193.965239665;752
1620231193.9438838959;0.9934254647;-1.4684276679;2.2783834364;0.6610507948;-0.0121782530;0.0123173957;0.7501411991;1620231193.9358239174;-0.0537215884;5.2450626527;1.4840717511;0.7068018895;0.0062800811;0.0072025485;-0.7073469961;752;1620231193.965239665;752
1620231193.9516708851;0.9957945089;-1.4685315381;2.2784620271;0.6606478247;-0.0123426306;0.0120914610;0.7504971071;1620231193.9438989162;-0.0537245263;5.2450588955;1.4840690732;0.7068048214;0.0062800314;0.0072006138;-0.7073440866;752;1620231193.965239665;752
1620231193.9606580734;0.9981324109;-1.4686439209;2.2784952740;0.6603753188;-0.0125260836;0.0120970844;0.7507337717;1620231193.9516880512;-0.0537158787;5.2450704533;1.4840626445;0.7068062039;0.0062933347;0.0072102926;-0.7073424883;753;1620231193.991210929;753
1620231193.9695479870;1.0006072766;-1.4687132157;2.2785975034;0.6603202970;-0.0124516817;0.0118754255;0.7507869440;1620231193.9606730938;-0.0537246166;5.2450635284;1.4840664204;0.7068028095;0.0062812299;0.0072007282;-0.7073460851;753;1620231193.991210929;753
1620231193.9863739014;1.0053752713;-1.4688156267;2.2789397998;0.6600090641;-0.0116611864;0.0105673706;0.7510927923;1620231193.9695661068;-0.0537295584;5.2450609605;1.4840656059;0.7068060967;0.0062816302;0.0072006443;-0.7073427978;753;1620231193.991210929;753
1620231193.9953310490;1.0078645764;-1.4689097408;2.2790613526;0.6597784952;-0.0115437108;0.0104451159;0.7512988616;1620231193.9863889217;-0.0537221791;5.2450753021;1.4840699874;0.7068039786;0.0062915540;0.0072091129;-0.7073447397;754;1620231194.043153665;754
1620231194.0022211075;1.0102527148;-1.4689915214;2.2791573840;0.6597348334;-0.0112529386;0.0103997023;0.7513422437;1620231193.9953429699;-0.0537306591;5.2450738566;1.4840654348;0.7068044337;0.0062882577;0.0072097542;-0.7073443078;754;1620231194.043153665;754
1620231194.0106480122;1.0126787891;-1.4690587818;2.2792719384;0.6597165052;-0.0111536939;0.0102867948;0.7513613710;1620231194.0022370815;-0.0537588434;5.2450836264;1.4840734777;0.7068040625;0.0062954141;0.0072190147;-0.7073445206;754;1620231194.043153665;754
1620231194.0273590088;1.0174975133;-1.4692130977;2.2794521245;0.6594689971;-0.0111508931;0.0095503980;0.7515883776;1620231194.0106630325;-0.0537290088;5.2450686454;1.4840668193;0.7068031806;0.0062817949;0.0072029421;-0.7073456868;754;1620231194.043153665;754
1620231194.0358469486;1.0199847996;-1.4692777077;2.2795402748;0.6594130722;-0.0112251011;0.0091496154;0.7516413253;1620231194.0273740292;-0.0537520952;5.2450723917;1.4840716584;0.7068043891;0.0062837354;0.0072051342;-0.7073444396;755;1620231194.069125025;755
1620231194.0448501110;1.0223044181;-1.4693570691;2.2795716150;0.6591874246;-0.0112887997;0.0089708723;0.7518404257;1620231194.0358619690;-0.0537289303;5.2450800091;1.4840705651;0.7068051250;0.0062949502;0.0072119343;-0.7073435352;755;1620231194.069125025;755
1620231194.0524919033;1.0247823178;-1.4694359625;2.2796354446;0.6592071571;-0.0113412803;0.0085933777;0.7518267442;1620231194.0448670387;-0.0537262407;5.2450672169;1.4840690471;0.7068029696;0.0062813681;0.0072005013;-0.7073459263;755;1620231194.069125025;755
1620231194.0605010986;1.0273011559;-1.4695023258;2.2796816737;0.6591770044;-0.0114079973;0.0082851215;0.7518556319;1620231194.0525031090;-0.0537526431;5.2450736471;1.4840725314;0.7068070476;0.0062868209;0.0072049347;-0.7073417578;755;1620231194.069125025;755
1620231194.0688920021;1.0295988035;-1.4695536938;2.2797673886;0.6586948368;-0.0112682920;0.0079184984;0.7522841451;1620231194.0605320930;-0.0537328483;5.2450694023;1.4840714211;0.7068043942;0.0062833874;0.0072020376;-0.7073444692;756;1620231194.095096353;756
1620231194.0855751038;1.0342836697;-1.4696225328;2.2798267030;0.6579718950;-0.0113437591;0.0077139991;0.7529175245;1620231194.0689070225;-0.0537506690;5.2450708313;1.4840728668;0.7068028639;0.0062844068;0.0072054291;-0.7073459547;756;1620231194.095096353;756
1620231194.0943129063;1.0366271198;-1.4697269261;2.2798389386;0.6575806699;-0.0114735612;0.0077566381;0.7532568317;1620231194.0856120586;-0.0537194482;5.2450721073;1.4840672009;0.7068036632;0.0062899852;0.0072072627;-0.7073450877;756;1620231194.095096353;756
1620231194.1026699543;1.0391790023;-1.4698822737;2.2799173325;0.6582864195;-0.0104479309;0.0080058716;0.7526524673;1620231194.0943300724;-0.0537248223;5.2450697208;1.4840718639;0.7068013858;0.0062814679;0.0072064669;-0.7073474472;757;1620231194.147039129;757
1620231194.1107459068;1.0417155871;-1.4699218364;2.2799424594;0.6583489502;-0.0106937847;0.0080676453;0.7525936591;1620231194.1026849747;-0.0537261355;5.2450784580;1.4840691183;0.7068039034;0.0062983073;0.0072179606;-0.7073446645;757;1620231194.147039129;757
1620231194.1189949512;1.0440767042;-1.4700316770;2.2799861143;0.6579142697;-0.0106675214;0.0082309771;0.7529722894;1620231194.1107609272;-0.0537275471;5.2450758849;1.4840716430;0.7068041273;0.0062913354;0.0072137552;-0.7073445458;757;1620231194.147039129;757
1620231194.1358139515;1.0491501397;-1.4701391713;2.2800748390;0.6580131467;-0.0103185541;0.0086080501;0.7528865304;1620231194.1190218925;-0.0537226532;5.2450699362;1.4840712307;0.7068041965;0.0062893079;0.0072118396;-0.7073445143;757;1620231194.147039129;757
1620231194.1445529461;1.0516082215;-1.4703451727;2.2800630016;0.6572411580;-0.0104774654;0.0083928436;0.7535607760;1620231194.1358430386;-0.0537190341;5.2450717651;1.4840670346;0.7068027370;0.0062879173;0.0072093741;-0.7073460100;758;1620231194.173010481;758
1620231194.1518700123;1.0540733363;-1.4703460699;2.2802065809;0.6576286361;-0.0097715757;0.0093676205;0.7532206456;1620231194.1445970535;-0.0537162841;5.2450698354;1.4840668758;0.7068048323;0.0062921489;0.0072092479;-0.7073438800;758;1620231194.173010481;758
1620231194.1606249809;1.0567785686;-1.4704103385;2.2803061010;0.6577328172;-0.0093177292;0.0094804299;0.7531340136;1620231194.1519041061;-0.0537111409;5.2450674054;1.4840667476;0.7068004245;0.0062861682;0.0072065400;-0.7073483652;758;1620231194.173010481;758
1620231194.1686890125;1.0591756417;-1.4704523915;2.2803087150;0.6575510564;-0.0094106436;0.0100714064;0.7532838873;1620231194.1606400013;-0.0537132505;5.2450667736;1.4840659952;0.7068035982;0.0062886357;0.0072066725;-0.7073451707;758;1620231194.173010481;758
1620231194.1858389378;1.0642759149;-1.4706190211;2.2801639515;0.6571335893;-0.0101457233;0.0108590300;0.7536276213;1620231194.1687049866;-0.0537180765;5.2450658054;1.4840685539;0.7068054675;0.0062913433;0.0072103769;-0.7073432410;759;1620231194.224953137;759
1620231194.1942090988;1.0666731450;-1.4706331649;2.2801648562;0.6569321677;-0.0102673595;0.0112290572;0.7537961373;1620231194.1858510971;-0.0537149571;5.2450630107;1.4840728231;0.7068026638;0.0062834197;0.0072019463;-0.7073461988;759;1620231194.224953137;759
1620231194.2021889687;1.0692552298;-1.4707072277;2.2800691118;0.6568268669;-0.0108008366;0.0115401442;0.7538757417;1620231194.1942210197;-0.0537329210;5.2450758606;1.4840775383;0.7068027502;0.0062939460;0.0072161568;-0.7073458741;759;1620231194.224953137;759
1620231194.2105879784;1.0718123461;-1.4707561586;2.2800525671;0.6567666026;-0.0111376200;0.0118141424;0.7539190999;1620231194.2022030354;-0.0537345315;5.2450710447;1.4840766342;0.7068048868;0.0062937216;0.0072148989;-0.7073437540;760;1620231194.250924577;760
1620231194.2188410759;1.0743078006;-1.4708149429;2.2800665377;0.6566160638;-0.0112826488;0.0119929136;0.7540452351;1620231194.2106060982;-0.0537279375;5.2450632799;1.4840759755;0.7068053213;0.0062888238;0.0072082969;-0.7073434307;760;1620231194.250924577;760
1620231194.2351748943;1.0795523372;-1.4709059644;2.2800763414;0.6568216739;-0.0118030157;0.0122357128;0.7538542730;1620231194.2188699245;-0.0537105224;5.2450673963;1.4840665074;0.7068047105;0.0062928799;0.0072140489;-0.7073439463;760;1620231194.250924577;760
1620231194.2437119484;1.0820509542;-1.4709489705;2.2801074354;0.6567147732;-0.0119624483;0.0122356445;0.7539448889;1620231194.2351889610;-0.0537156293;5.2450679585;1.4840678903;0.7068015568;0.0062910137;0.0072128677;-0.7073471262;760;1620231194.250924577;760
1620231194.2523529530;1.0845718725;-1.4709579648;2.2802202175;0.6569011844;-0.0120628871;0.0120143554;0.7537844360;1620231194.2437279224;-0.0537095936;5.2450683604;1.4840688823;0.7068024541;0.0062911971;0.0072114807;-0.7073462421;761;1620231194.276895817;761
1620231194.2612960339;1.0869325490;-1.4709901980;2.2809081309;0.6562921156;-0.0104982960;0.0099221214;0.7543686077;1620231194.2523679733;-0.0537407469;5.2450731296;1.4840744254;0.7068017799;0.0062921553;0.0072152456;-0.7073468689;761;1620231194.276895817;761
1620231194.2773129940;1.0926947964;-1.4717431583;2.2807749870;0.6574579583;-0.0123100638;0.0086026413;0.7533415494;1620231194.2613129616;-0.0537160552;5.2450650905;1.4840695600;0.7068005167;0.0062909658;0.0072065131;-0.7073482307;761;1620231194.276895817;761
1620231194.2858209610;1.0953064888;-1.4718319977;2.2809370275;0.6580768514;-0.0118004949;0.0088595255;0.7528061601;1620231194.2773280144;-0.0537182232;5.2450648692;1.4840698635;0.7067996357;0.0062884147;0.0072052317;-0.7073491468;761;1620231194.276895817;761
1620231194.2937049866;1.0977819652;-1.4718826001;2.2811271715;0.6578306919;-0.0117995184;0.0081525233;0.7530292747;1620231194.2858369350;-0.0537195237;5.2450686201;1.4840631909;0.7068006646;0.0062960415;0.0072125663;-0.7073479761;762;1620231194.328838545;762
1620231194.3026840687;1.1003149479;-1.4719351530;2.2811748072;0.6577523532;-0.0115543227;0.0080287520;0.7531028340;1620231194.2937219143;-0.0537194319;5.2450673152;1.4840641240;0.7067993759;0.0062916927;0.0072060317;-0.7073493690;762;1620231194.328838545;762
1620231194.3112440109;1.1029426663;-1.4720299872;2.2814147685;0.6577747812;-0.0114080574;0.0075038814;0.7530908877;1620231194.3026959896;-0.0537195329;5.2450644308;1.4840656988;0.7067994906;0.0062901408;0.0072044905;-0.7073492840;762;1620231194.328838545;762
1620231194.3184900284;1.1051914034;-1.4719330499;2.2815585480;0.6565727388;-0.0116022843;0.0066315486;0.7541443153;1620231194.3112649918;-0.0537185994;5.2450689707;1.4840641819;0.7067988596;0.0062912392;0.0072065820;-0.7073498834;763;1620231194.354809881;763
1620231194.3360209465;1.1105048167;-1.4721123045;2.2817328849;0.6567441052;-0.0116446042;0.0060006850;0.7539997184;1620231194.3185040951;-0.0537221277;5.2450672191;1.4840679585;0.7068002931;0.0062903546;0.0072046661;-0.7073484784;763;1620231194.354809881;763
1620231194.3443191051;1.1128093009;-1.4720727769;2.2819750344;0.6558686103;-0.0112187177;0.0051313171;0.7547742550;1620231194.3360381126;-0.0537226613;5.2450732830;1.4840677812;0.7067988428;0.0062947993;0.0072122387;-0.7073498109;763;1620231194.354809881;763
1620231194.3521389961;1.1154010157;-1.4721003066;2.2820241095;0.6554640906;-0.0120355901;0.0040576591;0.7551195309;1620231194.3443369865;-0.0537264035;5.2450634413;1.4840674628;0.7068009092;0.0062880150;0.0072021303;-0.7073479094;763;1620231194.354809881;763
1620231194.3609459400;1.1179582096;-1.4721612356;2.2822091417;0.6553967695;-0.0118875890;0.0035868682;0.7551826892;1620231194.3521549702;-0.0537239162;5.2450620580;1.4840637020;0.7067986098;0.0062821690;0.0072028044;-0.7073502521;764;1620231194.406752641;764
1620231194.3690299988;1.1204643286;-1.4722324667;2.2823134315;0.6548926446;-0.0116097737;0.0031592625;0.7556261352;1620231194.3609759808;-0.0537240690;5.2450715528;1.4840627389;0.7067981975;0.0062935571;0.0072158359;-0.7073504300;764;1620231194.406752641;764
1620231194.3857200146;1.1255962417;-1.4722783246;2.2825599184;0.6547789483;-0.0107506474;0.0029534482;0.7557382018;1620231194.3690450191;-0.0537267333;5.2450683380;1.4840632725;0.7068012453;0.0062921567;0.0072120142;-0.7073474360;764;1620231194.406752641;764
1620231194.3946120739;1.1280855807;-1.4722974767;2.2827286195;0.6542502368;-0.0105830994;0.0029556865;0.7561983137;1620231194.3857350349;-0.0537228684;5.2450674376;1.4840611198;0.7068035934;0.0062933258;0.0072077375;-0.7073451230;765;1620231194.432723929;765
1620231194.4020318985;1.1307157184;-1.4723698444;2.2827372084;0.6541574547;-0.0103918051;0.0031952139;0.7562802559;1620231194.3946280479;-0.0537185082;5.2450607797;1.4840684334;0.7067998206;0.0062786870;0.0071990231;-0.7073491117;765;1620231194.432723929;765
1620231194.4106550217;1.1332234091;-1.4722603301;2.2829560640;0.6535666480;-0.0098039152;0.0032225487;0.7567986093;1620231194.4020469189;-0.0537271642;5.2450636334;1.4840706359;0.7067987478;0.0062785454;0.0071978657;-0.7073501966;765;1620231194.432723929;765
1620231194.4205160141;1.1357677864;-1.4724089301;2.2828645052;0.6537369993;-0.0099865190;0.0042598720;0.7566439444;1620231194.4106709957;-0.0537172366;5.2450606687;1.4840684520;0.7068023506;0.0062824860;0.0071947463;-0.7073465934;765;1620231194.432723929;765
1620231194.4372739792;1.1405248832;-1.4717974180;2.2825404935;0.6517393542;-0.0099873374;0.0058843712;0.7583544300;1620231194.4205460548;-0.0537243130;5.2450669202;1.4840673989;0.7068029869;0.0062827293;0.0072003136;-0.7073458987;766;1620231194.458695393;766
1620231194.4471650124;1.1430886143;-1.4718435113;2.2825141880;0.6515402974;-0.0100995854;0.0063875286;0.7585199000;1620231194.4373021126;-0.0537404511;5.2450723289;1.4840738162;0.7067996785;0.0062785254;0.0071995194;-0.7073492500;766;1620231194.458695393;766
1620231194.4528889656;1.1460117982;-1.4724260909;2.2829785256;0.6524774786;-0.0100559226;0.0058489353;0.7577188187;1620231194.4471919537;-0.0537170981;5.2450672472;1.4840674677;0.7068021707;0.0062817047;0.0071963776;-0.7073467635;766;1620231194.458695393;766
1620231194.4612290859;1.1487149735;-1.4724942816;2.2829818109;0.6526257023;-0.0103045349;0.0062745907;0.7575844103;1620231194.4529109001;-0.0537209917;5.2450669959;1.4840657957;0.7068012299;0.0062799862;0.0071965335;-0.7073477173;766;1620231194.458695393;766
1620231194.4761910439;1.1538624998;-1.4726086983;2.2831542183;0.6524270237;-0.0097375064;0.0075505174;0.7577513770;1620231194.4612410069;-0.0537272329;5.2450709386;1.4840673647;0.7068018174;0.0062847996;0.0071999437;-0.7073470527;767;1620231194.510638025;767
1620231194.4845941067;1.1564804859;-1.4726193935;2.2832563459;0.6524014006;-0.0089661619;0.0081124097;0.7577771502;1620231194.4762110710;-0.0537218659;5.2450750894;1.4840688320;0.7068011809;0.0062847766;0.0072025823;-0.7073476621;767;1620231194.510638025;767
1620231194.4924468994;1.1592019296;-1.4725874282;2.2833241569;0.6524322794;-0.0092726244;0.0079731657;0.7577483539;1620231194.4846069813;-0.0537237815;5.2450748140;1.4840695338;0.7068008827;0.0062827704;0.0072010164;-0.7073479939;767;1620231194.510638025;767
1620231194.5011858940;1.1618720304;-1.4726459775;2.2833843760;0.6524741027;-0.0089241468;0.0083597897;0.7577123589;1620231194.4924569130;-0.0537255099;5.2450678065;1.4840680485;0.7067995747;0.0062749279;0.0071952647;-0.7073494289;768;1620231194.536609377;768
1620231194.5090870857;1.1644545529;-1.4727025052;2.2833967680;0.6524237483;-0.0087162521;0.0086931331;0.7577543857;1620231194.5011980534;-0.0537287752;5.2450712129;1.4840675732;0.7068013554;0.0062806624;0.0071992358;-0.7073475584;768;1620231194.536609377;768
1620231194.5179340839;1.1670904874;-1.4727334706;2.2834560143;0.6523480564;-0.0090594757;0.0083830869;0.7578190174;1620231194.5091190338;-0.0537324504;5.2450783944;1.4840657964;0.7067985629;0.0062845614;0.0072043397;-0.7073502621;768;1620231194.536609377;768
1620231194.5348260403;1.1727718436;-1.4728901220;2.2837492021;0.6530648341;-0.0099065637;0.0074914578;0.7572001456;1620231194.5179450512;-0.0537261843;5.2450730310;1.4840602138;0.7068016012;0.0062868494;0.0072041360;-0.7073472079;768;1620231194.536609377;768
1620231194.5433220863;1.1754477150;-1.4729020598;2.2838116777;0.6531262524;-0.0104713690;0.0071759894;0.7571426246;1620231194.5348539352;-0.0537297515;5.2450700396;1.4840669671;0.7068022970;0.0062799272;0.0071988828;-0.7073466276;769;1620231194.562580809;769
1620231194.5516750813;1.1778894783;-1.4728873012;2.2838722490;0.6527039764;-0.0107224814;0.0069134060;0.7575056121;1620231194.5433509350;-0.0537274887;5.2450710444;1.4840683771;0.7068008354;0.0062806337;0.0072006098;-0.7073480642;769;1620231194.562580809;769
1620231194.5602409840;1.1803480644;-1.4728801196;2.2839216215;0.6522559379;-0.0109531405;0.0067615599;0.7578895048;1620231194.5516860485;-0.0537286338;5.2450673844;1.4840658953;0.7068004517;0.0062781400;0.0071993319;-0.7073484828;769;1620231194.562580809;769
1620231194.5680630207;1.1829152289;-1.4727573424;2.2840210058;0.6515127671;-0.0112176226;0.0064086819;0.7585276580;1620231194.5602529049;-0.0537250910;5.2450640314;1.4840698376;0.7068012829;0.0062737077;0.0071907169;-0.7073477791;769;1620231194.562580809;769
1620231194.5772709846;1.1854811318;-1.4727365891;2.2841363344;0.6513499557;-0.0112671781;0.0062652667;0.7586679329;1620231194.5680758953;-0.0537214108;5.2450736490;1.4840690473;0.7068013807;0.0062843754;0.0071997480;-0.7073474949;770;1620231194.614523513;770
1620231194.5937058926;1.1902432405;-1.4725676110;2.2844284934;0.6494253661;-0.0105253484;0.0060789519;0.7603281905;1620231194.5772941113;-0.0537237619;5.2450645964;1.4840722869;0.7068015862;0.0062747648;0.0071907245;-0.7073474667;770;1620231194.614523513;770
1620231194.6012859344;1.1929441697;-1.4724983310;2.2845747762;0.6491749545;-0.0106273447;0.0055122522;0.7605449054;1620231194.5937190056;-0.0537308519;5.2450636088;1.4840708794;0.7068029986;0.0062720106;0.0071881691;-0.7073461057;770;1620231194.614523513;770
1620231194.6094980240;1.1958511470;-1.4724034725;2.2846324928;0.6493008195;-0.0109912288;0.0049609042;0.7604360776;1620231194.6013000011;-0.0537469138;5.2450707737;1.4840709045;0.7068005281;0.0062784745;0.0071979081;-0.7073484180;771;1620231194.640494761;771
1620231194.6181180477;1.1982143372;-1.4724763515;2.2849848879;0.6488252244;-0.0104232734;0.0044774085;0.7608529007;1620231194.6095321178;-0.0537254184;5.2450628494;1.4840694352;0.7068014439;0.0062775734;0.0071897212;-0.7073475941;771;1620231194.640494761;771
1620231194.6345770359;1.2037959878;-1.4725231864;2.2852105423;0.6487859397;-0.0105342801;0.0040760645;0.7608871263;1620231194.6181290150;-0.0537198126;5.2450621999;1.4840695536;0.7067990433;0.0062702375;0.0071873487;-0.7073500820;771;1620231194.640494761;771
1620231194.6431539059;1.2063569245;-1.4725604639;2.2853951590;0.6484205584;-0.0103587518;0.0039440626;0.7612016291;1620231194.6345889568;-0.0537487363;5.2450713458;1.4840723482;0.7067982344;0.0062752151;0.0071977629;-0.7073507402;771;1620231194.640494761;771
1620231194.6513888836;1.2088235871;-1.4722598722;2.2858941804;0.6482895946;-0.0092580819;0.0034162286;0.7613299015;1620231194.6431820393;-0.0537158948;5.2450646913;1.4840680517;0.7067997085;0.0062724592;0.0071852307;-0.7073494192;772;1620231194.692437561;772
1620231194.6602749825;1.2114412757;-1.4723038736;2.2860430897;0.6479457457;-0.0090764077;0.0034678946;0.7616245159;1620231194.6514019966;-0.0537189753;5.2450669015;1.4840666612;0.7068006002;0.0062815633;0.0071943825;-0.7073483543;772;1620231194.692437561;772
1620231194.6682739258;1.2140765578;-1.4723406652;2.2861763320;0.6477014166;-0.0089415335;0.0036925472;0.7618328485;1620231194.6602990627;-0.0537164333;5.2450773335;1.4840643019;0.7068000831;0.0062870900;0.0072023540;-0.7073487408;772;1620231194.692437561;772
1620231194.6845219135;1.2195265525;-1.4723263454;2.2862820449;0.6473201440;-0.0092914026;0.0040808615;0.7621506725;1620231194.6682860851;-0.0537254170;5.2450691462;1.4840672093;0.7068012060;0.0062824625;0.0071972070;-0.7073477123;772;1620231194.692437561;772
1620231194.6930940151;1.2220851205;-1.4723809826;2.2864872866;0.6469892700;-0.0090762666;0.0042403033;0.7624332927;1620231194.6845490932;-0.0537219466;5.2450743040;1.4840713753;0.7067994389;0.0062777928;0.0071955142;-0.7073495367;773;1620231194.718408841;773
1620231194.7014939785;1.2247792848;-1.4723960455;2.2865731654;0.6467684562;-0.0091335096;0.0046126598;0.7626177721;1620231194.6931159496;-0.0537531110;5.2450740690;1.4840744675;0.7068009071;0.0062772054;0.0072010789;-0.7073480183;773;1620231194.718408841;773
1620231194.7104730606;1.2275829911;-1.4723866844;2.2867016965;0.6466741312;-0.0091333024;0.0047622347;0.7626968415;1620231194.7015199661;-0.0537229187;5.2450780053;1.4840711377;0.7068020549;0.0062840867;0.0072031477;-0.7073467891;773;1620231194.718408841;773
1620231194.7196149826;1.2302540005;-1.4724287645;2.2868562263;0.6464635977;-0.0089213962;0.0049916081;0.7628763395;1620231194.7104969025;-0.0537180865;5.2450735184;1.4840709759;0.7068010356;0.0062762884;0.0071945156;-0.7073479648;774;1620231194.770351569;774
1620231194.7360250950;1.2356168329;-1.4724927235;2.2871224745;0.6460472912;-0.0085408625;0.0056962315;0.7632283434;1620231194.7196369171;-0.0537267512;5.2450841811;1.4840696590;0.7068034346;0.0062882698;0.0072096610;-0.7073453070;774;1620231194.770351569;774
1620231194.7428898811;1.2383810716;-1.4725164589;2.2871779350;0.6459053847;-0.0082205532;0.0063677039;0.7633466505;1620231194.7360470295;-0.0537246495;5.2450876174;1.4840609955;0.7068043436;0.0062965654;0.0072153661;-0.7073442667;774;1620231194.770351569;774
1620231194.7517490387;1.2410868440;-1.4725812315;2.2872599918;0.6456043057;-0.0081243148;0.0065601684;0.7636007073;1620231194.7429139614;-0.0537236775;5.2450894171;1.4840632304;0.7068028049;0.0062933569;0.0072108573;-0.7073458788;774;1620231194.770351569;774
1620231194.7608830929;1.2437221909;-1.4725997357;2.2874024153;0.6453874124;-0.0078530885;0.0068603920;0.7637842313;1620231194.7517790794;-0.0537206755;5.2450890327;1.4840599047;0.7068016043;0.0062946685;0.0072122045;-0.7073470530;775;1620231194.796322881;775
1620231194.7693729401;1.2464192682;-1.4726314598;2.2874867982;0.6451361332;-0.0078703343;0.0071042235;0.7639940821;1620231194.7609119415;-0.0537184542;5.2450814971;1.4840672866;0.7068011507;0.0062871472;0.0072048436;-0.7073476482;775;1620231194.796322881;775
1620231194.7772529125;1.2493595805;-1.4726760831;2.2871379860;0.6452762843;-0.0090793110;0.0078242034;0.7638552643;1620231194.7693850994;-0.0537180218;5.2450750887;1.4840660339;0.7068018806;0.0062893124;0.0072023060;-0.7073469255;775;1620231194.796322881;775
1620231194.7929699421;1.2547954520;-1.4727309632;2.2872195066;0.6451032878;-0.0098848843;0.0079424452;0.7639901535;1620231194.7772760391;-0.0537176638;5.2450771516;1.4840676611;0.7068016344;0.0062871709;0.0072022629;-0.7073471909;775;1620231194.796322881;775
1620231194.8015329838;1.2575856165;-1.4727428596;2.2872997234;0.6449816453;-0.0102843211;0.0077285757;0.7640897716;1620231194.7929949760;-0.0537137807;5.2450780877;1.4840700091;0.7068008321;0.0062870469;0.0072017577;-0.7073479989;776;1620231194.822294257;776
1620231194.8104469776;1.2602670227;-1.4727459786;2.2873397030;0.6449332620;-0.0105950452;0.0079583358;0.7641240066;1620231194.8015580177;-0.0537204483;5.2450779901;1.4840696414;0.7067993892;0.0062867456;0.0072065120;-0.7073493949;776;1620231194.822294257;776
1620231194.8220040798;1.2630372818;-1.4727672073;2.2873777940;0.6448635195;-0.0111534969;0.0077599503;0.7641769585;1620231194.8104729652;-0.0537152795;5.2450689459;1.4840651822;0.7068007333;0.0062807033;0.0071991038;-0.7073481809;776;1620231194.822294257;776
1620231194.8346230984;1.2686187637;-1.4727944879;2.2875411102;0.6447332170;-0.0122263676;0.0068598184;0.7642790967;1620231194.8220229149;-0.0537176502;5.2450666204;1.4840638631;0.7068009620;0.0062831240;0.0071972746;-0.7073479496;777;1620231194.874236977;777
1620231194.8426189423;1.2712732789;-1.4728552671;2.2876250576;0.6446162407;-0.0127253440;0.0063817487;0.7643737574;1620231194.8346419334;-0.0537213225;5.2450706096;1.4840645443;0.7068027069;0.0062912031;0.0072075588;-0.7073460294;777;1620231194.874236977;777
1620231194.8511219025;1.2738975517;-1.4728362818;2.2882432236;0.6443347739;-0.0118492118;0.0051712918;0.7646342610;1620231194.8426299095;-0.0537317158;5.2450734471;1.4840698461;0.7068005764;0.0062895750;0.0072054575;-0.7073481942;777;1620231194.874236977;777
1620231194.8592031002;1.2767084654;-1.4728526814;2.2882809185;0.6443608345;-0.0125220737;0.0044313702;0.7646062226;1620231194.8511369228;-0.0537235159;5.2450680979;1.4840682491;0.7068018959;0.0062832605;0.0072020755;-0.7073469663;777;1620231194.874236977;777
1620231194.8678638935;1.2799662304;-1.4736493145;2.2883910149;0.6461173068;-0.0135819835;0.0036045288;0.7631087491;1620231194.8592159748;-0.0537359589;5.2450800624;1.4840723264;0.7068010139;0.0062955165;0.0072122840;-0.7073476346;778;1620231194.900208409;778
1620231194.8843300343;1.2853606713;-1.4737803324;2.2887550294;0.6457799783;-0.0137715249;0.0017986529;0.7633972293;1620231194.8678770065;-0.0537171483;5.2450719608;1.4840677755;0.7068023389;0.0062889760;0.0072046169;-0.7073464470;778;1620231194.900208409;778
1620231194.8926410675;1.2882073932;-1.4738298164;2.2887905328;0.6460214426;-0.0143063732;0.0015213429;0.7631836665;1620231194.8843429089;-0.0537164590;5.2450765045;1.4840635270;0.7067994074;0.0062922134;0.0072104548;-0.7073492879;778;1620231194.900208409;778
1620231194.9015018940;1.2909311402;-1.4738048821;2.2888407302;0.6456670332;-0.0148508764;0.0011955984;0.7634737089;1620231194.8926520348;-0.0537172536;5.2450709551;1.4840620274;0.7068017012;0.0062848554;0.0072023539;-0.7073471439;778;1620231194.900208409;778
1620231194.9096519947;1.2935666610;-1.4737974782;2.2888925556;0.6451747033;-0.0153435245;0.0006882023;0.7638806876;1620231194.9015359879;-0.0537113914;5.2450695800;1.4840598904;0.7068006100;0.0062854966;0.0072002205;-0.7073482502;779;1620231194.952151105;779
1620231194.9258069992;1.2988908448;-1.4736311371;2.2890925350;0.6440262585;-0.0159151347;-0.0001788273;0.7648377965;1620231194.9096760750;-0.0537184699;5.2450797011;1.4840614822;0.7068017103;0.0062962065;0.0072118657;-0.7073469369;779;1620231194.952151105;779
1620231194.9345250130;1.3015133846;-1.4738616447;2.2890422657;0.6440733734;-0.0164063622;0.0000323041;0.7647877613;1620231194.9258179665;-0.0537186021;5.2450793404;1.4840604887;0.7068029658;0.0062960213;0.0072127324;-0.7073456751;779;1620231194.952151105;779
1620231194.9426140785;1.3037165063;-1.4734508059;2.2891955627;0.6416316356;-0.0172511322;-0.0015436677;0.7668173575;1620231194.9345510006;-0.0537179434;5.2450766531;1.4840604979;0.7068041949;0.0062934665;0.0072109273;-0.7073444881;780;1620231194.978122433;780
1620231194.9511110783;1.3066332305;-1.4735433453;2.2889792504;0.6418955984;-0.0176062929;-0.0005528297;0.7665896905;1620231194.9426329136;-0.0537190609;5.2450723828;1.4840661060;0.7067993866;0.0062798704;0.0071984185;-0.7073495410;780;1620231194.978122433;780
1620231194.9675879478;1.3117993000;-1.4735580598;2.2891863880;0.6412846203;-0.0181943785;-0.0014278640;0.7670860197;1620231194.9511229992;-0.0537214048;5.2450780652;1.4840622130;0.7068032733;0.0062967911;0.0072126213;-0.7073453621;780;1620231194.978122433;780
1620231194.9843609333;1.3171603305;-1.4735968363;2.2892826248;0.6410888960;-0.0188311529;-0.0018256953;0.7672333947;1620231194.9676001072;-0.0537252065;5.2450780096;1.4840584020;0.7068044329;0.0062953389;0.0072154523;-0.7073441875;781;1620231195.004093737;781
1620231194.9923911095;1.3197474225;-1.4736861739;2.2893495153;0.6408401996;-0.0190251856;-0.0018802255;0.7674362160;1620231194.9843730927;-0.0537239157;5.2450856925;1.4840635485;0.7068014172;0.0062941992;0.0072188220;-0.7073471767;781;1620231195.004093737;781
1620231195.0010569096;1.3224535173;-1.4737052676;2.2894083907;0.6406276668;-0.0192297979;-0.0019017201;0.7676084880;1620231194.9924008846;-0.0537266800;5.2450839297;1.4840662037;0.7068030045;0.0062935630;0.0072121799;-0.7073456640;781;1620231195.004093737;781
1620231195.0093650818;1.3251179252;-1.4736747578;2.2895137283;0.6404390445;-0.0192080114;-0.0019880511;0.7677661950;1620231195.0010690689;-0.0537207419;5.2450788013;1.4840687086;0.7068032882;0.0062863919;0.0072051782;-0.7073455156;782;1620231195.056036465;782
1620231195.0258729458;1.3302796853;-1.4737250850;2.2896466668;0.6401109672;-0.0192951756;-0.0018924698;0.7680378014;1620231195.0093760490;-0.0537558463;5.2450850708;1.4840763804;0.7068030418;0.0062915958;0.0072112657;-0.7073456535;782;1620231195.056036465;782
1620231195.0345170498;1.3329092356;-1.4737539188;2.2896573520;0.6399813879;-0.0196743793;-0.0018594780;0.7681362407;1620231195.0258839130;-0.0537347105;5.2450663073;1.4840706729;0.7068023296;0.0062672499;0.0071922913;-0.7073467745;782;1620231195.056036465;782
1620231195.0426540375;1.3352870101;-1.4737442512;2.2897345472;0.6396031330;-0.0196090978;-0.0018550003;0.7684529098;1620231195.0345458984;-0.0537244863;5.2450799861;1.4840711439;0.7068020826;0.0062849626;0.0072051533;-0.7073467332;782;1620231195.056036465;782
1620231195.0510520935;1.3379561186;-1.4738389203;2.2896770215;0.6393913459;-0.0203379482;-0.0015392931;0.7686108932;1620231195.0426790714;-0.0537280171;5.2450714092;1.4840682550;0.7068030965;0.0062781494;0.0071981776;-0.7073458516;783;1620231195.082007857;783
1620231195.0677568913;1.3430735316;-1.4737371173;2.2898014045;0.6391526974;-0.0208676243;-0.0018815717;0.7687944012;1620231195.0510649681;-0.0537291715;5.2450695863;1.4840680593;0.7068046785;0.0062784416;0.0071965250;-0.7073442851;783;1620231195.082007857;783
1620231195.0757639408;1.3455833876;-1.4736961986;2.2898572699;0.6389712311;-0.0209982868;-0.0019936807;0.7689413912;1620231195.0677690506;-0.0537182137;5.2450768018;1.4840714136;0.7068025926;0.0062822637;0.0072011642;-0.7073462883;783;1620231195.082007857;783
1620231195.0846550465;1.3480746714;-1.4733245686;2.2904466269;0.6387798652;-0.0205314509;-0.0048562773;0.7691002275;1620231195.0757749081;-0.0537254698;5.2450809273;1.4840722712;0.7068037366;0.0062887572;0.0072067992;-0.7073450301;784;1620231195.133950561;784
1620231195.0931670666;1.3505804759;-1.4733520349;2.2904880163;0.6386103811;-0.0207134109;-0.0050215205;0.7692350227;1620231195.0846669674;-0.0537307043;5.2450758717;1.4840706683;0.7068025770;0.0062821857;0.0072026139;-0.7073462898;784;1620231195.133950561;784
1620231195.1012620926;1.3530929363;-1.4733680348;2.2905619406;0.6385795359;-0.0207554957;-0.0052660899;0.7692578592;1620231195.0931890011;-0.0537339254;5.2450778944;1.4840765246;0.7068018791;0.0062790136;0.0072009092;-0.7073470327;784;1620231195.133950561;784
1620231195.1092679501;1.3556068517;-1.4733971796;2.2906143386;0.6386662191;-0.0208293420;-0.0054194451;0.7691828318;1620231195.1012730598;-0.0537238682;5.2450765521;1.4840698233;0.7068002489;0.0062776648;0.0072004858;-0.7073486778;784;1620231195.133950561;784
1620231195.1258630753;1.3604589651;-1.4734735680;2.2906452750;0.6384909999;-0.0211709793;-0.0055932927;0.7693177157;1620231195.1092789173;-0.0537495166;5.2450814490;1.4840739855;0.7067988093;0.0062790299;0.0072063022;-0.7073500450;785;1620231195.159921897;785
1620231195.1344239712;1.3628884227;-1.4735083827;2.2906643755;0.6383888776;-0.0212769536;-0.0055993109;0.7693994930;1620231195.1258749962;-0.0537187160;5.2450821996;1.4840671006;0.7068002099;0.0062871745;0.0072055111;-0.7073485812;785;1620231195.159921897;785
1620231195.1426429749;1.3654231735;-1.4734874574;2.2905434960;0.6386533309;-0.0220123754;-0.0050368171;0.7691631873;1620231195.1344349384;-0.0537287158;5.2450706515;1.4840724951;0.7068033457;0.0062762008;0.0071947524;-0.7073456548;785;1620231195.159921897;785
1620231195.1511359215;1.3678629882;-1.4735015154;2.2905240103;0.6386426810;-0.0222488149;-0.0050907668;0.7691648720;1620231195.1426539421;-0.0537193883;5.2450731147;1.4840709351;0.7068002644;0.0062775324;0.0071967767;-0.7073487013;785;1620231195.159921897;785
1620231195.1592500210;1.3702298800;-1.4735226413;2.2905044916;0.6385368449;-0.0224146955;-0.0051212003;0.7692477185;1620231195.1511468887;-0.0537478027;5.2450801030;1.4840771301;0.7068018668;0.0062831195;0.0072067883;-0.7073469486;786;1620231195.185893193;786
1620231195.1758069992;1.3751274869;-1.4741226900;2.2901377341;0.6386522590;-0.0239325146;-0.0038346687;0.7691136601;1620231195.1592609882;-0.0537190325;5.2450771611;1.4840710012;0.7068003579;0.0062859277;0.0072050344;-0.7073484492;786;1620231195.185893193;786
1620231195.1848869324;1.3772866429;-1.4741967711;2.2901498596;0.6383810477;-0.0239065509;-0.0037142477;0.7693401843;1620231195.1758160591;-0.0537216917;5.2450755202;1.4840675979;0.7068009276;0.0062852997;0.0072045448;-0.7073478905;786;1620231195.185893193;786
1620231195.1925230026;1.3796289720;-1.4742725262;2.2901640624;0.6384008530;-0.0239544787;-0.0036882210;0.7693223843;1620231195.1848990917;-0.0537189986;5.2450702040;1.4840677011;0.7067992521;0.0062798178;0.0071993747;-0.7073496661;786;1620231195.185893193;786
1620231195.2015531063;1.3819692284;-1.4742926456;2.2902247707;0.6383355486;-0.0240271562;-0.0040433217;0.7693725201;1620231195.1925339699;-0.0537171843;5.2450735081;1.4840682307;0.7067968566;0.0062794136;0.0071999135;-0.7073520578;787;1620231195.237835985;787
1620231195.2092769146;1.3842188249;-1.4742800975;2.2903282826;0.6380486767;-0.0237510197;-0.0042814612;0.7696177261;1620231195.2015650272;-0.0537208438;5.2450797841;1.4840641689;0.7068009373;0.0062921662;0.0072080256;-0.7073477844;787;1620231195.237835985;787
1620231195.2260200977;1.3887608354;-1.4743626846;2.2904835784;0.6377239657;-0.0233329737;-0.0044828080;0.7698984480;1620231195.2092878819;-0.0537194834;5.2450653171;1.4840669713;0.7067995711;0.0062786805;0.0071945864;-0.7073494062;787;1620231195.237835985;787
1620231195.2343890667;1.3909113441;-1.4744471549;2.2905342839;0.6375205381;-0.0230938025;-0.0042862390;0.7700752353;1620231195.2260310650;-0.0537199799;5.2450675551;1.4840717311;0.7067996419;0.0062774727;0.0071939741;-0.7073493524;788;1620231195.263807289;788
1620231195.2425949574;1.3932476265;-1.4744850715;2.2905860286;0.6374555085;-0.0229288418;-0.0042537879;0.7701341755;1620231195.2344009876;-0.0537253281;5.2450752692;1.4840686675;0.7067980325;0.0062819376;0.0072036082;-0.7073508228;788;1620231195.263807289;788
1620231195.2512009144;1.3951741248;-1.4744687543;2.2907866293;0.6367390675;-0.0222518799;-0.0044183243;0.7707455431;1620231195.2426059246;-0.0537165007;5.2450751297;1.4840699514;0.7067996142;0.0062834698;0.0072018226;-0.7073492469;788;1620231195.263807289;788
1620231195.2599999905;1.3974705754;-1.4744922786;2.2908207371;0.6366848061;-0.0219798302;-0.0041882228;0.7707994574;1620231195.2512331009;-0.0537213094;5.2450715216;1.4840670804;0.7068020251;0.0062824851;0.0071985205;-0.7073468803;788;1620231195.263807289;788
1620231195.2766520977;1.4016957498;-1.4745838166;2.2909663382;0.6360869920;-0.0213672227;-0.0037888153;0.7713121451;1620231195.2600500584;-0.0537222581;5.2450785844;1.4840671775;0.7067993347;0.0062876262;0.0072064766;-0.7073494419;789;1620231195.315750033;789
1620231195.2851290703;1.4037962047;-1.4746505608;2.2909971719;0.6358125307;-0.0211563151;-0.0034834923;0.7715456574;1620231195.2766709328;-0.0537471442;5.2450863409;1.4840731334;0.7067977962;0.0062900400;0.0072100843;-0.7073509210;789;1620231195.315750033;789
1620231195.2936580181;1.4059831148;-1.4746493291;2.2910714968;0.6356997084;-0.0210345850;-0.0035860138;0.7716414760;1620231195.2851529121;-0.0537168704;5.2450806455;1.4840664825;0.7068016059;0.0062861063;0.0072018516;-0.7073472331;789;1620231195.315750033;789
1620231195.3020360470;1.4079632509;-1.4747316182;2.2911482141;0.6352785438;-0.0207410699;-0.0033752178;0.7719971423;1620231195.2936899662;-0.0537431556;5.2450762219;1.4840727476;0.7068004699;0.0062804133;0.0071996963;-0.7073484407;790;1620231195.341721305;790
1620231195.3099520206;1.4101893954;-1.4746942786;2.2912642498;0.6352191761;-0.0204512589;-0.0034780118;0.7720532674;1620231195.3020598888;-0.0537229312;5.2450737662;1.4840682076;0.7068015163;0.0062808768;0.0071963069;-0.7073474254;790;1620231195.341721305;790
1620231195.3267040253;1.4142985378;-1.4748292608;2.2913356311;0.6348142121;-0.0200566074;-0.0030677926;0.7723983669;1620231195.3100008965;-0.0537186478;5.2450737005;1.4840666740;0.7068029973;0.0062859624;0.0071996824;-0.7073458661;790;1620231195.341721305;790
1620231195.3353939056;1.4166577407;-1.4751637237;2.2916749113;0.6355788884;-0.0181334057;-0.0040567848;0.7718122820;1620231195.3267250061;-0.0537222706;5.2450741731;1.4840684129;0.7067997320;0.0062810324;0.0071969253;-0.7073492007;790;1620231195.341721305;790
1620231195.3433818817;1.4186858744;-1.4752431614;2.2917513110;0.6353434402;-0.0178111100;-0.0039386588;0.7720142255;1620231195.3354179859;-0.0537225048;5.2450716525;1.4840629368;0.7068031052;0.0062839907;0.0071955452;-0.7073458179;791;1620231195.367692729;791
1620231195.3516619205;1.4208180970;-1.4752352441;2.2916835152;0.6353368980;-0.0176892557;-0.0032713780;0.7720255270;1620231195.3434119225;-0.0537229465;5.2450794317;1.4840645675;0.7067994367;0.0062863662;0.0072017575;-0.7073493992;791;1620231195.367692729;791
1620231195.3598361015;1.4228309629;-1.4753022760;2.2916732033;0.6350533449;-0.0178319728;-0.0030566131;0.7722563868;1620231195.3516860008;-0.0537185676;5.2450806301;1.4840654168;0.7068027868;0.0062876575;0.0071990325;-0.7073460680;791;1620231195.367692729;791
1620231195.3772349358;1.4264511778;-1.4746149447;2.2917530673;0.6338160477;-0.0184246733;-0.0031150255;0.7732580718;1620231195.3598580360;-0.0537210256;5.2450750855;1.4840669689;0.7068011733;0.0062836975;0.0071979411;-0.7073477266;791;1620231195.367692729;791
1620231195.3863921165;1.4287521616;-1.4746990592;2.2916499328;0.6342732811;-0.0186736373;-0.0027807182;0.7728783655;1620231195.3772621155;-0.0537434613;5.2450816491;1.4840740360;0.7068012546;0.0062873989;0.0072057509;-0.7073475328;792;1620231195.419635465;792
1620231195.3938899040;1.4306653925;-1.4753291961;2.2912631625;0.6342709410;-0.0200952168;-0.0014012076;0.7728483630;1620231195.3864150047;-0.0537230671;5.2450786474;1.4840626284;0.7068014042;0.0062870430;0.0072041531;-0.7073474029;792;1620231195.419635465;792
1620231195.4024610519;1.4327021000;-1.4753715181;2.2912687743;0.6342718218;-0.0203264182;-0.0014265482;0.7728415477;1620231195.3939130306;-0.0537342980;5.2450824379;1.4840639835;0.7068044439;0.0062924310;0.0072121615;-0.7073442359;792;1620231195.419635465;792
1620231195.4099709988;1.4345669549;-1.4754611295;2.2912308804;0.6342648689;-0.0204774021;-0.0014271417;0.7728432670;1620231195.4024839401;-0.0537189745;5.2450690630;1.4840650481;0.7067987499;0.0062754331;0.0071934387;-0.7073502672;793;1620231195.445606785;793
1620231195.4188289642;1.4366339050;-1.4755299839;2.2912388176;0.6343230050;-0.0204743151;-0.0012949788;0.7727958662;1620231195.4100179672;-0.0537229774;5.2450790839;1.4840584151;0.7068017986;0.0062888984;0.0072064343;-0.7073469690;793;1620231195.445606785;793
1620231195.4266059399;1.4384071747;-1.4755917577;2.2912575224;0.6342204083;-0.0206811294;-0.0016157523;0.7728739573;1620231195.4188549519;-0.0537322656;5.2450747105;1.4840605593;0.7068028311;0.0062850141;0.0072046333;-0.7073459901;793;1620231195.445606785;793
1620231195.4431390762;1.4420107590;-1.4756320136;2.2913681127;0.6335094624;-0.0206930882;-0.0026368724;0.7734536858;1620231195.4266319275;-0.0537301320;5.2450808444;1.4840612604;0.7068001657;0.0062854304;0.0072055507;-0.7073486404;793;1620231195.445606785;793
1620231195.4522330761;1.4437503962;-1.4751924152;2.2918897834;0.6326103583;-0.0190950377;-0.0050378678;0.7742184020;1620231195.4431619644;-0.0537223592;5.2450921940;1.4840627678;0.7068009832;0.0062983274;0.0072165179;-0.7073475970;794;1620231195.497549505;794
1620231195.4612560272;1.4457688996;-1.4758112890;2.2912808400;0.6333562989;-0.0210765689;-0.0029741425;0.7735675351;1620231195.4522569180;-0.0537274171;5.2450884065;1.4840583286;0.7068041622;0.0062977930;0.0072192175;-0.7073443978;794;1620231195.497549505;794
1620231195.4690489769;1.4476829630;-1.4758803884;2.2912199058;0.6333381538;-0.0212418710;-0.0030343738;0.7735776357;1620231195.4612669945;-0.0537223277;5.2450845831;1.4840614292;0.7067988664;0.0062893645;0.0072121607;-0.7073498364;794;1620231195.497549505;794
1620231195.4854180813;1.4513618553;-1.4759716423;2.2911548018;0.6329754389;-0.0210969230;-0.0031379823;0.7738780050;1620231195.4690721035;-0.0537281059;5.2450919129;1.4840590260;0.7067984557;0.0062978336;0.0072183414;-0.7073501085;795;1620231195.523520833;795
1620231195.4946310520;1.4531175946;-1.4760704105;2.2911013177;0.6327899564;-0.0211031946;-0.0031798092;0.7740293374;1620231195.4854300022;-0.0537339028;5.2450900942;1.4840612126;0.7067992803;0.0062957456;0.0072159781;-0.7073493271;795;1620231195.523520833;795
1620231195.5020871162;1.4549433616;-1.4761273988;2.2910481364;0.6326638941;-0.0211138690;-0.0031106599;0.7741323694;1620231195.4946858883;-0.0537303372;5.2450937526;1.4840599827;0.7067967664;0.0063035865;0.0072216544;-0.7073517113;795;1620231195.523520833;795
1620231195.5107359886;1.4566708745;-1.4762162398;2.2909859135;0.6325208920;-0.0211513554;-0.0031566717;0.7742480073;1620231195.5021100044;-0.0537269875;5.2450847087;1.4840632649;0.7067979149;0.0062923708;0.0072093119;-0.7073507895;795;1620231195.523520833;795
1620231195.5272231102;1.4604456035;-1.4766986537;2.2911952665;0.6331866350;-0.0198062241;-0.0045723236;0.7737321841;1620231195.5107839108;-0.0537260834;5.2450779710;1.4840678483;0.7067978264;0.0062871205;0.0072066942;-0.7073509513;796;1620231195.549492265;796
1620231195.5355429649;1.4620979621;-1.4767874834;2.2911561188;0.6330324080;-0.0197766503;-0.0046557496;0.7738586295;1620231195.5272500515;-0.0537307203;5.2450802186;1.4840664491;0.7067982491;0.0062893872;0.0072098089;-0.7073504770;796;1620231195.549492265;796
1620231195.5432829857;1.4638760185;-1.4768541782;2.2911325126;0.6329315255;-0.0197461878;-0.0048589199;0.7739406715;1620231195.5355670452;-0.0537212356;5.2450699485;1.4840660868;0.7067951518;0.0062786460;0.0071961416;-0.7073538065;796;1620231195.549492265;796
1620231195.5524070263;1.4655552795;-1.4769725869;2.2911061785;0.6327577426;-0.0195827668;-0.0047993918;0.7740872820;1620231195.5433070660;-0.0537287106;5.2450765291;1.4840706653;0.7067971590;0.0062832501;0.0072052872;-0.7073516668;796;1620231195.549492265;796
1620231195.5605299473;1.4672519536;-1.4770431951;2.2910799902;0.6325665932;-0.0193305523;-0.0047527654;0.7742501186;1620231195.5524330139;-0.0537372139;5.2450762369;1.4840664393;0.7067976364;0.0062843519;0.0072073866;-0.7073511587;797;1620231195.601434897;797
1620231195.5769410133;1.4706043171;-1.4775366532;2.2906128749;0.6331060706;-0.0183152688;-0.0023058108;0.7738449053;1620231195.5605790615;-0.0537279644;5.2450772743;1.4840726657;0.7067947401;0.0062836087;0.0072027733;-0.7073541063;797;1620231195.601434897;797
1620231195.5850760937;1.4722034583;-1.4775569434;2.2905869192;0.6327206173;-0.0181476082;-0.0023766584;0.7741638304;1620231195.5769650936;-0.0537285706;5.2450744022;1.4840702737;0.7068014310;0.0062829371;0.0072028857;-0.7073474254;797;1620231195.601434897;797
1620231195.5933289528;1.4737222044;-1.4776297421;2.2905493054;0.6322755448;-0.0180220450;-0.0022991860;0.7745305385;1620231195.5850970745;-0.0537301093;5.2450764291;1.4840737186;0.7068011072;0.0062800994;0.0072012456;-0.7073477908;798;1620231195.627406209;798
1620231195.6019370556;1.4753730991;-1.4776375347;2.2904900714;0.6319567150;-0.0181648444;-0.0022422426;0.7747875329;1620231195.5933830738;-0.0537285802;5.2450698694;1.4840763509;0.7068005154;0.0062728738;0.0071926447;-0.7073485339;798;1620231195.627406209;798
1620231195.6100809574;1.4768336800;-1.4776917032;2.2904129457;0.6315448153;-0.0181286743;-0.0023599859;0.7751238146;1620231195.6019480228;-0.0537225272;5.2450799324;1.4840693425;0.7068050419;0.0062895919;0.0072037267;-0.7073437496;798;1620231195.627406209;798
1620231195.6266310215;1.4799747997;-1.4777737555;2.2902079020;0.6308068353;-0.0183611085;-0.0022414717;0.7757193965;1620231195.6101019382;-0.0537190792;5.2450775107;1.4840718960;0.7068034317;0.0062805083;0.0071989482;-0.7073454879;798;1620231195.627406209;798
1620231195.6360669136;1.4814305152;-1.4778489240;2.2901457160;0.6303550847;-0.0184678114;-0.0023742107;0.7760836104;1620231195.6266520023;-0.0537323462;5.2450803997;1.4840715762;0.7068051875;0.0062834590;0.0072027091;-0.7073436689;799;1620231195.653377633;799
1620231195.6441349983;1.4831246227;-1.4778287865;2.2900357436;0.6301026514;-0.0185949617;-0.0025745360;0.7762849012;1620231195.6360900402;-0.0537274226;5.2450777333;1.4840729777;0.7068038754;0.0062822420;0.0071961456;-0.7073450577;799;1620231195.653377633;799
1620231195.6525740623;1.4845420539;-1.4778839302;2.2899841437;0.6298179751;-0.0182842401;-0.0026666482;0.7765229512;1620231195.6441509724;-0.0537302935;5.2450725325;1.4840732795;0.7068041069;0.0062746517;0.0071947978;-0.7073449075;799;1620231195.653377633;799
1620231195.6608889103;1.4860515960;-1.4779562170;2.2898657273;0.6295229041;-0.0183290942;-0.0027230433;0.7767609301;1620231195.6525969505;-0.0537144461;5.2450596407;1.4840710054;0.7068042694;0.0062664938;0.0071827119;-0.7073449402;800;1620231195.705320337;800
1620231195.6766641140;1.4889974882;-1.4780686498;2.2896603726;0.6292287093;-0.0181566099;-0.0029715846;0.7770024058;1620231195.6609029770;-0.0537151181;5.2450685217;1.4840689562;0.7068009206;0.0062727349;0.0071896490;-0.7073481607;800;1620231195.705320337;800
1620231195.6855781078;1.4905087914;-1.4781146374;2.2894718592;0.6291480738;-0.0186170002;-0.0030751326;0.7770564021;1620231195.6766860485;-0.0537156685;5.2450711072;1.4840688353;0.7068015020;0.0062762214;0.0071933204;-0.7073475115;800;1620231195.705320337;800
1620231195.7026879787;1.4933877376;-1.4782849525;2.2888987680;0.6285893505;-0.0204643652;-0.0026665864;0.7774635217;1620231195.6855990887;-0.0537227596;5.2450759834;1.4840664773;0.7068009947;0.0062821476;0.0072010649;-0.7073478870;801;1620231195.731291681;801
1620231195.7104289532;1.4948583873;-1.4783445729;2.2886882149;0.6285136826;-0.0207701539;-0.0028755279;0.7775158409;1620231195.7027120590;-0.0537238026;5.2450710000;1.4840669755;0.7068030636;0.0062820989;0.0071990388;-0.7073458407;801;1620231195.731291681;801
1620231195.7271070480;1.4983259256;-1.4788813578;2.2884689113;0.6305203827;-0.0211344294;-0.0038708694;0.7758752472;1620231195.7104640007;-0.0537255854;5.2450833298;1.4840657890;0.7068020232;0.0062897834;0.0072094768;-0.7073467057;801;1620231195.731291681;801
1620231195.7356419563;1.4991519761;-1.4786252394;2.2882475915;0.6287379494;-0.0202465319;-0.0037513084;0.7773445804;1620231195.7271320820;-0.0537476655;5.2450791010;1.4840706195;0.7068006987;0.0062821071;0.0072051793;-0.7073481412;801;1620231195.731291681;801
1620231195.7436621189;1.5005246381;-1.4787205059;2.2881020539;0.6287041603;-0.0202608319;-0.0040363934;0.7773701081;1620231195.7356660366;-0.0537424084;5.2450759529;1.4840701076;0.7068003754;0.0062832510;0.0072022229;-0.7073484842;802;1620231195.783234345;802
1620231195.7522680759;1.5019366742;-1.4787993371;2.2878899923;0.6286326749;-0.0204463489;-0.0039333723;0.7774235881;1620231195.7437360287;-0.0537336998;5.2450627523;1.4840628545;0.7068013935;0.0062759052;0.0071940233;-0.7073476155;802;1620231195.783234345;802
1620231195.7597548962;1.5032953582;-1.4788716922;2.2877410216;0.6285563557;-0.0203935549;-0.0041922240;0.7774853284;1620231195.7522919178;-0.0537193672;5.2450641889;1.4840615486;0.7068026901;0.0062803826;0.0071972972;-0.7073462469;802;1620231195.783234345;802
1620231195.7774589062;1.5059713392;-1.4792171232;2.2873185580;0.6282078474;-0.0207612359;-0.0042238445;0.7777570512;1620231195.7597770691;-0.0537178688;5.2450646997;1.4840652654;0.7068015675;0.0062801024;0.0071953366;-0.7073473911;803;1620231195.809205745;803
1620231195.7857139111;1.5072157047;-1.4791615103;2.2872677286;0.6282055226;-0.0201147900;-0.0045589407;0.7777740241;1620231195.7774848938;-0.0537172966;5.2450721094;1.4840654196;0.7068015358;0.0062802064;0.0071998029;-0.7073473764;803;1620231195.809205745;803
1620231195.7942459583;1.5085005202;-1.4792937400;2.2871068752;0.6280570772;-0.0200261151;-0.0045579266;0.7778961935;1620231195.7857360840;-0.0537104253;5.2450736781;1.4840634036;0.7068043557;0.0062871863;0.0072021128;-0.7073444731;803;1620231195.809205745;803
1620231195.8021409512;1.5098306628;-1.4793701799;2.2868790477;0.6279294519;-0.0200040445;-0.0043367153;0.7780010505;1620231195.7942690849;-0.0537132758;5.2450738552;1.4840658841;0.7068006952;0.0062818037;0.0072027297;-0.7073481724;803;1620231195.809205745;803
1620231195.8108930588;1.5110646168;-1.4794601188;2.2866624251;0.6277528586;-0.0197979908;-0.0041297970;0.7781499424;1620231195.8021650314;-0.0537135610;5.2450807717;1.4840638293;0.7068025294;0.0062911370;0.0072101968;-0.7073461805;804;1620231195.835177089;804
1620231195.8271799088;1.5136259535;-1.4796024536;2.2861690819;0.6274124257;-0.0197247611;-0.0035109385;0.7784293514;1620231195.8109250069;-0.0537094694;5.2450754506;1.4840625322;0.7068045684;0.0062917855;0.0072033684;-0.7073442069;804;1620231195.835177089;804
1620231195.8363859653;1.5147536195;-1.4797284317;2.2858901438;0.6271603922;-0.0197612473;-0.0032297335;0.7786327146;1620231195.8272309303;-0.0537168178;5.2450709724;1.4840644742;0.7068019298;0.0062793959;0.0071939386;-0.7073470495;804;1620231195.835177089;804
1620231195.8442749977;1.5159626770;-1.4797686135;2.2856590005;0.6270232596;-0.0196117096;-0.0030611822;0.7787476112;1620231195.8364338875;-0.0537209170;5.2450799612;1.4840637766;0.7068035555;0.0062867775;0.0072042014;-0.7073452550;805;1620231195.887119833;805
1620231195.8529551029;1.5171510043;-1.4798489751;2.2853874116;0.6268010015;-0.0197166766;-0.0028050157;0.7789248289;1620231195.8443179131;-0.0537118693;5.2450858001;1.4840618130;0.7068035367;0.0062944372;0.0072114051;-0.7073451323;805;1620231195.887119833;805
1620231195.8611369133;1.5183006033;-1.4799996513;2.2851412188;0.6264609393;-0.0198093215;-0.0027027057;0.7791963665;1620231195.8529770374;-0.0537188962;5.2450805337;1.4840683222;0.7068031258;0.0062843314;0.0072030460;-0.7073457179;805;1620231195.887119833;805
1620231195.8767719269;1.5214666088;-1.4805863286;2.2846529823;0.6284871416;-0.0209048133;-0.0029911502;0.7775332499;1620231195.8611578941;-0.0537221062;5.2450765039;1.4840684451;0.7068031803;0.0062818803;0.0071995771;-0.7073457206;805;1620231195.887119833;805
1620231195.8859350681;1.5225371037;-1.4806524290;2.2844687408;0.6283616327;-0.0206302149;-0.0029825998;0.7776420493;1620231195.8767940998;-0.0537169679;5.2450783387;1.4840711094;0.7068006925;0.0062799426;0.0072002946;-0.7073482163;806;1620231195.913091209;806
1620231195.8947160244;1.5236866440;-1.4807069374;2.2842556535;0.6281274489;-0.0201038802;-0.0027374438;0.7778459027;1620231195.8859899044;-0.0537323620;5.2450873221;1.4840698396;0.7068053359;0.0062934018;0.0072125267;-0.7073433322;806;1620231195.913091209;806
1620231195.9029910564;1.5248472790;-1.4807135427;2.2839144281;0.6279849789;-0.0197229855;-0.0022283574;0.7779723032;1620231195.8947360516;-0.0537251776;5.2450882406;1.4840697317;0.7068040412;0.0062897223;0.0072082756;-0.7073447020;806;1620231195.913091209;806
1620231195.9109990597;1.5259877777;-1.4808302132;2.2836742900;0.6279089670;-0.0197945057;-0.0021199529;0.7780321411;1620231195.9030148983;-0.0537183165;5.2450780107;1.4840683404;0.7068017529;0.0062816485;0.0072021553;-0.7073471227;806;1620231195.913091209;806
1620231195.9187290668;1.5270040534;-1.4808941751;2.2833620211;0.6275376060;-0.0198061458;-0.0018486889;0.7783320962;1620231195.9110260010;-0.0537256396;5.2450761002;1.4840639968;0.7068069729;0.0062853237;0.0072024514;-0.7073418710;807;1620231195.965033945;807
1620231195.9358510971;1.5292350248;-1.4810036109;2.2827598345;0.6276206217;-0.0204091885;-0.0020226599;0.7782491434;1620231195.9187510014;-0.0537178478;5.2450679228;1.4840699078;0.7068041230;0.0062802138;0.0071931245;-0.7073448590;807;1620231195.965033945;807
1620231195.9433269501;1.5302281427;-1.4810693854;2.2824367082;0.6274865146;-0.0204441649;-0.0019431780;0.7783565598;1620231195.9358749390;-0.0537173903;5.2450684750;1.4840702866;0.7068044482;0.0062742901;0.0071911510;-0.7073446067;807;1620231195.965033945;807
1620231195.9524219036;1.5314618445;-1.4810296125;2.2822090330;0.6278946040;-0.0207257380;-0.0023876396;0.7780187075;1620231195.9433479309;-0.0537459387;5.2450617152;1.4840713504;0.7068052606;0.0062721668;0.0071909173;-0.7073438161;808;1620231195.991005249;808
1620231195.9607520103;1.5324380372;-1.4811060514;2.2819052585;0.6277942293;-0.0209191916;-0.0025837524;0.7780939000;1620231195.9524459839;-0.0537207850;5.2450676211;1.4840654635;0.7068056227;0.0062843045;0.0072022577;-0.7073432312;808;1620231195.991005249;808
1620231195.9770040512;1.5336987990;-1.4809588167;2.2813191900;0.6257063681;-0.0199680719;-0.0028229911;0.7797979532;1620231195.9607939720;-0.0537231877;5.2450729645;1.4840652838;0.7068031155;0.0062848790;0.0072028316;-0.7073457255;808;1620231195.991005249;808
1620231195.9856140614;1.5347690720;-1.4810090148;2.2810508187;0.6257759149;-0.0200697194;-0.0031115276;0.7797384364;1620231195.9770259857;-0.0537232968;5.2450611938;1.4840649883;0.7068066596;0.0062773900;0.0071931873;-0.7073423488;808;1620231195.991005249;808
1620231195.9936110973;1.5358436688;-1.4810031526;2.2808089013;0.6259510064;-0.0200416654;-0.0034509159;0.7795971783;1620231195.9856300354;-0.0537291454;5.2450655914;1.4840668591;0.7068044084;0.0062786272;0.0071958520;-0.7073445601;809;1620231196.016976617;809
1620231196.0024011135;1.5367764251;-1.4810819134;2.2805335042;0.6259361181;-0.0199091990;-0.0035188762;0.7796122225;1620231195.9936230183;-0.0537173838;5.2450520155;1.4840656259;0.7068052917;0.0062677027;0.0071803533;-0.7073439319;809;1620231196.016976617;809
1620231196.0098049641;1.5376972808;-1.4811801274;2.2802551349;0.6257369021;-0.0197895086;-0.0035959873;0.7797748224;1620231196.0024271011;-0.0537230686;5.2450552899;1.4840668298;0.7068054325;0.0062691433;0.0071866576;-0.7073437144;809;1620231196.016976617;809
1620231196.0187439919;1.5386749639;-1.4811917149;2.2799758194;0.6257678342;-0.0196465631;-0.0036578938;0.7797533264;1620231196.0098280907;-0.0537254240;5.2450550182;1.4840673910;0.7068043704;0.0062655675;0.0071852942;-0.7073448213;810;1620231196.068919305;810
1620231196.0352399349;1.5405125686;-1.4813468571;2.2793548543;0.6254083154;-0.0193532584;-0.0034012211;0.7800502049;1620231196.0187671185;-0.0537225345;5.2450622330;1.4840660550;0.7068054391;0.0062762367;0.0071911413;-0.7073435994;810;1620231196.068919305;810
1620231196.0438749790;1.5413786346;-1.4814454232;2.2789856934;0.6252164312;-0.0192845529;-0.0032348943;0.7802064186;1620231196.0352540016;-0.0537227359;5.2450587275;1.4840634163;0.7068052036;0.0062720220;0.0071872005;-0.7073439122;810;1620231196.068919305;810
1620231196.0516350269;1.5423204809;-1.4814830235;2.2786473511;0.6250943720;-0.0190997593;-0.0029690511;0.7803098167;1620231196.0439100266;-0.0537190435;5.2450526999;1.4840674670;0.7068062901;0.0062696149;0.0071795112;-0.7073429259;810;1620231196.068919305;810
1620231196.0600380898;1.5431946366;-1.4815063362;2.2783032746;0.6249693752;-0.0188565130;-0.0027546356;0.7804166348;1620231196.0516591072;-0.0537246378;5.2450637593;1.4840628515;0.7068067700;0.0062816186;0.0071957959;-0.7073421744;811;1620231196.094890601;811
1620231196.0766570568;1.5448283330;-1.4816528501;2.2775737776;0.6244913994;-0.0184365780;-0.0023170610;0.7808106146;1620231196.0600600243;-0.0537249005;5.2450617707;1.4840644944;0.7068083838;0.0062782056;0.0071937091;-0.7073406133;811;1620231196.094890601;811
1620231196.0856471062;1.5456625923;-1.4817142177;2.2771870727;0.6242990858;-0.0185778532;-0.0021247374;0.7809615870;1620231196.0766880512;-0.0537272858;5.2450603592;1.4840686142;0.7068051590;0.0062757301;0.0071901078;-0.7073438943;811;1620231196.094890601;811
1620231196.0935959816;1.5464703554;-1.4817833224;2.2768055449;0.6241295393;-0.0185796658;-0.0016908275;0.7810981087;1620231196.0856719017;-0.0537252900;5.2450659623;1.4840681383;0.7068035506;0.0062752985;0.0071918048;-0.7073454880;812;1620231196.120861961;812
1620231196.1015350819;1.5472749950;-1.4818596786;2.2764673374;0.6239421597;-0.0184900358;-0.0017759666;0.7812497334;1620231196.0936079025;-0.0537236842;5.2450552177;1.4840677021;0.7068014760;0.0062648324;0.0071827604;-0.7073477457;812;1620231196.120861961;812
1620231196.1113569736;1.5480473612;-1.4819115345;2.2761672207;0.6238705247;-0.0182226151;-0.0017677344;0.7813132405;1620231196.1015911102;-0.0537222720;5.2450589389;1.4840636441;0.7068040025;0.0062739062;0.0071887091;-0.7073450803;812;1620231196.120861961;812
1620231196.1193969250;1.5489226318;-1.4819128432;2.2758084970;0.6238504486;-0.0179883922;-0.0016923480;0.7813348651;1620231196.1113729477;-0.0537235672;5.2450581335;1.4840602316;0.7068014295;0.0062719334;0.0071882464;-0.7073476735;812;1620231196.120861961;812
1620231196.1360960007;1.5505759491;-1.4820165421;2.2751207316;0.6236954253;-0.0176192713;-0.0019286654;0.7814664791;1620231196.1194519997;-0.0537251362;5.2450643774;1.4840577297;0.7068015038;0.0062800071;0.0071946376;-0.7073474627;813;1620231196.172804649;813
1620231196.1527810097;1.5521014880;-1.4821230613;2.2743877169;0.6235168245;-0.0173396688;-0.0018732120;0.7816153764;1620231196.1361200809;-0.0537259708;5.2450573421;1.4840623800;0.7068006387;0.0062684925;0.0071829938;-0.7073485476;813;1620231196.172804649;813
1620231196.1609389782;1.5528403265;-1.4822027334;2.2739765139;0.6233893317;-0.0174997113;-0.0017597220;0.7817137613;1620231196.1528029442;-0.0537217208;5.2450634972;1.4840630997;0.7068000204;0.0062755210;0.0071878745;-0.7073490534;813;1620231196.172804649;813
1620231196.1770949364;1.5542970908;-1.4823052258;2.2730665793;0.6233070950;-0.0180401765;-0.0015693292;0.7817674556;1620231196.1609818935;-0.0537240001;5.2450648087;1.4840617609;0.7068005256;0.0062741321;0.0071888907;-0.7073485507;814;1620231196.198776073;814
1620231196.1854040623;1.5549865338;-1.4823595460;2.2726544336;0.6232700166;-0.0182714104;-0.0016588026;0.7817914622;1620231196.1771171093;-0.0537266579;5.2450694207;1.4840593105;0.7068004224;0.0062763774;0.0071926336;-0.7073485958;814;1620231196.198776073;814
1620231196.1937460899;1.5556756256;-1.4824128601;2.2721974996;0.6232316799;-0.0185708538;-0.0018115208;0.7818146295;1620231196.1854150295;-0.0537199020;5.2450663727;1.4840626134;0.7067988692;0.0062688610;0.0071869198;-0.7073502726;814;1620231196.198776073;814
1620231196.2022979259;1.5563494255;-1.4824675385;2.2717715212;0.6232199382;-0.0186753640;-0.0018552837;0.7818213973;1620231196.1937670708;-0.0537198730;5.2450620275;1.4840637704;0.7068000312;0.0062681368;0.0071852694;-0.7073491346;814;1620231196.198776073;814
1620231196.2102429867;1.5570801027;-1.4824990682;2.2713538371;0.6233171449;-0.0187828528;-0.0019128592;0.7817411862;1620231196.2023200989;-0.0537263806;5.2450647105;1.4840648085;0.7068005555;0.0062726586;0.0071911234;-0.7073485112;815;1620231196.250718785;815
1620231196.2270770073;1.5584846815;-1.4825454151;2.2705981927;0.6234436749;-0.0186091637;-0.0024200428;0.7816430302;1620231196.2102530003;-0.0537210419;5.2450554518;1.4840615215;0.7068047213;0.0062667950;0.0071831154;-0.7073444819;815;1620231196.250718785;815
1620231196.2356650829;1.5591180211;-1.4826026663;2.2702415065;0.6234589413;-0.0185163188;-0.0025318796;0.7816327040;1620231196.2270989418;-0.0537264263;5.2450511986;1.4840682982;0.7068045940;0.0062639057;0.0071802564;-0.7073446637;815;1620231196.250718785;815
1620231196.2434298992;1.5597874009;-1.4826276117;2.2698520576;0.6234747085;-0.0184725711;-0.0028285214;0.7816201452;1620231196.2356889248;-0.0537278503;5.2450522495;1.4840684925;0.7068064957;0.0062686143;0.0071842408;-0.7073426813;816;1620231196.276690137;816
1620231196.2525160313;1.5604330635;-1.4826791527;2.2694847934;0.6234275503;-0.0182681120;-0.0029605864;0.7816620757;1620231196.2434639931;-0.0537329115;5.2450500632;1.4840704301;0.7068051805;0.0062599308;0.0071811081;-0.7073441042;816;1620231196.276690137;816
1620231196.2612140179;1.5610393908;-1.4827679628;2.2690757903;0.6233003952;-0.0180502713;-0.0029804180;0.7817684582;1620231196.2525410652;-0.0537312288;5.2450552383;1.4840730934;0.7068054450;0.0062657087;0.0071840470;-0.7073437589;816;1620231196.276690137;816
1620231196.2774589062;1.5622200236;-1.4828358788;2.2683224967;0.6231046528;-0.0171503414;-0.0027377371;0.7819456262;1620231196.2612390518;-0.0537287779;5.2450590466;1.4840708043;0.7068050515;0.0062719034;0.0071917258;-0.7073440192;816;1620231196.276690137;816
1620231196.2859959602;1.5628087343;-1.4828803077;2.2678487735;0.6229713829;-0.0170787294;-0.0025647023;0.7820539594;1620231196.2774829865;-0.0537214173;5.2450658423;1.4840719928;0.7068026604;0.0062732614;0.0071934440;-0.7073463790;817;1620231196.328632785;817
1620231196.2938220501;1.5634401445;-1.4829258722;2.2673456987;0.6228004379;-0.0170537158;-0.0023064751;0.7821914507;1620231196.2860178947;-0.0537189552;5.2450674044;1.4840697638;0.7068030617;0.0062796491;0.0071984456;-0.7073458704;817;1620231196.328632785;817
1620231196.3027229309;1.5640242709;-1.4829496711;2.2669150624;0.6226408172;-0.0167617805;-0.0020802292;0.7823254617;1620231196.2938330173;-0.0537182645;5.2450610680;1.4840671056;0.7068048289;0.0062776768;0.0071909427;-0.7073441984;817;1620231196.328632785;817
1620231196.3107509613;1.5645512790;-1.4829856682;2.2664711825;0.6224564810;-0.0165766586;-0.0017704912;0.7824768425;1620231196.3027470112;-0.0537222178;5.2450632034;1.4840687222;0.7068024695;0.0062724033;0.0071918002;-0.7073465941;817;1620231196.328632785;817
1620231196.3188779354;1.5650742718;-1.4830206804;2.2660166707;0.6223248063;-0.0164658728;-0.0014252426;0.7825846147;1620231196.3107609749;-0.0537167098;5.2450642765;1.4840669460;0.7068027431;0.0062774506;0.0071929138;-0.7073462645;818;1620231196.354604129;818
1620231196.3360168934;1.5660529931;-1.4831307584;2.2650768961;0.6218629553;-0.0163595603;-0.0009978138;0.7829545542;1620231196.3189020157;-0.0537181350;5.2450660303;1.4840670250;0.7068021267;0.0062806174;0.0071977239;-0.7073468034;818;1620231196.354604129;818
1620231196.3443939686;1.5665498591;-1.4831508510;2.2645504902;0.6218036068;-0.0164281239;-0.0009024642;0.7830003684;1620231196.3360400200;-0.0537416512;5.2450725242;1.4840743346;0.7068062292;0.0062810866;0.0071997482;-0.7073426792;818;1620231196.354604129;818
1620231196.3528709412;1.5670679805;-1.4831826893;2.2640354588;0.6217626150;-0.0165494228;-0.0007410670;0.7830305345;1620231196.3444180489;-0.0537189392;5.2450726486;1.4840723770;0.7068038386;0.0062846265;0.0071998725;-0.7073450354;818;1620231196.354604129;818
1620231196.3607280254;1.5676108795;-1.4832240726;2.2635460402;0.6217336575;-0.0165759122;-0.0005384240;0.7830531325;1620231196.3528950214;-0.0537226219;5.2450689790;1.4840693710;0.7068025968;0.0062772099;0.0071951343;-0.7073463903;819;1620231196.380575521;819
1620231196.3773579597;1.5686116448;-1.4833290872;2.2625272304;0.6216290663;-0.0166652410;-0.0004834880;0.7831343052;1620231196.3607499599;-0.0537200132;5.2450699893;1.4840704754;0.7068028380;0.0062786981;0.0071958973;-0.7073461283;819;1620231196.380575521;819
1620231196.3855400085;1.5690615912;-1.4833667914;2.2621568177;0.6215472706;-0.0161924191;-0.0007666580;0.7832089173;1620231196.3773810863;-0.0537226934;5.2450716872;1.4840642638;0.7068043440;0.0062831345;0.0072015043;-0.7073445270;819;1620231196.380575521;819
1620231196.3938670158;1.5701924879;-1.4837539522;2.2617843234;0.6234818952;-0.0172116060;-0.0013228960;0.7816471947;1620231196.3855640888;-0.0537203381;5.2450727903;1.4840629627;0.7068050438;0.0062854322;0.0072023729;-0.7073437985;820;1620231196.432518209;820
1620231196.4026210308;1.5706743003;-1.4837837441;2.2612420710;0.6234035114;-0.0175506932;-0.0015821114;0.7817016900;1620231196.3938879967;-0.0537268990;5.2450797165;1.4840641257;0.7068045960;0.0062867786;0.0072074304;-0.7073441825;820;1620231196.432518209;820
1620231196.4103229046;1.5711681251;-1.4839853407;2.2605753360;0.6235203156;-0.0179595477;-0.0011161763;0.7816000414;1620231196.4026460648;-0.0537224168;5.2450856202;1.4840635888;0.7068033753;0.0062893538;0.0072077701;-0.7073453759;820;1620231196.432518209;820
1620231196.4271409512;1.5720008650;-1.4838882515;2.2596460863;0.6233855215;-0.0180221760;-0.0014916461;0.7817054866;1620231196.4103438854;-0.0537266599;5.2450827432;1.4840667818;0.7068057039;0.0062946823;0.0072085604;-0.7073429936;820;1620231196.432518209;820
1620231196.4361090660;1.5718212994;-1.4835858507;2.2589678831;0.6217741363;-0.0173738514;-0.0009970396;0.7830032431;1620231196.4271628857;-0.0537298965;5.2450741558;1.4840697481;0.7068042035;0.0062828246;0.0072010379;-0.7073446749;821;1620231196.458489601;821
1620231196.4442400932;1.5722461293;-1.4835933450;2.2583729019;0.6218102592;-0.0176712353;-0.0010395713;0.7829678462;1620231196.4361319542;-0.0537253056;5.2450779211;1.4840666240;0.7068050701;0.0062879082;0.0072048506;-0.7073437249;821;1620231196.458489601;821
1620231196.4524569511;1.5726224662;-1.4836312120;2.2578273383;0.6217874641;-0.0177720825;-0.0010853172;0.7829836043;1620231196.4442639351;-0.0537279287;5.2450739098;1.4840663062;0.7068046277;0.0062816032;0.0072010257;-0.7073442620;821;1620231196.458489601;821
1620231196.4608550072;1.5730337463;-1.4836633691;2.2573095930;0.6218448896;-0.0178138817;-0.0012252780;0.7829368414;1620231196.4524679184;-0.0537280408;5.2450628161;1.4840683667;0.7068012657;0.0062727266;0.0071892248;-0.7073478202;821;1620231196.458489601;821
1620231196.4771440029;1.5738509505;-1.4837114848;2.2563006843;0.6219677148;-0.0178416618;-0.0016070492;0.7828379489;1620231196.4608790874;-0.0537183305;5.2450730885;1.4840672018;0.7068011551;0.0062801129;0.0071970356;-0.7073477857;822;1620231196.510432321;822
1620231196.4855539799;1.5742350605;-1.4837848412;2.2557435871;0.6218302934;-0.0179208939;-0.0019407243;0.7829445455;1620231196.4771668911;-0.0537188826;5.2450675409;1.4840678431;0.7068017335;0.0062807334;0.0071947504;-0.7073472255;822;1620231196.510432321;822
1620231196.4932010174;1.5752950063;-1.4842428104;2.2551944805;0.6238313046;-0.0190413324;-0.0023654108;0.7813234515;1620231196.4855771065;-0.0537158549;5.2450749453;1.4840701659;0.7068029684;0.0062874581;0.0072014726;-0.7073458634;822;1620231196.510432321;822
1620231196.5019629002;1.5754770265;-1.4841422442;2.2547711339;0.6234504816;-0.0185539222;-0.0027303886;0.7816378918;1620231196.4932229519;-0.0537188413;5.2450574687;1.4840682287;0.7068023384;0.0062729514;0.0071881615;-0.7073467572;822;1620231196.510432321;822
1620231196.5101940632;1.5758434036;-1.4841551423;2.2542868075;0.6234075872;-0.0182638255;-0.0027216444;0.7816789658;1620231196.5019869804;-0.0537358621;5.2450616947;1.4840740720;0.7068003054;0.0062684593;0.0071869930;-0.7073488403;823;1620231196.536403721;823
1620231196.5184710026;1.5761861942;-1.4842070442;2.2536810590;0.6233691614;-0.0181039361;-0.0024453912;0.7817142420;1620231196.5102159977;-0.0537132329;5.2450678484;1.4840688916;0.7067986720;0.0062800493;0.0071954409;-0.7073502837;823;1620231196.536403721;823
1620231196.5353379250;1.5769777514;-1.4843968761;2.2524235335;0.6234007537;-0.0180247134;-0.0017954173;0.7816926420;1620231196.5184938908;-0.0537164617;5.2450698011;1.4840674140;0.7068008998;0.0062815225;0.0071960276;-0.7073480385;823;1620231196.536403721;823
1620231196.5434629917;1.5771827508;-1.4843282339;2.2519337457;0.6230870865;-0.0175416450;-0.0017420411;0.7819537957;1620231196.5353589058;-0.0537312775;5.2450665206;1.4840690087;0.7068001752;0.0062767331;0.0071925778;-0.7073488403;824;1620231196.588346409;824
1620231196.5516979694;1.5775348199;-1.4844688234;2.2511801155;0.6230683792;-0.0176626861;-0.0009690423;0.7819673173;1620231196.5434849262;-0.0537355436;5.2450642883;1.4840701222;0.7067993653;0.0062725720;0.0071908024;-0.7073497045;824;1620231196.588346409;824
1620231196.5597729683;1.5777184602;-1.4843729149;2.2506917536;0.6227254024;-0.0171735199;-0.0007946983;0.7822515656;1620231196.5517210960;-0.0537134306;5.2450689938;1.4840662549;0.7068014781;0.0062804713;0.0071974983;-0.7073474552;824;1620231196.588346409;824
1620231196.5765540600;1.5782176223;-1.4844269666;2.2494024258;0.6223395616;-0.0171837061;-0.0001794145;0.7825587250;1620231196.5597939491;-0.0537082643;5.2450590023;1.4840688282;0.7068009085;0.0062736787;0.0071884212;-0.7073481769;824;1620231196.588346409;824
1620231196.5853440762;1.5785523852;-1.4845012675;2.2487669972;0.6223338346;-0.0174085952;0.0001417979;0.7825583167;1620231196.5765759945;-0.0537170693;5.2450620048;1.4840686627;0.7068013471;0.0062780787;0.0071939587;-0.7073476432;825;1620231196.614317705;825
1620231196.5933020115;1.5787929926;-1.4844978270;2.2481325129;0.6223179567;-0.0173446682;0.0001994113;0.7825723503;1620231196.5853679180;-0.0537152540;5.2450645052;1.4840682723;0.7067979658;0.0062800143;0.0071956714;-0.7073509873;825;1620231196.614317705;825
1620231196.6018021107;1.5789996151;-1.4845062019;2.2475315724;0.6221074454;-0.0172754251;0.0003040240;0.7827412048;1620231196.5933229923;-0.0537161562;5.2450687424;1.4840668541;0.7068007766;0.0062849561;0.0072001470;-0.7073480893;825;1620231196.614317705;825
1620231196.6098179817;1.5792684708;-1.4844917362;2.2469366003;0.6221953497;-0.0171553151;0.0003127469;0.7826739706;1620231196.6018269062;-0.0537146352;5.2450627069;1.4840664494;0.7068001900;0.0062787954;0.0071921854;-0.7073488111;825;1620231196.614317705;825
1620231196.6265680790;1.5791385540;-1.4842171493;2.2456759126;0.6204882009;-0.0160467433;0.0006305968;0.7840513356;1620231196.6098389626;-0.0537188315;5.2450557723;1.4840676209;0.7068004813;0.0062716563;0.0071885475;-0.7073486204;826;1620231196.666260457;826
1620231196.6351571083;1.5793360492;-1.4842532913;2.2450644903;0.6204584336;-0.0161008015;0.0004870775;0.7840738863;1620231196.6265780926;-0.0537134101;5.2450586969;1.4840663165;0.7068023364;0.0062712104;0.0071857774;-0.7073467988;826;1620231196.666260457;826
1620231196.6433329582;1.5795453576;-1.4842678620;2.2444271139;0.6204425512;-0.0161634268;0.0003532868;0.7840852374;1620231196.6351799965;-0.0537157257;5.2450659078;1.4840681918;0.7068022847;0.0062776880;0.0071955003;-0.7073466942;826;1620231196.666260457;826
1620231196.6517450809;1.5796694801;-1.4843674325;2.2435013949;0.6201339209;-0.0165468467;0.0009147132;0.7843209071;1620231196.6433560848;-0.0537227735;5.2450567593;1.4840679790;0.7068034593;0.0062770340;0.0071921387;-0.7073455605;826;1620231196.666260457;826
1620231196.6597189903;1.5799226735;-1.4842447298;2.2429236585;0.6202620014;-0.0166967786;0.0005824213;0.7842167609;1620231196.6517670155;-0.0537207532;5.2450600043;1.4840660932;0.7068029270;0.0062753753;0.0071903297;-0.7073461255;827;1620231196.692231801;827
1620231196.6693708897;1.5801132477;-1.4842612385;2.2422392029;0.6203002060;-0.0171182064;0.0006306196;0.7841774185;1620231196.6597290039;-0.0537464186;5.2450561358;1.4840712567;0.7068041262;0.0062720637;0.0071907125;-0.7073449527;827;1620231196.692231801;827
1620231196.6859540939;1.5805401557;-1.4842513326;2.2409072381;0.6203478258;-0.0179039106;0.0002466435;0.7841224166;1620231196.6693930626;-0.0537409296;5.2450558797;1.4840685825;0.7068036025;0.0062707666;0.0071860348;-0.7073455350;827;1620231196.692231801;827
1620231196.6934659481;1.5807199936;-1.4842744373;2.2402464223;0.6203355750;-0.0181957020;0.0000761552;0.7841254268;1620231196.6859760284;-0.0537289503;5.2450566766;1.4840605035;0.7068071618;0.0062803604;0.0071958296;-0.7073417937;828;1620231196.718203073;828
1620231196.7031960487;1.5808933619;-1.4843176367;2.2395340536;0.6203495051;-0.0184812193;-0.0001109196;0.7841077246;1620231196.6934878826;-0.0537251715;5.2450536553;1.4840616337;0.7068036382;0.0062720256;0.0071889705;-0.7073454583;828;1620231196.718203073;828
1620231196.7110679150;1.5817406896;-1.4846281213;2.2391872634;0.6225369572;-0.0182344000;-0.0015614264;0.7823763835;1620231196.7032198906;-0.0537205254;5.2450545393;1.4840630757;0.7068055098;0.0062760676;0.0071894582;-0.7073435473;828;1620231196.718203073;828
1620231196.7268249989;1.5820357913;-1.4846676343;2.2378928852;0.6224364376;-0.0181374683;-0.0019142208;0.7824578258;1620231196.7110900879;-0.0537181129;5.2450523170;1.4840641867;0.7068041646;0.0062711409;0.0071857538;-0.7073449729;828;1620231196.718203073;828
1620231196.7352759838;1.5822330197;-1.4847209275;2.2371833527;0.6226026200;-0.0180085396;-0.0019626317;0.7823284592;1620231196.7268478870;-0.0537218675;5.2450541321;1.4840660289;0.7068071758;0.0062746766;0.0071893186;-0.7073418964;829;1620231196.770145841;829
1620231196.7434380054;1.5823105065;-1.4846675223;2.2365726012;0.6224885650;-0.0176645799;-0.0020025616;0.7824269543;1620231196.7352869511;-0.0537201082;5.2450541955;1.4840664365;0.7068047471;0.0062698636;0.0071876624;-0.7073443828;829;1620231196.770145841;829
1620231196.7521140575;1.5824465985;-1.4847101752;2.2358095771;0.6224913749;-0.0176910658;-0.0016912159;0.7824248553;1620231196.7434599400;-0.0537161439;5.2450500846;1.4840612356;0.7068075731;0.0062698384;0.0071825078;-0.7073416115;829;1620231196.770145841;829
1620231196.7606289387;1.5825389677;-1.4847208573;2.2351359225;0.6223857839;-0.0172651991;-0.0013152671;0.7825190854;1620231196.7521369457;-0.0537182441;5.2450528869;1.4840662499;0.7068056795;0.0062658559;0.0071816055;-0.7073435480;829;1620231196.770145841;829
1620231196.7767469883;1.5826874915;-1.4847016382;2.2337274394;0.6220665117;-0.0168726661;-0.0010495554;0.7827818767;1620231196.7606520653;-0.0537176102;5.2450529199;1.4840632309;0.7068069142;0.0062686232;0.0071839559;-0.7073422659;830;1620231196.796117177;830
1620231196.7854020596;1.5827724122;-1.4847153983;2.2329905322;0.6219991761;-0.0167442900;-0.0007755094;0.7828384586;1620231196.7767689228;-0.0537192641;5.2450458048;1.4840683961;0.7068066761;0.0062567773;0.0071747528;-0.7073427021;830;1620231196.796117177;830
1620231196.7939939499;1.5828485580;-1.4847007632;2.2321860053;0.6218997013;-0.0167880151;-0.0003647434;0.7829168481;1620231196.7854259014;-0.0537378547;5.2450577951;1.4840708379;0.7068059213;0.0062661997;0.0071838081;-0.7073432810;830;1620231196.796117177;830
1620231196.8022499084;1.5828627106;-1.4847116550;2.2314614585;0.6217618680;-0.0166843502;-0.0000422967;0.7830286139;1620231196.7940149307;-0.0537184777;5.2450558243;1.4840640065;0.7068059173;0.0062674974;0.0071845413;-0.7073432661;830;1620231196.796117177;830
1620231196.8100209236;1.5829396887;-1.4846901257;2.2307369935;0.6216415282;-0.0165792231;-0.0000191308;0.7831263879;1620231196.8022758961;-0.0537045490;5.2450559609;1.4840668781;0.7068027612;0.0062651636;0.0071791811;-0.7073464949;831;1620231196.848059857;831
1620231196.8270649910;1.5830910459;-1.4847202024;2.2293155990;0.6216024323;-0.0162974635;0.0002853121;0.7831632827;1620231196.8100419044;-0.0537126888;5.2450642615;1.4840634551;0.7068056250;0.0062748263;0.0071900999;-0.7073434367;831;1620231196.848059857;831
1620231196.8353219032;1.5831980055;-1.4847169888;2.2285609751;0.6216191295;-0.0161844775;0.0004532687;0.7831522936;1620231196.8270869255;-0.0537112654;5.2450628120;1.4840663405;0.7068041396;0.0062745098;0.0071901458;-0.7073449234;831;1620231196.848059857;831
1620231196.8436789513;1.5832631928;-1.4847082506;2.2278351763;0.6215826256;-0.0159495646;0.0004708906;0.7831860757;1620231196.8353469372;-0.0537074691;5.2450592216;1.4840657549;0.7068046268;0.0062715902;0.0071857467;-0.7073445071;832;1620231196.874031265;832
1620231196.8525319099;1.5833508631;-1.4846894822;2.2270682358;0.6216150806;-0.0159657803;0.0005012568;0.7831599671;1620231196.8437039852;-0.0537109911;5.2450571549;1.4840656101;0.7068053402;0.0062702715;0.0071864371;-0.7073437989;832;1620231196.874031265;832
1620231196.8606729507;1.5833926047;-1.4846948813;2.2263227368;0.6216266113;-0.0157383551;0.0006482806;0.7831553103;1620231196.8525550365;-0.0537124485;5.2450649022;1.4840658810;0.7068044688;0.0062765305;0.0071936702;-0.7073445406;832;1620231196.874031265;832
1620231196.8775498867;1.5835092981;-1.4846293985;2.2247855876;0.6217270209;-0.0159149858;0.0003983546;0.7830721972;1620231196.8607039452;-0.0537121813;5.2450592263;1.4840625533;0.7068064930;0.0062767314;0.0071897783;-0.7073425558;832;1620231196.874031265;832
1620231196.8852150440;1.5835790398;-1.4846422609;2.2239104878;0.6218144335;-0.0162489073;0.0005793533;0.7829958159;1620231196.8775730133;-0.0537142910;5.2450642487;1.4840637299;0.7068035661;0.0062759955;0.0071907812;-0.7073454767;833;1620231196.925974001;833
1620231196.9019680023;1.5836287908;-1.4845998209;2.2222746484;0.6218381450;-0.0167185452;0.0004803664;0.7829671647;1620231196.8852410316;-0.0537166996;5.2450702835;1.4840626391;0.7068058690;0.0062849468;0.0071991797;-0.7073430107;833;1620231196.925974001;833
1620231196.9102768898;1.5836482107;-1.4845527408;2.2215153017;0.6218669989;-0.0168110112;0.0002323322;0.7829423807;1620231196.9019908905;-0.0537443879;5.2450742241;1.4840665642;0.7068052919;0.0062857233;0.0071993462;-0.7073435788;833;1620231196.925974001;833
1620231196.9273960590;1.5836633742;-1.4845497329;2.2199427884;0.6219779688;-0.0169383428;0.0000897003;0.7828515126;1620231196.9103000164;-0.0537183588;5.2450726167;1.4840632272;0.7068048955;0.0062798232;0.0071952356;-0.7073440691;834;1620231196.951945369;834
1620231196.9430899620;1.5837265748;-1.4845034552;2.2183411066;0.6222631058;-0.0172237623;-0.0003727341;0.7826185727;1620231196.9274179935;-0.0537182405;5.2450734518;1.4840637144;0.7068082529;0.0062838786;0.0071962766;-0.7073406676;834;1620231196.951945369;834
1620231196.9512569904;1.5836884317;-1.4844922714;2.2175886372;0.6222482617;-0.0171848882;-0.0007378517;0.7826309705;1620231196.9431009293;-0.0537237107;5.2450789099;1.4840629115;0.7068073721;0.0062850479;0.0071996148;-0.7073415034;834;1620231196.951945369;834
1620231196.9595320225;1.5836857350;-1.4844939127;2.2167755523;0.6223913014;-0.0171105179;-0.0007127482;0.7825188752;1620231196.9512848854;-0.0537089568;5.2450822292;1.4840627595;0.7068075228;0.0062828428;0.0071942501;-0.7073414270;835;1620231197.003888065;835
1620231196.9769170284;1.5836419439;-1.4844487577;2.2152219612;0.6223466518;-0.0168713474;-0.0009209665;0.7825593616;1620231196.9595439434;-0.0537248320;5.2450940621;1.4840594399;0.7068130794;0.0063020187;0.0072149565;-0.7073354930;835;1620231197.003888065;835
1620231196.9857790470;1.5836077185;-1.4844179049;2.2143820960;0.6223739835;-0.0167916485;-0.0007782276;0.7825394940;1620231196.9769270420;-0.0537243324;5.2450796094;1.4840620302;0.7068106769;0.0062865300;0.0071969815;-0.7073382147;835;1620231197.003888065;835
1620231196.9942960739;1.5835493416;-1.4843953048;2.2135740733;0.6222279455;-0.0166060375;-0.0005988847;0.7826597375;1620231196.9858019352;-0.0537184341;5.2450916757;1.4840605074;0.7068078318;0.0062946794;0.0072065463;-0.7073408878;836;1620231197.029859417;836
1620231197.0026569366;1.5834903206;-1.4844051928;2.2127149732;0.6222391521;-0.0164229386;-0.0001788826;0.7826549001;1620231196.9943060875;-0.0537148809;5.2450953096;1.4840580112;0.7068090142;0.0062974518;0.0072093276;-0.7073396533;836;1620231197.029859417;836
1620231197.0110299587;1.5834508475;-1.4843738997;2.2119301504;0.6222741352;-0.0161837717;-0.0001265269;0.7826320784;1620231197.0026800632;-0.0537436958;5.2450956532;1.4840600053;0.7068066013;0.0062909134;0.0072085049;-0.7073421310;836;1620231197.029859417;836
1620231197.0195679665;1.5833346437;-1.4843090428;2.2111045656;0.6215618152;-0.0160519498;-0.0002083850;0.7832006138;1620231197.0110518932;-0.0537391768;5.2450952403;1.4840619950;0.7068049662;0.0062896483;0.0072041952;-0.7073438200;836;1620231197.029859417;836
1620231197.0366640091;1.5832221522;-1.4842877181;2.2093132590;0.6215159972;-0.0160082300;0.0003062899;0.7832378362;1620231197.0195920467;-0.0537323990;5.2450951450;1.4840657843;0.7068030658;0.0062898701;0.0072022864;-0.7073457364;837;1620231197.055830769;837
1620231197.0445790291;1.5831371885;-1.4842506369;2.2085280874;0.6213981953;-0.0158039310;0.0003400372;0.7833354345;1620231197.0366868973;-0.0537359925;5.2450923394;1.4840693858;0.7068048292;0.0062953359;0.0072050821;-0.7073438972;837;1620231197.055830769;837
1620231197.0536949635;1.5830253946;-1.4842375909;2.2076931791;0.6211449796;-0.0156579974;0.0003717155;0.7835391524;1620231197.0446031094;-0.0537421462;5.2450924556;1.4840667138;0.7068040443;0.0062907279;0.0072059263;-0.7073447139;837;1620231197.055830769;837
1620231197.0610849857;1.5829551365;-1.4841558211;2.2068997153;0.6211414422;-0.0154816710;0.0003567939;0.7835454673;1620231197.0537168980;-0.0537344193;5.2450889758;1.4840657704;0.7068043605;0.0062907079;0.0072065373;-0.7073443920;837;1620231197.055830769;837
1620231197.0770969391;1.5828496670;-1.4841398331;2.2051564576;0.6211869560;-0.0149584942;0.0009531912;0.7835190493;1620231197.0611090660;-0.0537148615;5.2450897277;1.4840634137;0.7068035951;0.0062926965;0.0072074503;-0.7073451297;838;1620231197.107773441;838
1620231197.0864360332;1.5827537038;-1.4841032678;2.2043159502;0.6210275168;-0.0148753814;0.0007820692;0.7836472004;1620231197.0771169662;-0.0537290985;5.2450900137;1.4840675649;0.7068034676;0.0062944093;0.0072081453;-0.7073452349;838;1620231197.107773441;838
1620231197.0943050385;1.5826625667;-1.4841049137;2.2034828451;0.6209521068;-0.0146142611;0.0008869463;0.7837117568;1620231197.0864601135;-0.0537080768;5.2450985374;1.4840600540;0.7068006041;0.0063064134;0.0072184779;-0.7073478839;838;1620231197.107773441;838
1620231197.1025590897;1.5825896103;-1.4840864082;2.2025527532;0.6209008871;-0.0146111519;0.0011290300;0.7837520832;1620231197.0943291187;-0.0537135421;5.2450740779;1.4840674855;0.7068003231;0.0062860522;0.0071970220;-0.7073485645;839;1620231197.133744825;839
1620231197.1101119518;1.5825123134;-1.4841101422;2.2015764180;0.6208920749;-0.0148878442;0.0012145695;0.7837537293;1620231197.1025819778;-0.0537382823;5.2450720850;1.4840753607;0.7067991552;0.0062747705;0.0071906256;-0.7073498967;839;1620231197.133744825;839
1620231197.1270589828;1.5822003721;-1.4840443041;2.1998189905;0.6209009401;-0.0146555290;0.0018898405;0.7837497474;1620231197.1101229191;-0.0537109243;5.2450825456;1.4840688263;0.7067996037;0.0062860832;0.0072035559;-0.7073492165;839;1620231197.133744825;839
1620231197.1355550289;1.5822232520;-1.4839847442;2.1988555850;0.6209411905;-0.0151551444;0.0011732488;0.7837097569;1620231197.1270821095;-0.0537391150;5.2450868685;1.4840738554;0.7067995375;0.0062919575;0.0072108068;-0.7073491565;839;1620231197.133744825;839
1620231197.1435420513;1.5821572635;-1.4839736055;2.1979155473;0.6211321553;-0.0154381081;0.0010860627;0.7835530173;1620231197.1355800629;-0.0537331807;5.2450769254;1.4840732348;0.7067988255;0.0062859124;0.0072034728;-0.7073499965;840;1620231197.185687489;840
1620231197.1527199745;1.5820726316;-1.4839291471;2.1969495937;0.6212713819;-0.0156728936;0.0009231649;0.7834381777;1620231197.1435570717;-0.0537066738;5.2450700600;1.4840670625;0.7067991803;0.0062843697;0.0071982318;-0.7073497091;840;1620231197.185687489;840
1620231197.1603538990;1.5819418211;-1.4839242282;2.1960634495;0.6212205655;-0.0157127042;0.0007569298;0.7834778535;1620231197.1527431011;-0.0537354284;5.2450753535;1.4840720729;0.7067980089;0.0062920199;0.0072090264;-0.7073507016;840;1620231197.185687489;840
1620231197.1770379543;1.5818035535;-1.4839184297;2.1941307152;0.6217530093;-0.0158864289;0.0006603135;0.7830519656;1620231197.1603651047;-0.0537145669;5.2450763670;1.4840623525;0.7067977942;0.0062958393;0.0072137816;-0.7073508337;841;1620231197.211658825;841
1620231197.1848928928;1.5817207362;-1.4839198636;2.1931131074;0.6217575862;-0.0162859715;0.0003440092;0.7830403264;1620231197.1770489216;-0.0537291435;5.2450602848;1.4840655986;0.7068007922;0.0062827943;0.0072007458;-0.7073480868;841;1620231197.211658825;841
1620231197.1929330826;1.5815950126;-1.4838829019;2.1921512026;0.6218532394;-0.0163130224;0.0002354228;0.7829638424;1620231197.1849050522;-0.0537390599;5.2450567316;1.4840683519;0.7068009162;0.0062816232;0.0072001299;-0.7073479795;841;1620231197.211658825;841
1620231197.2013490200;1.5814660418;-1.4838825645;2.1912374150;0.6219878598;-0.0160766748;0.0002942121;0.7828617733;1620231197.1929440498;-0.0537009610;5.2450498505;1.4840572306;0.7068012742;0.0062798919;0.0071907358;-0.7073477328;841;1620231197.211658825;841
1620231197.2095899582;1.5813585279;-1.4838274375;2.1903495907;0.6219815139;-0.0159824737;-0.0000186387;0.7828687991;1620231197.2013599873;-0.0537250275;5.2450444282;1.4840697331;0.7068007573;0.0062624735;0.0071829130;-0.7073484832;842;1620231197.237630185;842
1620231197.2264430523;1.5810230845;-1.4838003083;2.1883182886;0.6217850669;-0.0159902844;0.0002386761;0.7830246384;1620231197.2096009254;-0.0537183525;5.2450530303;1.4840660941;0.7068053993;0.0062698867;0.0071821601;-0.7073437867;842;1620231197.237630185;842
1620231197.2347691059;1.5809064887;-1.4837726751;2.1873564912;0.6218398843;-0.0157452019;0.0003947907;0.7829860095;1620231197.2264530659;-0.0536940935;5.2450904465;1.4840523260;0.7068127210;0.0062986601;0.0072134284;-0.7073358967;842;1620231197.237630185;842
1620231197.2432560921;1.5807701793;-1.4837181120;2.1864074669;0.6216752457;-0.0156240265;0.0003241421;0.7831191950;1620231197.2347810268;-0.0536992289;5.2450827934;1.4840586594;0.7068032832;0.0062886559;0.0072001457;-0.7073455517;843;1620231197.289572953;843
1620231197.2522509098;1.5805931883;-1.4837047705;2.1853560872;0.6216058228;-0.0156212935;0.0005676837;0.7831742169;1620231197.2432789803;-0.0536979706;5.2450602411;1.4840620817;0.7068014660;0.0062670665;0.0071705260;-0.7073478600;843;1620231197.289572953;843
1620231197.2606859207;1.5804452536;-1.4836970627;2.1843249484;0.6215749817;-0.0156044099;0.0006845839;0.7831989376;1620231197.2522730827;-0.0537014412;5.2450652612;1.4840680994;0.7067981928;0.0062628776;0.0071733563;-0.7073511391;843;1620231197.289572953;843
1620231197.2767829895;1.5801472895;-1.4836040975;2.1823747085;0.6214907857;-0.0153468411;0.0006427943;0.7832708756;1620231197.2607069016;-0.0537322022;5.2450605522;1.4840770537;0.7068042466;0.0062569000;0.0071755482;-0.7073451206;843;1620231197.289572953;843
1620231197.2855639458;1.5799800341;-1.4835897000;2.1813007577;0.6214723777;-0.0153360514;0.0008513878;0.7832854936;1620231197.2768049240;-0.0537113975;5.2450764501;1.4840720143;0.7068030990;0.0062738627;0.0071903225;-0.7073459671;844;1620231197.315544257;844
1620231197.2940459251;1.5798440793;-1.4835611766;2.1803359720;0.6214634705;-0.0151767357;0.0007647988;0.7832957530;1620231197.2855889797;-0.0537321456;5.2450735217;1.4840754898;0.7067984477;0.0062683871;0.0071839474;-0.7073507281;844;1620231197.315544257;844
1620231197.3019518852;1.5796426257;-1.4835399520;2.1793461867;0.6214544939;-0.0148798016;0.0011798622;0.7833080565;1620231197.2940680981;-0.0537081913;5.2450744855;1.4840673390;0.7067960683;0.0062744527;0.0071868118;-0.7073530228;844;1620231197.315544257;844
1620231197.3099629879;1.5794196291;-1.4835221314;2.1783451253;0.6211473531;-0.0145750272;0.0012064531;0.7835573233;1620231197.3019640446;-0.0537081030;5.2450745571;1.4840682073;0.7067947245;0.0062731020;0.0071861589;-0.7073543841;844;1620231197.315544257;844
1620231197.3265709877;1.5790690153;-1.4834941552;2.1763327534;0.6210065108;-0.0141066691;0.0015603194;0.7836768982;1620231197.3099849224;-0.0537171265;5.2450664876;1.4840657684;0.7067987022;0.0062728687;0.0071910082;-0.7073503623;845;1620231197.341515601;845
1620231197.3354010582;1.5788699404;-1.4834596347;2.1753184730;0.6210061229;-0.0139540038;0.0017870433;0.7836794546;1620231197.3265919685;-0.0537333395;5.2450593199;1.4840693570;0.7067958534;0.0062740169;0.0071982490;-0.7073531250;845;1620231197.341515601;845
1620231197.3434801102;1.5787217124;-1.4834195960;2.1742565570;0.6210223318;-0.0139618969;0.0019262889;0.7836661396;1620231197.3354120255;-0.0537280319;5.2450562002;1.4840722369;0.7067975777;0.0062835640;0.0071988743;-0.7073513110;845;1620231197.341515601;845
1620231197.3516240120;1.5784026852;-1.4834733117;2.1731925002;0.6207669487;-0.0138267911;0.0026441908;0.7838687540;1620231197.3435020447;-0.0537510752;5.2450556011;1.4840716331;0.7068000357;0.0062757454;0.0071988808;-0.7073489242;846;1620231197.393458393;846
1620231197.3604159355;1.5782202157;-1.4834403147;2.1721233509;0.6207177677;-0.0139765130;0.0027988785;0.7839045071;1620231197.3516480923;-0.0537304861;5.2450404221;1.4840695334;0.7068036849;0.0062709266;0.0071894491;-0.7073454165;846;1620231197.393458393;846
1620231197.3770289421;1.5779009126;-1.4833063299;2.1699173033;0.6207797227;-0.0143166371;0.0030064785;0.7838485382;1620231197.3604369164;-0.0537545963;5.2450414616;1.4840723569;0.7068039433;0.0062705498;0.0071932096;-0.7073451235;846;1620231197.393458393;846
1620231197.3940498829;1.5774713530;-1.4832136814;2.1678915000;0.6207387161;-0.0143799807;0.0027702753;0.7838807231;1620231197.3770499229;-0.0537419627;5.2450368349;1.4840756978;0.7068025865;0.0062626484;0.0071769134;-0.7073467147;847;1620231197.419429665;847
1620231197.4015710354;1.5773136528;-1.4831647084;2.1668573934;0.6208356395;-0.0143500234;0.0026663773;0.7838048711;1620231197.3940620422;-0.0537179153;5.2450287396;1.4840668060;0.7067986637;0.0062474770;0.0071642199;-0.7073508973;847;1620231197.419429665;847
1620231197.4097180367;1.5771946468;-1.4831536810;2.1657913275;0.6211044491;-0.0143812841;0.0024821131;0.7835919098;1620231197.4015960693;-0.0537128356;5.2450239514;1.4840655895;0.7068001921;0.0062439864;0.0071585885;-0.7073494579;847;1620231197.419429665;847
1620231197.4264500141;1.5768531016;-1.4830426638;2.1637511463;0.6212597410;-0.0141474361;0.0017869481;0.7834749461;1620231197.4097409248;-0.0537162010;5.2450476319;1.4840650107;0.7068026779;0.0062661763;0.0071846504;-0.7073465137;848;1620231197.471372393;848
1620231197.4352691174;1.5767292234;-1.4830544350;2.1625748041;0.6215612131;-0.0143334672;0.0019960624;0.7832319106;1620231197.4264740944;-0.0537152507;5.2450538673;1.4840624767;0.7068042435;0.0062690514;0.0071835587;-0.7073449349;848;1620231197.471372393;848
1620231197.4430921078;1.5765854583;-1.4829484543;2.1615889668;0.6217127307;-0.0142179083;0.0015090899;0.7831148410;1620231197.4352810383;-0.0537178505;5.2450688978;1.4840596539;0.7068057617;0.0062884655;0.0072040402;-0.7073430372;848;1620231197.471372393;848
1620231197.4519920349;1.5763844164;-1.4828960155;2.1604027537;0.6216974484;-0.0144281384;0.0015517129;0.7831230450;1620231197.4431030750;-0.0537361424;5.2450698618;1.4840671590;0.7068027967;0.0062788933;0.0072001398;-0.7073461246;848;1620231197.471372393;848
1620231197.4604249001;1.5763177852;-1.4830352127;2.1590698652;0.6219418233;-0.0151738340;0.0018488543;0.7829142385;1620231197.4520161152;-0.0537225804;5.2450677230;1.4840599044;0.7068028013;0.0062791513;0.0071995990;-0.7073461233;849;1620231197.497343817;849
1620231197.4771280289;1.5758227505;-1.4827393811;2.1568846585;0.6218238799;-0.0149898813;0.0014590375;0.7830122841;1620231197.4604489803;-0.0537141357;5.2450635833;1.4840579224;0.7068024616;0.0062766046;0.0071953289;-0.7073465288;849;1620231197.497343817;849
1620231197.4935860634;1.5750215164;-1.4819378882;2.1542782043;0.6207901791;-0.0150633324;0.0025323796;0.7838279382;1620231197.4771499634;-0.0537493426;5.2450791043;1.4840650234;0.7068069180;0.0062955813;0.0072208699;-0.7073416468;850;1620231197.523315081;850
1620231197.5011940002;1.5747724375;-1.4818106243;2.1532507811;0.6208881378;-0.0146707845;0.0023974786;0.7837582156;1620231197.4935960770;-0.0537280788;5.2450771806;1.4840629715;0.7068074598;0.0062949709;0.0072117255;-0.7073412042;850;1620231197.523315081;850
1620231197.5177431107;1.5743832578;-1.4818177755;2.1509244132;0.6207410403;-0.0147479028;0.0024754277;0.7838730334;1620231197.5012059212;-0.0537266003;5.2450782283;1.4840689176;0.7068060048;0.0062929517;0.0072080727;-0.7073427132;850;1620231197.523315081;850
1620231197.5261020660;1.5741373714;-1.4816841070;2.1498796678;0.6208506994;-0.0143971383;0.0023479872;0.7837930967;1620231197.5177550316;-0.0537324510;5.2450765306;1.4840762857;0.7068021036;0.0062860592;0.0072068952;-0.7073466847;850;1620231197.523315081;850
1620231197.5344090462;1.5739128548;-1.4816442142;2.1487559931;0.6207775146;-0.0142357443;0.0024944543;0.7838535569;1620231197.5261240005;-0.0537570716;5.2450706761;1.4840804497;0.7067980687;0.0062779969;0.0072026721;-0.7073508312;851;1620231197.575257761;851
1620231197.5426681042;1.5737040335;-1.4816762955;2.1475533700;0.6206120698;-0.0143795070;0.0026237514;0.7839815078;1620231197.5344200134;-0.0537586728;5.2450815863;1.4840778643;0.7067986278;0.0062894073;0.0072166927;-0.7073500282;851;1620231197.575257761;851
1620231197.5510571003;1.5734888822;-1.4815583136;2.1464918621;0.6206986841;-0.0139064550;0.0026116357;0.7839215097;1620231197.5426790714;-0.0537306442;5.2450691482;1.4840692075;0.7068028592;0.0062911599;0.0072092996;-0.7073458599;851;1620231197.575257761;851
1620231197.5677421093;1.5733305242;-1.4815590613;2.1437691892;0.6208250956;-0.0147388105;0.0029591902;0.7838049575;1620231197.5510690212;-0.0537366066;5.2450683816;1.4840699556;0.7068029854;0.0062849720;0.0072057943;-0.7073458245;852;1620231197.601229161;852
1620231197.5759611130;1.5730591213;-1.4815465533;2.1426452890;0.6207571969;-0.0143276805;0.0034308080;0.7838644332;1620231197.5677540302;-0.0537341932;5.2450713485;1.4840652512;0.7068042321;0.0062913499;0.0072100035;-0.7073444792;852;1620231197.601229161;852
1620231197.5927050114;1.5726475941;-1.4814413521;2.1402761431;0.6207435192;-0.0141740065;0.0038093580;0.7838763102;1620231197.5759720802;-0.0537468395;5.2450728148;1.4840670240;0.7068088199;0.0062967285;0.0072161663;-0.7073397842;852;1620231197.601229161;852
1620231197.6014780998;1.5724632869;-1.4813569047;2.1390865046;0.6207650647;-0.0142754732;0.0036832460;0.7838580095;1620231197.5927159786;-0.0537518779;5.2450731652;1.4840696743;0.7068083621;0.0062925832;0.0072146303;-0.7073402942;853;1620231197.627200593;853
1620231197.6177809238;1.5713003963;-1.4811740998;2.1377939669;0.6191060122;-0.0123676559;0.0013958079;0.7852087866;1620231197.6015539169;-0.0537520615;5.2450830926;1.4840676696;0.7068087417;0.0063022241;0.0072227437;-0.7073397463;853;1620231197.627200593;853
1620231197.6263730526;1.5712671150;-1.4818638556;2.1357827682;0.6196687099;-0.0147564060;0.0033403170;0.7847176439;1620231197.6177918911;-0.0537360595;5.2450832472;1.4840679277;0.7068076127;0.0062964632;0.0072186473;-0.7073409675;853;1620231197.627200593;853
1620231197.6345169544;1.5711585463;-1.4812360164;2.1344783665;0.6204019613;-0.0142826674;0.0036556834;0.7841454251;1620231197.6263840199;-0.0537472731;5.2450836484;1.4840710979;0.7068072526;0.0062980354;0.0072176272;-0.7073413237;853;1620231197.627200593;853
1620231197.6431200504;1.5709416590;-1.4811107372;2.1333271404;0.6206619798;-0.0142895415;0.0033398216;0.7839409170;1620231197.6345279217;-0.0537561195;5.2450925933;1.4840711324;0.7068085549;0.0063039599;0.0072265642;-0.7073398784;854;1620231197.679143241;854
1620231197.6513960361;1.5707400928;-1.4811546999;2.1321112728;0.6206005456;-0.0145320970;0.0031304655;0.7839859572;1620231197.6431379318;-0.0537435045;5.2450889937;1.4840753661;0.7068035150;0.0062911926;0.0072126479;-0.7073451702;854;1620231197.679143241;854
1620231197.6677749157;1.5701206409;-1.4816549478;2.1294586347;0.6202384617;-0.0155363959;0.0038034204;0.7842502183;1620231197.6514079571;-0.0537290536;5.2450845988;1.4840688084;0.7068048479;0.0062865875;0.0072074936;-0.7073439318;854;1620231197.679143241;854
1620231197.6761150360;1.5699594069;-1.4815971617;2.1282646172;0.6204124012;-0.0155570475;0.0034681469;0.7841137690;1620231197.6677870750;-0.0537209536;5.2450772158;1.4840740412;0.7068038478;0.0062858727;0.0071980478;-0.7073450336;855;1620231197.705114577;855
1620231197.6850800514;1.5697024532;-1.4815351234;2.1271347982;0.6205059908;-0.0152782673;0.0031834355;0.7840463989;1620231197.6761250496;-0.0537475646;5.2450765633;1.4840825608;0.7068032419;0.0062767559;0.0071972604;-0.7073457281;855;1620231197.705114577;855
1620231197.6925089359;1.5693860939;-1.4814803064;2.1260634616;0.6204788269;-0.0148224575;0.0030749779;0.7840770782;1620231197.6851038933;-0.0537203718;5.2450771013;1.4840764811;0.7068027378;0.0062814952;0.0071974376;-0.7073461879;855;1620231197.705114577;855
1620231197.7014110088;1.5692699944;-1.4814680334;2.1247431333;0.6205628855;-0.0151567964;0.0028346852;0.7840050646;1620231197.6925210953;-0.0537165583;5.2450758479;1.4840761725;0.7068030028;0.0062788350;0.0071961669;-0.7073459596;855;1620231197.705114577;855
1620231197.7094430923;1.5689288270;-1.4813587519;2.1236747413;0.6205541597;-0.0145098753;0.0027600415;0.7840244770;1620231197.7014238834;-0.0537421428;5.2450774738;1.4840772480;0.7068029299;0.0062822349;0.0072014032;-0.7073459490;856;1620231197.757057321;856
1620231197.7261090279;1.5685550468;-1.4813738404;2.1210735239;0.6205654641;-0.0147078801;0.0031127952;0.7840105188;1620231197.7094550133;-0.0537207672;5.2450568780;1.4840734113;0.7068028383;0.0062649736;0.0071813897;-0.7073463971;856;1620231197.757057321;856
1620231197.7345759869;1.5683550543;-1.4813114165;2.1198158917;0.6206301693;-0.0145497660;0.0032882636;0.7839615326;1620231197.7261199951;-0.0537236339;5.2450617207;1.4840732610;0.7068057673;0.0062753151;0.0071927512;-0.7073432632;856;1620231197.757057321;856
1620231197.7427299023;1.5681009032;-1.4812705789;2.1186561615;0.6205856061;-0.0142473723;0.0033370857;0.7840021567;1620231197.7345869541;-0.0537148456;5.2450516964;1.4840730282;0.7068042765;0.0062654298;0.0071808656;-0.7073449613;856;1620231197.757057321;856
1620231197.7512230873;1.5679232121;-1.4812260761;2.1173930562;0.6206588805;-0.0142057561;0.0034938160;0.7839442224;1620231197.7427520752;-0.0537140985;5.2450559127;1.4840719865;0.7068040770;0.0062715183;0.0071858812;-0.7073450557;857;1620231197.783028633;857
1620231197.7594149113;1.5676753772;-1.4812145409;2.1161561658;0.6206696374;-0.0139779274;0.0038113051;0.7839383220;1620231197.7512350082;-0.0537132209;5.2450652738;1.4840691835;0.7068036728;0.0062776299;0.0071955619;-0.7073453070;857;1620231197.783028633;857
1620231197.7679469585;1.5673903060;-1.4811801848;2.1149572522;0.6206377006;-0.0137451097;0.0039361626;0.7839671059;1620231197.7594270706;-0.0537137128;5.2450617722;1.4840705230;0.7068048712;0.0062758824;0.0071910083;-0.7073441714;857;1620231197.783028633;857
1620231197.7846341133;1.5668000630;-1.4811261709;2.1126175362;0.6204933286;-0.0130703818;0.0043555748;0.7840906983;1620231197.7679591179;-0.0537101004;5.2450582194;1.4840657006;0.7068049140;0.0062728435;0.0071871815;-0.7073441944;857;1620231197.783028633;857
1620231197.7927920818;1.5666675311;-1.4810775201;2.1113223742;0.6205990819;-0.0131537962;0.0043558847;0.7840056017;1620231197.7846560478;-0.0537119722;5.2450632506;1.4840695559;0.7068024840;0.0062694454;0.0071869698;-0.7073466548;858;1620231197.834971409;858
1620231197.8013629913;1.5663235636;-1.4809528939;2.1102646828;0.6205557267;-0.0123904455;0.0042177858;0.7840531087;1620231197.7928030491;-0.0537132585;5.2450673216;1.4840684541;0.7068033205;0.0062756597;0.0071912283;-0.7073457206;858;1620231197.834971409;858
1620231197.8092169762;1.5662492379;-1.4810153571;2.1088902801;0.6206423017;-0.0126080213;0.0047453866;0.7839780944;1620231197.8013749123;-0.0537145179;5.2450746688;1.4840693529;0.7068027545;0.0062805160;0.0071972948;-0.7073461814;858;1620231197.834971409;858
1620231197.8179600239;1.5659698707;-1.4810586279;2.1075927040;0.6205097022;-0.0125261904;0.0052445610;0.7840811811;1620231197.8092279434;-0.0537139344;5.2450707375;1.4840722782;0.7068024364;0.0062734874;0.0071934250;-0.7073466010;859;1620231197.860942761;859
1620231197.8345639706;1.5654783666;-1.4812805487;2.1048078349;0.6200513299;-0.0130552835;0.0062873827;0.7844274196;1620231197.8179800510;-0.0537140824;5.2450741696;1.4840714845;0.7068027420;0.0062796752;0.0071976251;-0.7073461980;859;1620231197.860942761;859
1620231197.8425059319;1.5652813281;-1.4811546314;2.1034751256;0.6202079959;-0.0131894787;0.0061901528;0.7843020856;1620231197.8345770836;-0.0537091041;5.2450740791;1.4840673464;0.7068029509;0.0062803305;0.0071953786;-0.7073460063;859;1620231197.860942761;859
1620231197.8513178825;1.5649683089;-1.4812353296;2.1021375007;0.6199843235;-0.0133612802;0.0067460093;0.7844714183;1620231197.8425168991;-0.0537151220;5.2450733592;1.4840693684;0.7068047969;0.0062763658;0.0071929468;-0.7073442216;859;1620231197.860942761;859
1620231197.8595020771;1.5647699733;-1.4811799761;2.1008782882;0.6200743171;-0.0134293529;0.0068773766;0.7843979828;1620231197.8513419628;-0.0537164543;5.2450785308;1.4840694312;0.7068030601;0.0062780279;0.0071966710;-0.7073459044;860;1620231197.886914041;860
1620231197.8764989376;1.5642700232;-1.4809867451;2.0984494148;0.6202755675;-0.0131928718;0.0066215340;0.7842450662;1620231197.8595130444;-0.0537165932;5.2450851597;1.4840681512;0.7068044291;0.0062893335;0.0072055283;-0.7073443459;860;1620231197.886914041;860
1620231197.8848209381;1.5640423564;-1.4811407811;2.0970255020;0.6202155209;-0.0136779766;0.0067746568;0.7842829366;1620231197.8765110970;-0.0537134157;5.2450819507;1.4840710655;0.7068024627;0.0062836885;0.0072009494;-0.7073464076;860;1620231197.886914041;860
1620231197.8931200504;1.5640902765;-1.4805032430;2.0960385656;0.6210835503;-0.0127239604;0.0050730627;0.7836246476;1620231197.8848319054;-0.0537154347;5.2450726850;1.4840700923;0.7068037290;0.0062738186;0.0071911377;-0.7073453297;860;1620231197.886914041;860
1620231197.9012160301;1.5637063042;-1.4811697892;2.0943599247;0.6204974476;-0.0139680990;0.0064632728;0.7840574187;1620231197.8931310177;-0.0537182135;5.2450871367;1.4840661918;0.7068035166;0.0062892793;0.0072063290;-0.7073452500;861;1620231197.938856793;861
1620231197.9178099632;1.5632853083;-1.4811616795;2.0917254557;0.6206390513;-0.0139870062;0.0061146547;0.7839477933;1620231197.9012370110;-0.0537163324;5.2450757658;1.4840680264;0.7068011168;0.0062707161;0.0071907717;-0.7073479711;861;1620231197.938856793;861
1620231197.9259901047;1.5631648312;-1.4811081340;2.0903803013;0.6208515273;-0.0141385993;0.0059223938;0.7837782890;1620231197.9178230762;-0.0537192093;5.2450857275;1.4840657648;0.7068043678;0.0062898426;0.0072065771;-0.7073443919;861;1620231197.938856793;861
1620231197.9426600933;1.5625245122;-1.4810679259;2.0877538465;0.6208786368;-0.0141830807;0.0057214673;0.7837575030;1620231197.9260010719;-0.0537491061;5.2450750827;1.4840710025;0.7068050828;0.0062792185;0.0071995093;-0.7073438438;862;1620231197.964828089;862
1620231197.9512789249;1.5625271421;-1.4809453794;2.0863983468;0.6211741379;-0.0145102590;0.0051856976;0.7835210599;1620231197.9426710606;-0.0537244138;5.2450808118;1.4840699311;0.7068035971;0.0062836836;0.0072015576;-0.7073452679;862;1620231197.964828089;862
1620231197.9678580761;1.5621824460;-1.4802783236;2.0842346380;0.6220071219;-0.0129991120;0.0033938441;0.7828963183;1620231197.9513049126;-0.0537254804;5.2450770947;1.4840654104;0.7068058756;0.0062856203;0.0072017358;-0.7073429721;862;1620231197.964828089;862
1620231197.9759559631;1.5619516339;-1.4803748434;2.0828180494;0.6219814726;-0.0132475357;0.0032936292;0.7829129598;1620231197.9678709507;-0.0537154675;5.2450719932;1.4840664246;0.7068034112;0.0062773468;0.0071927479;-0.7073455996;863;1620231198.016770801;863
1620231197.9846949577;1.5618763112;-1.4804385331;2.0813267099;0.6221034055;-0.0137187692;0.0033211595;0.7828078424;1620231197.9759669304;-0.0537165385;5.2450727343;1.4840670422;0.7068032354;0.0062802093;0.0071942077;-0.7073457350;863;1620231198.016770801;863
1620231197.9926791191;1.5616645865;-1.4803460946;2.0800054082;0.6223463031;-0.0134503067;0.0032320066;0.7826197815;1620231197.9847168922;-0.0537198977;5.2450653479;1.4840680181;0.7068054302;0.0062748794;0.0071875794;-0.7073436566;863;1620231198.016770801;863
1620231198.0012938976;1.5615292049;-1.4803472476;2.0786493344;0.6223957832;-0.0135487673;0.0029662132;0.7825797861;1620231197.9926900864;-0.0537137617;5.2450648654;1.4840692794;0.7068032403;0.0062698157;0.0071829636;-0.7073459365;863;1620231198.016770801;863
1620231198.0093469620;1.5612863780;-1.4803796557;2.0772780319;0.6223581687;-0.0134598266;0.0030191322;0.7826110323;1620231198.0013051033;-0.0537179561;5.2450756343;1.4840658133;0.7068066442;0.0062795718;0.0071978715;-0.7073422972;864;1620231198.042741993;864
1620231198.0259869099;1.5609859236;-1.4808664280;2.0740779228;0.6220211246;-0.0149265623;0.0041540756;0.7828471511;1620231198.0093710423;-0.0537113719;5.2450721421;1.4840630128;0.7068074951;0.0062798840;0.0071910967;-0.7073415131;864;1620231198.042741993;864
1620231198.0427949429;1.5605183160;-1.4809428304;2.0713399392;0.6218423381;-0.0147458247;0.0044117794;0.7829911899;1620231198.0259981155;-0.0537225762;5.2450761283;1.4840678549;0.7068069454;0.0062799179;0.0071974703;-0.7073419972;865;1620231198.068713529;865
1620231198.0511960983;1.5601513824;-1.4804827379;2.0706273574;0.6218494336;-0.0126540036;0.0029181611;0.7830291454;1620231198.0428049564;-0.0537172811;5.2450868235;1.4840715150;0.7068062114;0.0062864415;0.0072025841;-0.7073426206;865;1620231198.068713529;865
1620231198.0592730045;1.5599633732;-1.4804709125;2.0692695807;0.6218172120;-0.0124300695;0.0031762247;0.7830573158;1620231198.0512070656;-0.0537161301;5.2450863553;1.4840674342;0.7068081415;0.0062830427;0.0072000429;-0.7073407480;865;1620231198.068713529;865
1620231198.0678939819;1.5597755406;-1.4805013240;2.0678397470;0.6217539299;-0.0125046062;0.0032911058;0.7831059022;1620231198.0592830181;-0.0537398779;5.2450866712;1.4840733271;0.7068074551;0.0062797643;0.0071980056;-0.7073414838;865;1620231198.068713529;865
1620231198.0847809315;1.5593258787;-1.4805982085;2.0650257225;0.6215159993;-0.0125248072;0.0037339780;0.7832924417;1620231198.0679059029;-0.0537118530;5.2450856564;1.4840672762;0.7068036012;0.0062780830;0.0071937201;-0.7073453933;866;1620231198.120656241;866
1620231198.0928781033;1.5590487883;-1.4805699469;2.0637354904;0.6214415926;-0.0121819935;0.0037539985;0.7833567855;1620231198.0847940445;-0.0537415906;5.2450812279;1.4840730461;0.7068064952;0.0062765611;0.0071945917;-0.7073425061;866;1620231198.120656241;866
1620231198.1012029648;1.5588640601;-1.4806411644;2.0623611601;0.6213167879;-0.0120797065;0.0040189117;0.7834560473;1620231198.0928890705;-0.0537114663;5.2450814933;1.4840671730;0.7068063849;0.0062834640;0.0071966533;-0.7073425341;866;1620231198.120656241;866
1620231198.1091980934;1.5586603614;-1.4805921926;2.0610797292;0.6214016146;-0.0116769160;0.0040057516;0.7833949432;1620231198.1012139320;-0.0537453329;5.2450804770;1.4840737210;0.7068063053;0.0062778631;0.0071969953;-0.7073426599;867;1620231198.146627577;867
1620231198.1258699894;1.5583264528;-1.4806392789;2.0585148944;0.6213596913;-0.0108633353;0.0042614204;0.7834385504;1620231198.1092090607;-0.0537150282;5.2450837987;1.4840737515;0.7068058963;0.0062847936;0.0071969330;-0.7073430077;867;1620231198.146627577;867
1620231198.1344540119;1.5581490285;-1.4806774787;2.0571224451;0.6213375662;-0.0107996949;0.0043538139;0.7834564696;1620231198.1258800030;-0.0537387812;5.2450882407;1.4840767029;0.7068056963;0.0062866606;0.0072050152;-0.7073431087;867;1620231198.146627577;867
1620231198.1424190998;1.5579539016;-1.4806986106;2.0557596492;0.6212826901;-0.0105693698;0.0047476882;0.7835008404;1620231198.1344869137;-0.0537173389;5.2450833639;1.4840697798;0.7068061041;0.0062883301;0.0072027004;-0.7073427099;867;1620231198.146627577;867
1620231198.1510720253;1.5578569730;-1.4807410235;2.0542973803;0.6212337333;-0.0108003117;0.0049326267;0.7835353668;1620231198.1424300671;-0.0537343990;5.2450682952;1.4840718382;0.7068058082;0.0062773439;0.0071891734;-0.7073432407;868;1620231198.198570345;868
1620231198.1591429710;1.5576594368;-1.4807202080;2.0529307479;0.6212878380;-0.0107326746;0.0049918998;0.7834930204;1620231198.1510829926;-0.0537462078;5.2450711583;1.4840704546;0.7068048634;0.0062765395;0.0071973132;-0.7073441092;868;1620231198.198570345;868
1620231198.1765160561;1.5573051104;-1.4807129240;2.0501567438;0.6212389130;-0.0110176848;0.0051188262;0.7835270393;1620231198.1591539383;-0.0537239837;5.2450727475;1.4840625907;0.7068076724;0.0062880006;0.0072010320;-0.7073411627;868;1620231198.198570345;868
1620231198.1849100590;1.5571365556;-1.4807122324;2.0487659347;0.6212709640;-0.0111929969;0.0051183955;0.7834991437;1620231198.1765370369;-0.0537435189;5.2450746345;1.4840693157;0.7068067412;0.0062820134;0.0072009479;-0.7073421473;868;1620231198.198570345;868
1620231198.1936690807;1.5569980290;-1.4807134708;2.0473789640;0.6214110626;-0.0113630526;0.0049699916;0.7833865403;1620231198.1849319935;-0.0537277177;5.2450682552;1.4840654082;0.7068048816;0.0062787371;0.0071934806;-0.7073441105;869;1620231198.224541673;869
1620231198.2077538967;1.5568305656;-1.4808162704;2.0458853920;0.6214047538;-0.0118672878;0.0048334978;0.7833849225;1620231198.1936919689;-0.0537157327;5.2450712585;1.4840640398;0.7068038757;0.0062798141;0.0071949608;-0.7073450910;869;1620231198.224541673;869
1620231198.2256228924;1.5567658002;-1.4807934494;2.0445445051;0.6216586875;-0.0118777775;0.0045000788;0.7831852552;1620231198.2077729702;-0.0537174896;5.2450707214;1.4840675104;0.7068052289;0.0062815380;0.0071950753;-0.7073437223;870;1620231198.250513033;870
1620231198.2305779457;1.5568251118;-1.4808795385;2.0412645751;0.6222413783;-0.0134411465;0.0041451143;0.7826990614;1620231198.2256410122;-0.0537438942;5.2450695871;1.4840664682;0.7068054369;0.0062833484;0.0071980515;-0.7073434682;870;1620231198.250513033;870
1620231198.2427310944;1.5564966445;-1.4809568335;2.0384748634;0.6224245104;-0.0135401362;0.0039321826;0.7825528298;1620231198.2305960655;-0.0537234620;5.2450724933;1.4840665244;0.7068042664;0.0062825207;0.0071970346;-0.7073446555;870;1620231198.250513033;870
1620231198.2522380352;1.5563423469;-1.4809856921;2.0370426655;0.6225012113;-0.0138059877;0.0037008533;0.7824883004;1620231198.2427580357;-0.0537227264;5.2450710614;1.4840630761;0.7068058901;0.0062844979;0.0071968518;-0.7073430173;870;1620231198.250513033;870
1620231198.2594220638;1.5561702451;-1.4810285176;2.0355751447;0.6225342698;-0.0141215050;0.0035892006;0.7824568893;1620231198.2522690296;-0.0537208078;5.2450711896;1.4840692987;0.7068043671;0.0062807876;0.0071925408;-0.7073446159;871;1620231198.302455729;871
1620231198.2755639553;1.5558681669;-1.4810826413;2.0326667185;0.6226800099;-0.0146054271;0.0033010392;0.7823332985;1620231198.2594330311;-0.0537228873;5.2450703296;1.4840663823;0.7068051958;0.0062762379;0.0071952363;-0.7073438009;871;1620231198.302455729;871
1620231198.2842559814;1.5557447419;-1.4811192689;2.0312083073;0.6227120573;-0.0148366987;0.0031740584;0.7823039636;1620231198.2755739689;-0.0537233947;5.2450624582;1.4840693541;0.7068050756;0.0062664498;0.0071842111;-0.7073441198;871;1620231198.302455729;871
1620231198.2923018932;1.5555592598;-1.4811788923;2.0297438540;0.6227653790;-0.0149539870;0.0032398027;0.7822590138;1620231198.2842679024;-0.0537299621;5.2450645126;1.4840675550;0.7068075952;0.0062730411;0.0071890743;-0.7073414943;871;1620231198.302455729;871
1620231198.3009049892;1.5554557168;-1.4811995785;2.0282711033;0.6228215690;-0.0151368505;0.0031017847;0.7822113192;1620231198.2923130989;-0.0537299955;5.2450663868;1.4840660871;0.7068074457;0.0062719622;0.0071893250;-0.7073416507;872;1620231198.328427081;872
1620231198.3089580536;1.5549898874;-1.4811807712;2.0272713197;0.6225274877;-0.0138831416;0.0025767837;0.7824705398;1620231198.3009159565;-0.0537257636;5.2450668079;1.4840641045;0.7068060821;0.0062736352;0.0071918026;-0.7073429732;872;1620231198.328427081;872
1620231198.3263709545;1.5547859399;-1.4812645717;2.0243501251;0.6226116036;-0.0141045339;0.0024080085;0.7824001883;1620231198.3089680672;-0.0537217986;5.2450864543;1.4840650034;0.7068056995;0.0062908623;0.0072073855;-0.7073430439;872;1620231198.328427081;872
1620231198.3349409103;1.5545938531;-1.4813270577;2.0229156186;0.6225677165;-0.0141069640;0.0023152546;0.7824353466;1620231198.3263940811;-0.0537231095;5.2450831559;1.4840685843;0.7068058607;0.0062841597;0.0071990002;-0.7073430278;873;1620231198.380369857;873
1620231198.3440599442;1.5546849661;-1.4813859582;2.0211622964;0.6228744474;-0.0148887588;0.0025156513;0.7821760794;1620231198.3349659443;-0.0537291525;5.2450794518;1.4840691141;0.7068063078;0.0062760335;0.0071941955;-0.7073427021;873;1620231198.380369857;873
1620231198.3513898849;1.5545555719;-1.4814133190;2.0197596762;0.6228682857;-0.0147612333;0.0024008455;0.7821837640;1620231198.3440840244;-0.0537305630;5.2450700249;1.4840682119;0.7068092306;0.0062735127;0.0071889273;-0.7073398574;873;1620231198.380369857;873
1620231198.3599328995;1.5543883627;-1.4815016843;2.0183047513;0.6227565577;-0.0146392804;0.0024680010;0.7822748048;1620231198.3514139652;-0.0537309046;5.2450777275;1.4840710697;0.7068069094;0.0062744547;0.0071932747;-0.7073421243;873;1620231198.380369857;873
1620231198.3769938946;1.5540687234;-1.4816009732;2.0153796167;0.6225827270;-0.0143155012;0.0028287568;0.7824179271;1620231198.3599550724;-0.0537206687;5.2450790672;1.4840725342;0.7068057665;0.0062735734;0.0071913417;-0.7073432939;874;1620231198.406341177;874
1620231198.3931639194;1.5534593786;-1.4816531753;2.0128917806;0.6219953074;-0.0126957108;0.0029809734;0.7829123644;1620231198.3770179749;-0.0537237190;5.2450827187;1.4840706007;0.7068052039;0.0062758951;0.0071981205;-0.7073437665;874;1620231198.406341177;874
1620231198.4017329216;1.5533424511;-1.4816599510;2.0114389436;0.6220102495;-0.0125198908;0.0032119444;0.7829024111;1620231198.3931849003;-0.0537250991;5.2450778533;1.4840669857;0.7068054863;0.0062729733;0.0071944950;-0.7073435470;874;1620231198.406341177;874
1620231198.4099268913;1.5532607622;-1.4817531424;2.0097816237;0.6219364767;-0.0130001333;0.0036012068;0.7829514971;1620231198.4017560482;-0.0537253550;5.2450809738;1.4840674855;0.7068066719;0.0062785950;0.0071991220;-0.7073422654;875;1620231198.432312505;875
1620231198.4267199039;1.5529474660;-1.4818559483;2.0067177016;0.6218162463;-0.0133070276;0.0040143983;0.7830398224;1620231198.4099490643;-0.0537157550;5.2450874927;1.4840682421;0.7068059283;0.0062831568;0.0072026591;-0.7073429320;875;1620231198.432312505;875
1620231198.4352560043;1.5530218207;-1.4819043966;2.0049195449;0.6221515178;-0.0141760213;0.0043663178;0.7827563251;1620231198.4267530441;-0.0537352568;5.2450784336;1.4840754758;0.7068065533;0.0062700883;0.0071928356;-0.7073425233;875;1620231198.432312505;875
1620231198.4432721138;1.5528813779;-1.4819181781;2.0034342048;0.6222184263;-0.0141776045;0.0043367909;0.7827032757;1620231198.4352800846;-0.0537193188;5.2450810332;1.4840733827;0.7068032227;0.0062717494;0.0071958499;-0.7073458061;876;1620231198.484255209;876
1620231198.4521920681;1.5527461120;-1.4819579118;2.0019508277;0.6222929604;-0.0141538196;0.0043253280;0.7826445121;1620231198.4432950020;-0.0537238563;5.2450878365;1.4840711974;0.7068061577;0.0062810079;0.0072036337;-0.7073427119;876;1620231198.484255209;876
1620231198.4598701000;1.5526247339;-1.4819952404;2.0004922405;0.6223168091;-0.0140091162;0.0043411776;0.7826280649;1620231198.4522159100;-0.0537265662;5.2450920894;1.4840731938;0.7068069203;0.0062900584;0.0072094588;-0.7073418101;876;1620231198.484255209;876
1620231198.4687249660;1.5524193566;-1.4820449579;1.9990486169;0.6223079632;-0.0137829187;0.0042992552;0.7826393464;1620231198.4598929882;-0.0537227167;5.2450933217;1.4840718274;0.7068038931;0.0062822373;0.0072030459;-0.7073449698;876;1620231198.484255209;876
1620231198.4769659042;1.5522894988;-1.4820814777;1.9976205946;0.6224190031;-0.0135072313;0.0042529529;0.7825561013;1620231198.4687500000;-0.0537471769;5.2450907529;1.4840716372;0.7068046452;0.0062821363;0.0072041422;-0.7073442080;877;1620231198.510226601;877
1620231198.4941649437;1.5521839867;-1.4821995786;1.9945292285;0.6226561280;-0.0139366251;0.0040017354;0.7823612356;1620231198.4769890308;-0.0537256870;5.2450875736;1.4840706211;0.7068034738;0.0062765274;0.0071972630;-0.7073454984;877;1620231198.510226601;877
1620231198.5015940666;1.5520552246;-1.4822545446;1.9929299139;0.6227392362;-0.0141884217;0.0040626357;0.7822902450;1620231198.4941871166;-0.0537228979;5.2450872549;1.4840715955;0.7068053371;0.0062839106;0.0072020596;-0.7073435221;877;1620231198.510226601;877
1620231198.5101809502;1.5519510619;-1.4822725848;1.9914326572;0.6228369696;-0.0142898010;0.0039770235;0.7822110292;1620231198.5016109943;-0.0537325184;5.2450968466;1.4840720536;0.7068040465;0.0062862894;0.0072086137;-0.7073447238;877;1620231198.510226601;877
1620231198.5268390179;1.5517266599;-1.4823345385;1.9883054272;0.6230947008;-0.0147355102;0.0039250010;0.7819977320;1620231198.5102050304;-0.0537311232;5.2451076206;1.4840712662;0.7068051626;0.0063018395;0.0072238222;-0.7073433151;878;1620231198.562169281;878
1620231198.5353090763;1.5515459261;-1.4824468481;1.9866837358;0.6229937531;-0.0151132433;0.0039436805;0.7820708541;1620231198.5269041061;-0.0537498697;5.2451044437;1.4840733012;0.7068040132;0.0063000516;0.0072194308;-0.7073445243;878;1620231198.562169281;878
1620231198.5439200401;1.5513957308;-1.4824974525;1.9851394392;0.6230887548;-0.0152213563;0.0039134727;0.7819932216;1620231198.5353310108;-0.0537315766;5.2451115585;1.4840674863;0.7068046208;0.0063025146;0.0072230371;-0.7073438584;878;1620231198.562169281;878
1620231198.5526969433;1.5513029523;-1.4825415336;1.9836116083;0.6232139554;-0.0154160201;0.0036489591;0.7818909113;1620231198.5439429283;-0.0537542450;5.2451149696;1.4840741279;0.7068032629;0.0063046056;0.0072292933;-0.7073451328;879;1620231198.588140673;879
1620231198.5602459908;1.5512445658;-1.4825889939;1.9821068290;0.6235076171;-0.0154679645;0.0032862857;0.7816573378;1620231198.5527210236;-0.0537463110;5.2451118961;1.4840704883;0.7068045150;0.0063039333;0.0072251942;-0.7073439294;879;1620231198.588140673;879
1620231198.5770490170;1.5507474930;-1.4831046097;1.9793926763;0.6233402100;-0.0155761242;0.0026390152;0.7817911502;1620231198.5602679253;-0.0537356266;5.2451005059;1.4840707680;0.7068030772;0.0062964852;0.0072184428;-0.7073455015;879;1620231198.588140673;879
1620231198.5860590935;1.5508139267;-1.4831794937;1.9778210316;0.6235359487;-0.0161984858;0.0019542740;0.7816244050;1620231198.5770709515;-0.0537336321;5.2451061743;1.4840749849;0.7068039037;0.0063032044;0.0072239959;-0.7073445591;879;1620231198.588140673;879
1620231198.5950739384;1.5504066490;-1.4827108394;1.9764883845;0.6230159864;-0.0144004813;0.0012717180;0.7820755012;1620231198.5860700607;-0.0537557296;5.2451022402;1.4840810256;0.7068036760;0.0062962699;0.0072206798;-0.7073448822;880;1620231198.614111921;880
1620231198.6035430431;1.5502863649;-1.4827438242;1.9749823857;0.6229728587;-0.0141628474;0.0011590288;0.7821143699;1620231198.5951271057;-0.0537298173;5.2451010435;1.4840753332;0.7068013327;0.0062971158;0.0072216181;-0.7073472066;880;1620231198.614111921;880
1620231198.6102941036;1.5503830285;-1.4827579072;1.9732187963;0.6235084205;-0.0144066959;0.0015855261;0.7816822774;1620231198.6035680771;-0.0537353300;5.2451079099;1.4840758916;0.7068017464;0.0063037815;0.0072277922;-0.7073466708;880;1620231198.614111921;880
1620231198.6263101101;1.5498102490;-1.4827961719;1.9704239844;0.6230570613;-0.0133318029;0.0014570509;0.7820614032;1620231198.6103138924;-0.0537584976;5.2451062689;1.4840773126;0.7068040811;0.0063025923;0.0072263826;-0.7073443629;881;1620231198.666054649;881
1620231198.6349239349;1.5494242987;-1.4828642206;1.9690284319;0.6225891099;-0.0128200174;0.0014905443;0.7824424743;1620231198.6263248920;-0.0537537021;5.2451020553;1.4840775186;0.7068053615;0.0063027181;0.0072246093;-0.7073431004;881;1620231198.666054649;881
1620231198.6433959007;1.5495641872;-1.4835055043;1.9668699235;0.6229605043;-0.0141394581;0.0027988269;0.7821204846;1620231198.6349399090;-0.0537510231;5.2451006161;1.4840799503;0.7068060335;0.0062953412;0.0072181483;-0.7073425606;881;1620231198.666054649;881
1620231198.6514770985;1.5494381835;-1.4835289006;1.9653698334;0.6229997502;-0.0139779954;0.0026036745;0.7820927999;1620231198.6434121132;-0.0537216166;5.2451005487;1.4840788747;0.7068050993;0.0062974780;0.0072177269;-0.7073434794;881;1620231198.666054649;881
1620231198.6594989300;1.5491863555;-1.4837125655;1.9637617862;0.6226284261;-0.0140484905;0.0028237027;0.7823864196;1620231198.6514940262;-0.0537522620;5.2450950437;1.4840868699;0.7068016979;0.0062852272;0.0072118469;-0.7073470471;882;1620231198.692026041;882
1620231198.6679019928;1.5493188750;-1.4837947821;1.9620141021;0.6232285855;-0.0145913112;0.0029490161;0.7818980286;1620231198.6595089436;-0.0537230562;5.2450949793;1.4840789158;0.7068041716;0.0062944008;0.0072118946;-0.7073444932;882;1620231198.692026041;882
1620231198.6844460964;1.5488711689;-1.4840051082;1.9589470897;0.6228382904;-0.0141573213;0.0030127128;0.7822166949;1620231198.6679189205;-0.0537491027;5.2450978949;1.4840765792;0.7068057626;0.0062961480;0.0072150578;-0.7073428556;882;1620231198.692026041;882
1620231198.6928009987;1.5487173702;-1.4840754353;1.9574248906;0.6228402892;-0.0138817882;0.0032000035;0.7822192979;1620231198.6844630241;-0.0537436511;5.2450937967;1.4840772955;0.7068056187;0.0062892948;0.0072051714;-0.7073431611;882;1620231198.692026041;882
1620231198.7011799812;1.5486411568;-1.4841832127;1.9558330825;0.6228158676;-0.0138262615;0.0033789203;0.7822389740;1620231198.6928119659;-0.0537459501;5.2450903264;1.4840785684;0.7068065041;0.0062863738;0.0072055483;-0.7073422986;883;1620231198.743968769;883
1620231198.7108800411;1.5482500619;-1.4841773852;1.9544910111;0.6224462793;-0.0129421433;0.0033866034;0.7825481846;1620231198.7011959553;-0.0537155883;5.2450837247;1.4840728198;0.7068017432;0.0062786029;0.0071957455;-0.7073472247;883;1620231198.743968769;883
1620231198.7266290188;1.5479662625;-1.4843405703;1.9513071546;0.6224462866;-0.0126861774;0.0038330705;0.7825503107;1620231198.7108969688;-0.0537159175;5.2450862686;1.4840733429;0.7068054013;0.0062874907;0.0071958160;-0.7073434897;883;1620231198.743968769;883
1620231198.7350521088;1.5478447288;-1.4843688759;1.9497902214;0.6224724454;-0.0125054873;0.0040251128;0.7825314473;1620231198.7266530991;-0.0537216187;5.2450766680;1.4840726192;0.7068069002;0.0062800375;0.0071933538;-0.7073420831;884;1620231198.769940049;884
1620231198.7432060242;1.5478342451;-1.4845138343;1.9480121168;0.6226566536;-0.0130419581;0.0043668445;0.7823742901;1620231198.7350690365;-0.0537430386;5.2450845697;1.4840753968;0.7068047687;0.0062827845;0.0071998229;-0.7073441228;884;1620231198.769940049;884
1620231198.7516469955;1.5476830291;-1.4845641611;1.9464354247;0.6226296451;-0.0130832441;0.0043719106;0.7823950666;1620231198.7432219982;-0.0537222479;5.2450832066;1.4840691425;0.7068040690;0.0062859719;0.0071980942;-0.7073448113;884;1620231198.769940049;884
1620231198.7601699829;1.5474021758;-1.4847032361;1.9446475043;0.6224166131;-0.0128353048;0.0053530066;0.7825625598;1620231198.7516579628;-0.0537201650;5.2450786337;1.4840689598;0.7068038953;0.0062841036;0.0071971563;-0.7073450110;884;1620231198.769940049;884
1620231198.7762110233;1.5470111031;-1.4848190837;1.9416278975;0.6222666589;-0.0124674294;0.0050481327;0.7826897756;1620231198.7601819038;-0.0537449999;5.2450812588;1.4840740878;0.7068007909;0.0062824233;0.0071996358;-0.7073481027;885;1620231198.795911457;885
1620231198.7848830223;1.5468600669;-1.4848752697;1.9400931240;0.6223825152;-0.0121595301;0.0050410375;0.7826025419;1620231198.7762279510;-0.0537402090;5.2450640430;1.4840709291;0.7068030700;0.0062750193;0.0071889310;-0.7073460000;885;1620231198.795911457;885
1620231198.7929010391;1.5468108028;-1.4849107855;1.9385559504;0.6224934673;-0.0119342626;0.0049386872;0.7825184125;1620231198.7848980427;-0.0537401988;5.2450632245;1.4840728951;0.7068023682;0.0062701319;0.0071828463;-0.7073468063;885;1620231198.795911457;885
1620231198.8014891148;1.5467428210;-1.4850637501;1.9367287567;0.6225890019;-0.0124182324;0.0051632425;0.7824334241;1620231198.7929160595;-0.0537205577;5.2450691947;1.4840654284;0.7068028766;0.0062790033;0.0071903987;-0.7073461429;885;1620231198.795911457;885
1620231198.8096709251;1.5466451065;-1.4851651904;1.9350880669;0.6225542998;-0.0125072169;0.0051344009;0.7824598080;1620231198.8015270233;-0.0537160967;5.2450495847;1.4840650664;0.7068059280;0.0062616753;0.0071722486;-0.7073434317;886;1620231198.847854193;886
1620231198.8263909817;1.5468670822;-1.4849257832;1.9314638819;0.6234689769;-0.0136296981;0.0043469010;0.7817171935;1620231198.8096959591;-0.0537427468;5.2450617741;1.4840695076;0.7068051708;0.0062728351;0.0071880045;-0.7073439295;886;1620231198.847854193;886
1620231198.8347570896;1.5467121563;-1.4850356124;1.9297204602;0.6235035048;-0.0141176295;0.0042363331;0.7816816011;1620231198.8264060020;-0.0537169299;5.2450645935;1.4840651366;0.7068057742;0.0062714858;0.0071847169;-0.7073433719;886;1620231198.847854193;886
1620231198.8429079056;1.5466114357;-1.4851243212;1.9280298734;0.6235942074;-0.0144736260;0.0040732354;0.7816035999;1620231198.8347721100;-0.0537124882;5.2450602239;1.4840629836;0.7068067958;0.0062723191;0.0071818954;-0.7073423724;887;1620231198.873825489;887
1620231198.8514380455;1.5464805617;-1.4852175752;1.9263225596;0.6236940660;-0.0147371766;0.0038817632;0.7815199675;1620231198.8429279327;-0.0537434726;5.2450659282;1.4840722118;0.7068051887;0.0062730930;0.0071889083;-0.7073439002;887;1620231198.873825489;887
1620231198.8596661091;1.5462594679;-1.4852946912;1.9247231647;0.6238171375;-0.0146420652;0.0037052429;0.7814243790;1620231198.8514530659;-0.0537202065;5.2450613225;1.4840657894;0.7068059834;0.0062701794;0.0071851058;-0.7073431705;887;1620231198.873825489;887
1620231198.8767271042;1.5459973655;-1.4855121091;1.9213367658;0.6239494858;-0.0148959897;0.0033172563;0.7813156497;1620231198.8596808910;-0.0537251437;5.2450673954;1.4840707593;0.7068035855;0.0062706643;0.0071891035;-0.7073455217;887;1620231198.873825489;887
1620231198.8844790459;1.5458597519;-1.4855801364;1.9197392442;0.6240139271;-0.0146977919;0.0030720304;0.7812689398;1620231198.8767430782;-0.0537176966;5.2450687036;1.4840702643;0.7068034904;0.0062753436;0.0071882107;-0.7073455843;888;1620231198.925768193;888
1620231198.8929550648;1.5457153447;-1.4856980393;1.9180115601;0.6240610667;-0.0148005882;0.0029749683;0.7812297211;1620231198.8845090866;-0.0537166466;5.2450742413;1.4840681585;0.7068029753;0.0062738404;0.0071932253;-0.7073460614;888;1620231198.925768193;888
1620231198.9015440941;1.5456906223;-1.4857961772;1.9162771992;0.6241703882;-0.0151410856;0.0025870668;0.7811372358;1620231198.8929710388;-0.0537166149;5.2450658026;1.4840679904;0.7068043858;0.0062684048;0.0071866090;-0.7073447674;888;1620231198.925768193;888
1620231198.9097011089;1.5456139773;-1.4858396283;1.9147674942;0.6242826793;-0.0147335813;0.0023276009;0.7810561056;1620231198.9015560150;-0.0537207115;5.2450684849;1.4840723848;0.7068043378;0.0062660362;0.0071841060;-0.7073448617;889;1620231198.951739553;889
1620231198.9268469810;1.5451666673;-1.4861114781;1.9113441143;0.6240125536;-0.0145276092;0.0025147553;0.7812752124;1620231198.9097239971;-0.0537221515;5.2450730608;1.4840696883;0.7068083635;0.0062781706;0.0071937884;-0.7073406331;889;1620231198.951739553;889
1620231198.9350259304;1.5450565410;-1.4862453128;1.9095491784;0.6239733626;-0.0146882349;0.0026029424;0.7813032210;1620231198.9268629551;-0.0537156420;5.2450794614;1.4840754315;0.7068051521;0.0062773029;0.0071924888;-0.7073438630;889;1620231198.951739553;889
1620231198.9436409473;1.5448470688;-1.4863902339;1.9078469616;0.6238440849;-0.0144140163;0.0029292373;0.7814104001;1620231198.9350430965;-0.0537163395;5.2450775712;1.4840739047;0.7068068494;0.0062718619;0.0071859530;-0.7073422817;889;1620231198.951739553;889
1620231198.9532129765;1.5447868030;-1.4864478350;1.9061628000;0.6238067296;-0.0142666523;0.0030180154;0.7814425880;1620231198.9436569214;-0.0537154451;5.2450792272;1.4840732960;0.7068058484;0.0062749948;0.0071885134;-0.7073432281;890;1620231198.977710977;890
1620231198.9600820541;1.5446176803;-1.4865293045;1.9044159475;0.6238092795;-0.0141151466;0.0032825307;0.7814422374;1620231198.9532289505;-0.0537186671;5.2450879864;1.4840720040;0.7068082655;0.0062823418;0.0071991185;-0.7073406398;890;1620231198.977710977;890
1620231198.9766080379;1.5443028923;-1.4867502102;1.9009275334;0.6235612145;-0.0141133606;0.0036305730;0.7816386913;1620231198.9600958824;-0.0537199074;5.2450863794;1.4840763335;0.7068065534;0.0062813167;0.0071948208;-0.7073424034;890;1620231198.977710977;890
1620231198.9849131107;1.5442737402;-1.4868248488;1.8992035666;0.6235929388;-0.0141726522;0.0037500794;0.7816117448;1620231198.9766249657;-0.0537304346;5.2450778638;1.4840683313;0.7068074433;0.0062784539;0.0071951653;-0.7073415361;890;1620231198.977710977;890
1620231198.9933590889;1.5441136603;-1.4869772568;1.8973653136;0.6234727469;-0.0144854746;0.0037900433;0.7817016953;1620231198.9849510193;-0.0537280674;5.2450736893;1.4840642904;0.7068077350;0.0062819651;0.0071959926;-0.7073412050;891;1620231199.029653617;891
1620231199.0021901131;1.5438416676;-1.4871219779;1.8956645739;0.6232867683;-0.0142068970;0.0039855093;0.7818541323;1620231198.9933860302;-0.0537360506;5.2450867831;1.4840627192;0.7068053096;0.0062936032;0.0072142657;-0.7073433390;891;1620231199.029653617;891
1620231199.0097849369;1.5436792751;-1.4872420877;1.8939695013;0.6232487467;-0.0139607964;0.0041778418;0.7818878702;1620231199.0022270679;-0.0537382879;5.2450898330;1.4840625858;0.7068071754;0.0062986753;0.0072188624;-0.7073413826;891;1620231199.029653617;891
1620231199.0262689590;1.5433820749;-1.4874337306;1.8904905825;0.6232890808;-0.0135868495;0.0043487951;0.7818613734;1620231199.0098071098;-0.0537360126;5.2450820281;1.4840632755;0.7068088181;0.0062937975;0.0072135394;-0.7073398388;892;1620231199.055625033;892
1620231199.0357298851;1.5432341409;-1.4875550266;1.8887413234;0.6231848114;-0.0134946217;0.0044647025;0.7819454280;1620231199.0262830257;-0.0537325401;5.2450847423;1.4840645143;0.7068097561;0.0062932859;0.0072112330;-0.7073389296;892;1620231199.055625033;892
1620231199.0427150726;1.5431332859;-1.4876324209;1.8869568676;0.6232723339;-0.0134628800;0.0046028940;0.7818754133;1620231199.0357460976;-0.0537312234;5.2450783985;1.4840580744;0.7068102323;0.0062887554;0.0072077421;-0.7073385297;892;1620231199.055625033;892
1620231199.0515201092;1.5429630536;-1.4877124272;1.8852262949;0.6232839980;-0.0134095645;0.0045807925;0.7818671612;1620231199.0427250862;-0.0537259526;5.2450726378;1.4840602897;0.7068087355;0.0062835071;0.0072034024;-0.7073401161;892;1620231199.055625033;892
1620231199.0595939159;1.5429837651;-1.4877608055;1.8834012159;0.6234883168;-0.0138447112;0.0044868374;0.7816971991;1620231199.0515370369;-0.0537442387;5.2450732542;1.4840615968;0.7068103812;0.0062819487;0.0072029985;-0.7073384896;893;1620231199.107567665;893
1620231199.0762469769;1.5424711053;-1.4880141237;1.8797054676;0.6233380673;-0.0140005926;0.0049238525;0.7818116096;1620231199.0596098900;-0.0537324678;5.2450715427;1.4840625394;0.7068108303;0.0062807627;0.0072020166;-0.7073380614;893;1620231199.107567665;893
1620231199.0848419666;1.5423230928;-1.4881279017;1.8779667063;0.6234095621;-0.0141159498;0.0047941722;0.7817533331;1620231199.0762619972;-0.0537258007;5.2450883159;1.4840618521;0.7068117169;0.0063026097;0.0072218948;-0.7073367784;893;1620231199.107567665;893
1620231199.0932528973;1.5422175558;-1.4882105761;1.8761566683;0.6236290265;-0.0141976140;0.0046183841;0.7815778500;1620231199.0848600864;-0.0537465211;5.2450845327;1.4840648035;0.7068118963;0.0062950416;0.0072154392;-0.7073367325;893;1620231199.107567665;893
1620231199.1016418934;1.5421173970;-1.4883839173;1.8743440409;0.6236250514;-0.0145207626;0.0044945230;0.7815758070;1620231199.0932660103;-0.0537305749;5.2450748550;1.4840632453;0.7068104910;0.0062856526;0.0072063422;-0.7073383130;894;1620231199.133539041;894
1620231199.1094539165;1.5420621686;-1.4884681982;1.8725320857;0.6238830779;-0.0145147465;0.0044562745;0.7813701868;1620231199.1016590595;-0.0537279176;5.2450781642;1.4840644402;0.7068111545;0.0062868185;0.0072083040;-0.7073376196;894;1620231199.133539041;894
1620231199.1260769367;1.5417112906;-1.4887685724;1.8688972347;0.6238290226;-0.0147002138;0.0044264201;0.7814100467;1620231199.1094710827;-0.0537422638;5.2450929766;1.4840633618;0.7068118233;0.0062979049;0.0072208596;-0.7073367247;894;1620231199.133539041;894
1620231199.1429650784;1.5416522346;-1.4888992091;1.8653243416;0.6242855627;-0.0149933252;0.0040247785;0.7810419564;1620231199.1260941029;-0.0537273754;5.2450901678;1.4840601272;0.7068116223;0.0062974383;0.0072186088;-0.7073369527;895;1620231199.159510361;895
1620231199.1515359879;1.5415262221;-1.4889990831;1.8634971165;0.6243587710;-0.0151903931;0.0038759246;0.7809803802;1620231199.1429810524;-0.0537286090;5.2450938084;1.4840608330;0.7068124312;0.0063059980;0.0072261901;-0.7073359907;895;1620231199.159510361;895
1620231199.1598410606;1.5411965968;-1.4891284981;1.8616837990;0.6241842499;-0.0150405007;0.0039776578;0.7811222592;1620231199.1515529156;-0.0537201575;5.2450877238;1.4840603677;0.7068106956;0.0063023822;0.0072183708;-0.7073378370;895;1620231199.159510361;895
1620231199.1681768894;1.5410428042;-1.4892314447;1.8598364560;0.6242034827;-0.0150675547;0.0040406835;0.7811060452;1620231199.1598570347;-0.0537253895;5.2450933943;1.4840635816;0.7068067342;0.0063039272;0.0072254482;-0.7073417094;896;1620231199.211453177;896
1620231199.1847848892;1.5409387240;-1.4894027095;1.8562150564;0.6244831754;-0.0148157812;0.0041921158;0.7808864722;1620231199.1681919098;-0.0537219278;5.2450910232;1.4840641351;0.7068082935;0.0063032848;0.0072217261;-0.7073401950;896;1620231199.211453177;896
1620231199.1929829121;1.5408271922;-1.4895272914;1.8542990662;0.6244935855;-0.0150643816;0.0041806997;0.7808734519;1620231199.1848011017;-0.0537229604;5.2450797492;1.4840615624;0.7068079303;0.0062949807;0.0072108778;-0.7073407426;896;1620231199.211453177;896
1620231199.2014389038;1.5405796101;-1.4896249226;1.8524924098;0.6246203945;-0.0143063114;0.0046408239;0.7807836800;1620231199.1929988861;-0.0537391264;5.2450918577;1.4840672962;0.7068056279;0.0063025089;0.0072211920;-0.7073428710;897;1620231199.237424417;897
1620231199.2099609375;1.5405525180;-1.4897101997;1.8506907685;0.6246028431;-0.0149104022;0.0040121500;0.7807899019;1620231199.2014579773;-0.0537175789;5.2450838241;1.4840635714;0.7068051208;0.0062973589;0.0072146906;-0.7073434900;897;1620231199.237424417;897
1620231199.2180199623;1.5402329924;-1.4898390319;1.8489604326;0.6243329721;-0.0148843091;0.0037824593;0.7810073561;1620231199.2099850178;-0.0537170619;5.2450831051;1.4840631615;0.7068043812;0.0062951584;0.0072130579;-0.7073442652;897;1620231199.237424417;897
1620231199.2348430157;1.5399029591;-1.4899949720;1.8454106820;0.6243223520;-0.0145857999;0.0033896704;0.7810232809;1620231199.2180368900;-0.0537138272;5.2450789078;1.4840634429;0.7068039841;0.0062889545;0.0072046679;-0.7073448027;897;1620231199.237424417;897
1620231199.2432570457;1.5397571223;-1.4900965627;1.8435949221;0.6243253844;-0.0143943691;0.0033956065;0.7810243827;1620231199.2348740101;-0.0537179949;5.2450763230;1.4840618243;0.7068062078;0.0062940384;0.0072087644;-0.7073424937;898;1620231199.289367145;898
1620231199.2513749599;1.5397349798;-1.4901764891;1.8417627844;0.6244045419;-0.0143782691;0.0033361055;0.7809616533;1620231199.2432720661;-0.0537163327;5.2450684319;1.4840615592;0.7068052833;0.0062826500;0.0071992435;-0.7073436157;898;1620231199.289367145;898
1620231199.2598419189;1.5395659731;-1.4902691877;1.8399321705;0.6243707440;-0.0141325091;0.0034978977;0.7809924525;1620231199.2513909340;-0.0537203068;5.2450682964;1.4840623933;0.7068054996;0.0062816477;0.0071997570;-0.7073434033;898;1620231199.289367145;898
1620231199.2678959370;1.5391424981;-1.4904574187;1.8380441841;0.6239617843;-0.0138177171;0.0040484596;0.7813221950;1620231199.2598559856;-0.0537386018;5.2450769596;1.4840649163;0.7068059612;0.0062937397;0.0072107813;-0.7073427223;898;1620231199.289367145;898
1620231199.2849609852;1.5390091602;-1.4906121340;1.8343482999;0.6240005646;-0.0136130680;0.0044393900;0.7812926926;1620231199.2679080963;-0.0537384931;5.2450843627;1.4840639314;0.7068050568;0.0062982764;0.0072176784;-0.7073435152;899;1620231199.315338553;899
1620231199.2933659554;1.5389130657;-1.4906485763;1.8325105177;0.6240459171;-0.0135614580;0.0044320740;0.7812574076;1620231199.2849740982;-0.0537393927;5.2450863157;1.4840688258;0.7068061749;0.0062984837;0.0072167311;-0.7073424058;899;1620231199.315338553;899
1620231199.3017530441;1.5386480875;-1.4907242376;1.8306501113;0.6239910991;-0.0133920029;0.0046591186;0.7813027935;1620231199.2933819294;-0.0537139257;5.2450819487;1.4840602192;0.7068090841;0.0062991187;0.0072142189;-0.7073395188;899;1620231199.315338553;899
1620231199.3099799156;1.5384953648;-1.4908192908;1.8287896347;0.6238721030;-0.0134055374;0.0047176730;0.7813972321;1620231199.3017721176;-0.0537125394;5.2450774033;1.4840612696;0.7068057669;0.0062937936;0.0072085990;-0.7073429381;900;1620231199.341309865;900
1620231199.3263120651;1.5380083020;-1.4910979621;1.8250621670;0.6236908681;-0.0130895682;0.0051032727;0.7815448297;1620231199.3099958897;-0.0537181855;5.2450756905;1.4840612693;0.7068071200;0.0062924093;0.0072086454;-0.7073415979;900;1620231199.341309865;900
1620231199.3349270821;1.5379743863;-1.4911529323;1.8232281006;0.6238910196;-0.0129199745;0.0051115470;0.7813878307;1620231199.3263280392;-0.0537129769;5.2450782263;1.4840590552;0.7068004288;0.0062883241;0.0072065864;-0.7073483413;900;1620231199.341309865;900
1620231199.3438179493;1.5376568641;-1.4912800990;1.8214153080;0.6236886318;-0.0124699317;0.0053496095;0.7815550992;1620231199.3349440098;-0.0537177043;5.2450709207;1.4840575959;0.7068038281;0.0062867095;0.0072047932;-0.7073449772;900;1620231199.341309865;900
1620231199.3518149853;1.5375272896;-1.4914134694;1.8194394001;0.6236783881;-0.0126258756;0.0055494458;0.7815593766;1620231199.3438339233;-0.0537176017;5.2450729025;1.4840536967;0.7068037346;0.0062926748;0.0072083445;-0.7073449814;901;1620231199.393252569;901
1620231199.3601520061;1.5373899657;-1.4915662497;1.8175003378;0.6236691264;-0.0127042927;0.0056880406;0.7815645002;1620231199.3518319130;-0.0537408917;5.2450732716;1.4840595607;0.7068013363;0.0062882911;0.0072071805;-0.7073474287;901;1620231199.393252569;901
1620231199.3685650826;1.5371516455;-1.4916526948;1.8156369473;0.6236098569;-0.0126446282;0.0058115966;0.7816118507;1620231199.3601670265;-0.0537166756;5.2450730561;1.4840532608;0.7068049772;0.0062922718;0.0072071915;-0.7073437551;901;1620231199.393252569;901
1620231199.3851408958;1.5369984302;-1.4917592907;1.8118738603;0.6238877343;-0.0129697104;0.0054144520;0.7813875897;1620231199.3685810566;-0.0537186549;5.2450681410;1.4840547661;0.7068025054;0.0062884363;0.0072012624;-0.7073463195;901;1620231199.393252569;901
1620231199.3933329582;1.5368056856;-1.4918635606;1.8099766229;0.6239372870;-0.0131371871;0.0053869193;0.7813454149;1620231199.3851580620;-0.0537223366;5.2450667193;1.4840579261;0.7068032060;0.0062846447;0.0072004952;-0.7073456610;902;1620231199.419223945;902
1620231199.4015738964;1.5367145008;-1.4919472335;1.8079965162;0.6241256159;-0.0135326884;0.0052430769;0.7811892165;1620231199.3933479786;-0.0537405801;5.2450578146;1.4840615494;0.7068023421;0.0062708541;0.0071917997;-0.7073467351;902;1620231199.419223945;902
1620231199.4098749161;1.5365627097;-1.4920368648;1.8061103462;0.6242489021;-0.0137074659;0.0049889860;0.7810893186;1620231199.4015910625;-0.0537233221;5.2450545006;1.4840565190;0.7068031401;0.0062729764;0.0071931832;-0.7073459048;902;1620231199.419223945;902
1620231199.4263110161;1.5362858753;-1.4922467195;1.8022392128;0.6244918059;-0.0141457992;0.0045993873;0.7808897018;1620231199.4098899364;-0.0537436543;5.2450602402;1.4840613028;0.7068033771;0.0062709996;0.0071936537;-0.7073456807;903;1620231199.445195297;903
1620231199.4349210262;1.5361723450;-1.4923484980;1.8003350152;0.6246004586;-0.0143012618;0.0042200567;0.7808021082;1620231199.4263260365;-0.0537195595;5.2450540374;1.4840543623;0.7068045245;0.0062708947;0.0071897051;-0.7073445753;903;1620231199.445195297;903
1620231199.4429879189;1.5359682011;-1.4924614639;1.7984190516;0.6246913901;-0.0143077824;0.0039570100;0.7807306172;1620231199.4349370003;-0.0537468019;5.2450639804;1.4840580717;0.7068068000;0.0062800043;0.0071999864;-0.7073421161;903;1620231199.445195297;903
1620231199.4515240192;1.5358586613;-1.4925497754;1.7965349569;0.6247401962;-0.0144438379;0.0035980690;0.7806907946;1620231199.4430038929;-0.0537413226;5.2450599998;1.4840647313;0.7068017830;0.0062710855;0.0071936312;-0.7073472731;903;1620231199.445195297;903
1620231199.4598479271;1.5356866543;-1.4926548916;1.7946162262;0.6248020843;-0.0143976283;0.0034127155;0.7806429511;1620231199.4515619278;-0.0537311992;5.2450607757;1.4840578647;0.7068059996;0.0062777613;0.0071975523;-0.7073429605;904;1620231199.497137969;904
1620231199.4681260586;1.5355308703;-1.4927605873;1.7926819790;0.6248008076;-0.0145182258;0.0030852173;0.7806431025;1620231199.4598629475;-0.0537238805;5.2450590755;1.4840607817;0.7068052885;0.0062723687;0.0071936729;-0.7073437584;904;1620231199.497137969;904
1620231199.4847788811;1.5352069261;-1.4929259408;1.7887997865;0.6249382377;-0.0143343961;0.0028281239;0.7805374596;1620231199.4681429863;-0.0537324136;5.2450683564;1.4840600675;0.7068023388;0.0062810060;0.0072055472;-0.7073465084;904;1620231199.497137969;904
1620231199.4930150509;1.5351062491;-1.4930157089;1.7867933603;0.6249793337;-0.0143897472;0.0028340964;0.7805035141;1620231199.4847960472;-0.0537143927;5.2450675998;1.4840582650;0.7068019569;0.0062856738;0.0072023189;-0.7073468814;905;1620231199.523109425;905
1620231199.5015869141;1.5349498619;-1.4931239860;1.7848062838;0.6248836016;-0.0143694982;0.0028704019;0.7805804013;1620231199.4930250645;-0.0537253055;5.2450586066;1.4840554433;0.7068003042;0.0062736411;0.0071954054;-0.7073487100;905;1620231199.523109425;905
1620231199.5095729828;1.5347323274;-1.4932453408;1.7827685339;0.6248236352;-0.0142615483;0.0031535955;0.7806292897;1620231199.5016040802;-0.0537435744;5.2450663536;1.4840589102;0.7068019958;0.0062853098;0.0072060944;-0.7073468073;905;1620231199.523109425;905
1620231199.5182840824;1.5345985100;-1.4933346464;1.7806910130;0.6246381421;-0.0141806512;0.0030808729;0.7807794879;1620231199.5095889568;-0.0537207099;5.2450624407;1.4840572185;0.7068019483;0.0062799851;0.0071981893;-0.7073469825;905;1620231199.523109425;905
1620231199.5348420143;1.5342857488;-1.4935177894;1.7767438845;0.6246631953;-0.0143590767;0.0035073243;0.7807543840;1620231199.5183010101;-0.0537165983;5.2450638597;1.4840560408;0.7068007038;0.0062768792;0.0071968979;-0.7073482668;906;1620231199.575052129;906
1620231199.5430219173;1.5341448327;-1.4936000123;1.7747947149;0.6246608803;-0.0143681081;0.0035046822;0.7807560818;1620231199.5348570347;-0.0537138752;5.2450676476;1.4840600044;0.7068002230;0.0062852826;0.0072042670;-0.7073485976;906;1620231199.575052129;906
1620231199.5518538952;1.5339361627;-1.4937166932;1.7727834245;0.6245594814;-0.0142748932;0.0036616662;0.7808381867;1620231199.5430378914;-0.0537222176;5.2450756435;1.4840610878;0.7067993958;0.0062862914;0.0072107010;-0.7073493496;906;1620231199.575052129;906
1620231199.5596840382;1.5337982096;-1.4938058228;1.7708208192;0.6244785336;-0.0141720194;0.0036739676;0.7809047426;1620231199.5518710613;-0.0537192534;5.2450667745;1.4840617209;0.7067997049;0.0062842910;0.0072041017;-0.7073491258;906;1620231199.575052129;906
1620231199.5766229630;1.5334108464;-1.4940327225;1.7668622663;0.6243061769;-0.0136690331;0.0041131354;0.7810493180;1620231199.5596950054;-0.0537138955;5.2450625199;1.4840582712;0.7068007526;0.0062816486;0.0071971982;-0.7073481726;907;1620231199.601023465;907
1620231199.5853469372;1.5332765517;-1.4941532498;1.7648343246;0.6242738195;-0.0135634465;0.0042898278;0.7810760710;1620231199.5766339302;-0.0537169479;5.2450686827;1.4840576351;0.7068004588;0.0062822286;0.0072028570;-0.7073484035;907;1620231199.601023465;907
1620231199.5930299759;1.5330750039;-1.4942509006;1.7628868381;0.6242103936;-0.0131669560;0.0044177523;0.7811328307;1620231199.5853629112;-0.0537115914;5.2450701460;1.4840575735;0.7067969894;0.0062841154;0.0072025919;-0.7073518561;907;1620231199.601023465;907
1620231199.6017930508;1.5329844504;-1.4942998272;1.7609653600;0.6242814912;-0.0128622372;0.0043742110;0.7810813331;1620231199.5930550098;-0.0537227720;5.2450765465;1.4840577670;0.7068013656;0.0062921373;0.0072085532;-0.7073473512;908;1620231199.626994745;908
1620231199.6101460457;1.5327936621;-1.4944271861;1.7589378292;0.6242303000;-0.0127680670;0.0045242646;0.7811229353;1620231199.6018090248;-0.0537164419;5.2450720239;1.4840566697;0.7068013830;0.0062879613;0.0072049672;-0.7073474075;908;1620231199.626994745;908
1620231199.6187899113;1.5326493851;-1.4945078959;1.7569383530;0.6242045416;-0.0127169605;0.0047103186;0.7811432532;1620231199.6102418900;-0.0537173724;5.2450742908;1.4840591823;0.7068000977;0.0062910774;0.0072069907;-0.7073486435;908;1620231199.626994745;908
1620231199.6348829269;1.5323499118;-1.4946688012;1.7527739848;0.6243400085;-0.0131040926;0.0049003146;0.7810274153;1620231199.6188189983;-0.0537172706;5.2450703159;1.4840584319;0.7068011685;0.0062829617;0.0071993022;-0.7073477240;908;1620231199.626994745;908
1620231199.6431519985;1.5322190118;-1.4947616026;1.7506955035;0.6243802384;-0.0133818011;0.0049289483;0.7809903653;1620231199.6349110603;-0.0537401727;5.2450747144;1.4840653511;0.7067998681;0.0062857592;0.0072032165;-0.7073489587;909;1620231199.678937537;909
1620231199.6599640846;1.5318686423;-1.4949477638;1.7464838194;0.6245249814;-0.0139499301;0.0049636592;0.7808644627;1620231199.6431679726;-0.0537181055;5.2450738462;1.4840644474;0.7068012266;0.0062897227;0.0072032819;-0.7073475653;909;1620231199.678937537;909
1620231199.6765630245;1.5315842187;-1.4951310414;1.7423900303;0.6246627024;-0.0143334452;0.0045030220;0.7807501415;1620231199.6599800587;-0.0537178214;5.2450633740;1.4840612394;0.7067994079;0.0062740396;0.0071903858;-0.7073496531;909;1620231199.678937537;909
1620231199.6847689152;1.5314585879;-1.4952195736;1.7403640111;0.6248043354;-0.0143162541;0.0041376419;0.7806391402;1620231199.6765780449;-0.0537185501;5.2450727509;1.4840591847;0.7068023683;0.0062873105;0.0072030555;-0.7073464483;910;1620231199.704908865;910
1620231199.6931509972;1.5313044598;-1.4953249610;1.7383300424;0.6249191095;-0.0143585148;0.0038289774;0.7805480630;1620231199.6847870350;-0.0537220151;5.2450774728;1.4840590165;0.7068051589;0.0062927540;0.0072094670;-0.7073435461;910;1620231199.704908865;910
1620231199.7015390396;1.5312036331;-1.4954219098;1.7362923745;0.6250280074;-0.0143706328;0.0033859181;0.7804626900;1620231199.6931669712;-0.0537190518;5.2450709631;1.4840635621;0.7068034237;0.0062820770;0.0071982047;-0.7073454896;910;1620231199.704908865;910
1620231199.7105059624;1.5310180128;-1.4955267426;1.7342444908;0.6251330317;-0.0143027863;0.0031779870;0.7803806914;1620231199.7015569210;-0.0537173073;5.2450746585;1.4840679378;0.7068024582;0.0062878422;0.0072009706;-0.7073463749;911;1620231199.756851505;911
1620231199.7188351154;1.5309253827;-1.4956048236;1.7321850854;0.6252525295;-0.0143493045;0.0029287003;0.7802850726;1620231199.7105290890;-0.0537541482;5.2450791073;1.4840699917;0.7068062896;0.0062892142;0.0072116269;-0.7073424258;911;1620231199.756851505;911
1620231199.7269129753;1.5307848622;-1.4956889142;1.7300953959;0.6253354961;-0.0144009593;0.0028216047;0.7802180261;1620231199.7188529968;-0.0537549672;5.2450745466;1.4840673769;0.7068091281;0.0062895906;0.0072054092;-0.7073396494;911;1620231199.756851505;911
1620231199.7436370850;1.5304689416;-1.4958968256;1.7258890610;0.6253376206;-0.0146185751;0.0027926785;0.7802123803;1620231199.7269229889;-0.0537563193;5.2450790770;1.4840718174;0.7068078114;0.0062879466;0.0072079907;-0.7073409534;911;1620231199.756851505;911
1620231199.7526140213;1.5302850875;-1.4959801315;1.7237999279;0.6252523737;-0.0145793377;0.0029587177;0.7802808200;1620231199.7436530590;-0.0537233841;5.2450755134;1.4840606016;0.7068071776;0.0062881480;0.0072048691;-0.7073416167;912;1620231199.782822953;912
1620231199.7599270344;1.5300858652;-1.4960955600;1.7216793707;0.6252497070;-0.0146738973;0.0030114200;0.7802809827;1620231199.7526490688;-0.0537297355;5.2450702518;1.4840653222;0.7068082243;0.0062778814;0.0071970507;-0.7073407416;912;1620231199.782822953;912
1620231199.7764589787;1.5297513980;-1.4962791738;1.7175380923;0.6252596495;-0.0143924319;0.0031379824;0.7802777593;1620231199.7599430084;-0.0537340314;5.2450760165;1.4840659443;0.7068129926;0.0062828263;0.0072008904;-0.7073358938;912;1620231199.782822953;912
1620231199.7853670120;1.5296113963;-1.4963758953;1.7154967501;0.6252165762;-0.0143406147;0.0029001269;0.7803141475;1620231199.7764799595;-0.0537335895;5.2450695621;1.4840672132;0.7068121941;0.0062761301;0.0071953588;-0.7073368075;912;1620231199.782822953;912
1620231199.7937569618;1.5293742930;-1.4964851292;1.7134156174;0.6253893389;-0.0141683680;0.0028168837;0.7801791444;1620231199.7853829861;-0.0537452996;5.2450762132;1.4840696505;0.7068123930;0.0062805077;0.0072037763;-0.7073364843;913;1620231199.808794297;913
1620231199.8017880917;1.5291328092;-1.4966484715;1.7113731340;0.6250954769;-0.0138903207;0.0028133327;0.7804196236;1620231199.7937719822;-0.0537533838;5.2450764514;1.4840713740;0.7068118712;0.0062792784;0.0072001533;-0.7073370535;913;1620231199.808794297;913
1620231199.8101670742;1.5289512114;-1.4967383303;1.7093186758;0.6251388743;-0.0136964600;0.0027701253;0.7803884425;1620231199.8018040657;-0.0537373007;5.2450794882;1.4840641120;0.7068123935;0.0062847812;0.0072058938;-0.7073364242;913;1620231199.808794297;913
1620231199.8188331127;1.5287955893;-1.4968408574;1.7072470408;0.6251401959;-0.0135735389;0.0026661213;0.7803898938;1620231199.8101770878;-0.0537376396;5.2450712680;1.4840622839;0.7068136481;0.0062799310;0.0072008674;-0.7073352649;914;1620231199.860736953;914
1620231199.8352179527;1.5284113604;-1.4970711176;1.7031161955;0.6249744877;-0.0132072391;0.0027831920;0.7805284827;1620231199.8188500404;-0.0537425136;5.2450758061;1.4840660554;0.7068122417;0.0062786051;0.0072026326;-0.7073366639;914;1620231199.860736953;914
1620231199.8432760239;1.5282176252;-1.4972021682;1.7010231164;0.6248903452;-0.0129526647;0.0028669178;0.7805998115;1620231199.8352351189;-0.0537553295;5.2450766456;1.4840684799;0.7068115668;0.0062783461;0.0072039473;-0.7073373273;914;1620231199.860736953;914
1620231199.8519229889;1.5280251002;-1.4973191895;1.6989235604;0.6247892662;-0.0126680018;0.0031681448;0.7806842239;1620231199.8432900906;-0.0537279869;5.2450753163;1.4840618175;0.7068126804;0.0062822739;0.0072011867;-0.7073362077;914;1620231199.860736953;914
1620231199.8602359295;1.5278464395;-1.4974251720;1.6967976393;0.6247390526;-0.0124033524;0.0033528572;0.7807278856;1620231199.8519339561;-0.0537342636;5.2450739462;1.4840639877;0.7068129860;0.0062806587;0.0072055927;-0.7073358718;915;1620231199.886708361;915
1620231199.8764619827;1.5274434785;-1.4976398354;1.6924780255;0.6246000609;-0.0120766135;0.0042069817;0.7808400736;1620231199.8602509499;-0.0537230084;5.2450806838;1.4840649182;0.7068091898;0.0062828996;0.0072065164;-0.7073396359;915;1620231199.886708361;915
1620231199.8850948811;1.5273322502;-1.4977156524;1.6903241377;0.6245479446;-0.0121209306;0.0043694932;0.7808801800;1620231199.8764719963;-0.0537255490;5.2450774827;1.4840659311;0.7068107160;0.0062843350;0.0072078541;-0.7073380845;915;1620231199.886708361;915
1620231199.8930358887;1.5270985842;-1.4978281020;1.6881180682;0.6244961009;-0.0121168188;0.0047563659;0.7809194450;1620231199.8851110935;-0.0537181928;5.2450780634;1.4840617310;0.7068079441;0.0062812683;0.0072033027;-0.7073409278;916;1620231199.938650961;916
1620231199.9015998840;1.5269513841;-1.4979436507;1.6859423574;0.6244221589;-0.0122848526;0.0049552397;0.7809747086;1620231199.8930509090;-0.0537458720;5.2450788228;1.4840659586;0.7068118915;0.0062868529;0.0072114555;-0.7073368507;916;1620231199.938650961;916
1620231199.9105799198;1.5267626464;-1.4980573792;1.6838052929;0.6243348744;-0.0122676463;0.0049513190;0.7810447835;1620231199.9016180038;-0.0537180054;5.2450799673;1.4840597260;0.7068100014;0.0062874784;0.0072101103;-0.7073387476;916;1620231199.938650961;916
1620231199.9186921120;1.5266074880;-1.4981458388;1.6816048103;0.6244644597;-0.0124049459;0.0051930568;0.7809374418;1620231199.9105939865;-0.0537420249;5.2450780408;1.4840695760;0.7068089371;0.0062816893;0.0072073177;-0.7073398910;916;1620231199.938650961;916
1620231199.9360399246;1.5263291703;-1.4983886082;1.6773460053;0.6246429732;-0.0122227205;0.0050777417;0.7807982951;1620231199.9187159538;-0.0537152322;5.2450808956;1.4840594624;0.7068092134;0.0062887648;0.0072089951;-0.7073395349;917;1620231199.964622377;917
1620231199.9437220097;1.5262128214;-1.4985124227;1.6751940243;0.6247835931;-0.0121006346;0.0050628581;0.7806877762;1620231199.9360570908;-0.0537171267;5.2450731905;1.4840619159;0.7068105588;0.0062807717;0.0072038225;-0.7073383142;917;1620231199.964622377;917
1620231199.9523639679;1.5260829807;-1.4986263803;1.6730327227;0.6249005567;-0.0120549997;0.0050073019;0.7805952205;1620231199.9437470436;-0.0537192928;5.2450757336;1.4840658911;0.7068098559;0.0062792670;0.0072027138;-0.7073390413;917;1620231199.964622377;917
1620231199.9613909721;1.5260113190;-1.4987014987;1.6709154651;0.6249360578;-0.0118705752;0.0050842360;0.7805691280;1620231199.9523799419;-0.0537186720;5.2450816057;1.4840635437;0.7068102586;0.0062824515;0.0072058286;-0.7073385789;917;1620231199.964622377;917
1620231199.9693870544;1.5258494719;-1.4988455381;1.6686875209;0.6249469571;-0.0119782976;0.0051855328;0.7805580898;1620231199.9614059925;-0.0537218457;5.2450794232;1.4840628854;0.7068093474;0.0062784977;0.0072059308;-0.7073395235;918;1620231199.990593713;918
1620231199.9854319096;1.5255737518;-1.4990630885;1.6642511809;0.6251105111;-0.0124596244;0.0050825966;0.7804202547;1620231199.9694180489;-0.0537178180;5.2450764759;1.4840692326;0.7068124518;0.0062762217;0.0071976372;-0.7073365260;918;1620231199.990593713;918
1620231199.9948239326;1.5253612299;-1.4991792246;1.6619812780;0.6251579745;-0.0127728033;0.0051291931;0.7803768665;1620231199.9854440689;-0.0537153386;5.2450867313;1.4840668432;0.7068119690;0.0062867621;0.0072086181;-0.7073368031;918;1620231199.990593713;918
1620231200.0014579296;1.5252346770;-1.4992956436;1.6597265307;0.6252505795;-0.0133348938;0.0048165613;0.7802952609;1620231199.9948461056;-0.0537088404;5.2450845418;1.4840667304;0.7068124912;0.0062898187;0.0072077996;-0.7073362624;919;1620231200.042536457;919
1620231200.0097289085;1.5251199651;-1.4993959102;1.6574965401;0.6253325904;-0.0137268422;0.0045669338;0.7802242423;1620231200.0014750957;-0.0537102573;5.2450822150;1.4840652827;0.7068131563;0.0062874292;0.0072058013;-0.7073356394;919;1620231200.042536457;919
1620231200.0183229446;1.5249698877;-1.4995156486;1.6553004447;0.6253591742;-0.0138202216;0.0045268745;0.7802015202;1620231200.0097448826;-0.0537173583;5.2450908927;1.4840652739;0.7068115473;0.0062930492;0.0072140541;-0.7073371131;919;1620231200.042536457;919
1620231200.0352940559;1.5247912769;-1.4997257699;1.6508556225;0.6256190000;-0.0143317773;0.0041091037;0.7799862706;1620231200.0183389187;-0.0537054452;5.2450859961;1.4840675537;0.7068101338;0.0062913308;0.0072088254;-0.7073385941;919;1620231200.042536457;919
1620231200.0431239605;1.5246436218;-1.4998486339;1.6486457397;0.6256584600;-0.0143049510;0.0040487392;0.7799554266;1620231200.0353100300;-0.0537068450;5.2450792381;1.4840687721;0.7068080472;0.0062819463;0.0072025889;-0.7073408262;920;1620231200.068507793;920
1620231200.0517079830;1.5245407316;-1.4999454477;1.6464548418;0.6258070539;-0.0144124501;0.0036199284;0.7798363345;1620231200.0431470871;-0.0537069027;5.2450883323;1.4840670838;0.7068088089;0.0062987469;0.0072130499;-0.7073398090;920;1620231200.068507793;920
1620231200.0596859455;1.5243514775;-1.5000457864;1.6442429978;0.6259022633;-0.0144328411;0.0034139317;0.7797604728;1620231200.0517239571;-0.0537038976;5.2450892065;1.4840683701;0.7068057786;0.0062956516;0.0072118567;-0.7073428768;920;1620231200.068507793;920
1620231200.0687699318;1.5242168154;-1.5001868131;1.6420345508;0.6258401181;-0.0144331978;0.0033250541;0.7798107292;1620231200.0597000122;-0.0537055187;5.2450851770;1.4840707400;0.7068045961;0.0062904157;0.0072064973;-0.7073441595;921;1620231200.120450505;921
1620231200.0849740505;1.5238855214;-1.5003941241;1.6375999804;0.6258961978;-0.0142788303;0.0032597583;0.7797688366;1620231200.0687820911;-0.0537078928;5.2450938532;1.4840685235;0.7068050738;0.0063018873;0.0072198803;-0.7073434436;921;1620231200.120450505;921
1620231200.0942199230;1.5237256185;-1.5005273250;1.6353425417;0.6258064505;-0.0144897521;0.0031156463;0.7798375641;1620231200.0849859715;-0.0537301381;5.2450946635;1.4840701099;0.7068015540;0.0063015715;0.0072249876;-0.7073469114;921;1620231200.120450505;921
1620231200.1026909351;1.5235579436;-1.5006107916;1.6331143616;0.6257507677;-0.0143152087;0.0031430383;0.7798853588;1620231200.0942349434;-0.0537219859;5.2450895638;1.4840658407;0.7068030397;0.0063045771;0.0072220779;-0.7073454298;921;1620231200.120450505;921
1620231200.1108651161;1.5233695844;-1.5007457571;1.6308908285;0.6255858485;-0.0142514038;0.0033073046;0.7800181443;1620231200.1027181149;-0.0536977723;5.2450873093;1.4840612519;0.7068020909;0.0063032663;0.0072195463;-0.7073464153;922;1620231200.146421897;922
1620231200.1275570393;1.5230691047;-1.5009360872;1.6263686102;0.6254804133;-0.0141569301;0.0035959999;0.7801031359;1620231200.1108810902;-0.0536978634;5.2450825129;1.4840640009;0.7067994684;0.0062935028;0.0072108404;-0.7073492115;922;1620231200.146421897;922
1620231200.1363968849;1.5229060750;-1.5010647509;1.6241069834;0.6252995773;-0.0140731548;0.0037559359;0.7802488564;1620231200.1275780201;-0.0537007282;5.2450877868;1.4840643975;0.7067982302;0.0062980823;0.0072161821;-0.7073503536;922;1620231200.146421897;922
1620231200.1443989277;1.5227752189;-1.5011782050;1.6218647626;0.6252307266;-0.0141604103;0.0036426588;0.7803029875;1620231200.1364130974;-0.0537026030;5.2450759436;1.4840667315;0.7067957761;0.0062851750;0.0072053929;-0.7073530305;922;1620231200.146421897;922
1620231200.1522130966;1.5225867390;-1.5012624928;1.6196727542;0.6252582428;-0.0137877036;0.0037419664;0.7802871438;1620231200.1444149017;-0.0537001597;5.2450842679;1.4840646287;0.7067957071;0.0062969886;0.0072121623;-0.7073529254;923;1620231200.172393201;923
1620231200.1605989933;1.5224418059;-1.5014132933;1.6174396531;0.6250882320;-0.0139014095;0.0035772731;0.7804221012;1620231200.1522240639;-0.0537263571;5.2450849042;1.4840666971;0.7067980546;0.0062970001;0.0072174593;-0.7073505256;923;1620231200.172393201;923
1620231200.1693079472;1.5223073389;-1.5015239899;1.6152223472;0.6250276519;-0.0137584406;0.0035468044;0.7804732922;1620231200.1606140137;-0.0537045454;5.2450837626;1.4840599538;0.7067981483;0.0062981186;0.0072155213;-0.7073504418;923;1620231200.172393201;923
1620231200.1864941120;1.5220420528;-1.5017648699;1.6107795893;0.6249105333;-0.0134183090;0.0036490678;0.7805725198;1620231200.1693251133;-0.0536972338;5.2450756119;1.4840592998;0.7067984795;0.0062866583;0.0072026320;-0.7073503442;924;1620231200.224335873;924
1620231200.1935479641;1.5218575301;-1.5019299014;1.6085362821;0.6247404725;-0.0131963768;0.0040399457;0.7807104947;1620231200.1865310669;-0.0537033518;5.2450767822;1.4840602568;0.7067984287;0.0062896338;0.0072067038;-0.7073503270;924;1620231200.224335873;924
1620231200.2024140358;1.5216906050;-1.5019989460;1.6063181684;0.6248015565;-0.0127342122;0.0041586384;0.7806686625;1620231200.1935589314;-0.0537288893;5.2450670320;1.4840624737;0.7068022757;0.0062819744;0.0072005601;-0.7073466136;924;1620231200.224335873;924
1620231200.2104959488;1.5215422198;-1.5021318421;1.6040580359;0.6246896128;-0.0126409663;0.0042262547;0.7807593947;1620231200.2024300098;-0.0537199990;5.2450748237;1.4840633272;0.7068017993;0.0062856697;0.0072036028;-0.7073470258;924;1620231200.224335873;924
1620231200.2275540829;1.5213906259;-1.5023181578;1.5995770507;0.6250437168;-0.0125225602;0.0045212395;0.7804761982;1620231200.2105069160;-0.0537075680;5.2450681102;1.4840613924;0.7068029334;0.0062831240;0.0072033387;-0.7073459179;925;1620231200.250307249;925
1620231200.2360088825;1.5212293337;-1.5027867780;1.5971914795;0.6251681806;-0.0132531719;0.0056669109;0.7803569603;1620231200.2275679111;-0.0537070872;5.2450717443;1.4840657512;0.7068038976;0.0062797652;0.0071946617;-0.7073450726;925;1620231200.250307249;925
1620231200.2442829609;1.5211732292;-1.5028823752;1.5949795853;0.6254187958;-0.0135623083;0.0054065272;0.7801526537;1620231200.2360260487;-0.0537318991;5.2450729857;1.4840673083;0.7068045541;0.0062834368;0.0071994560;-0.7073443352;925;1620231200.250307249;925
1620231200.2529110909;1.5209241585;-1.5029470132;1.5926016937;0.6250342890;-0.0132122648;0.0059808548;0.7804625571;1620231200.2442979813;-0.0537089979;5.2450583284;1.4840662764;0.7068048690;0.0062728792;0.0071854123;-0.7073442571;925;1620231200.250307249;925
1620231200.2604100704;1.5208234131;-1.5027387158;1.5904508322;0.6249988266;-0.0128186518;0.0050510940;0.7805040906;1620231200.2529270649;-0.0537074821;5.2450654031;1.4840664720;0.7068054021;0.0062772789;0.0071925972;-0.7073436124;926;1620231200.302249953;926
1620231200.2687048912;1.5207020454;-1.5028525358;1.5881686783;0.6250222437;-0.0128465080;0.0050493635;0.7804848916;1620231200.2604250908;-0.0537314536;5.2450705078;1.4840703833;0.7068042904;0.0062821950;0.0071977806;-0.7073446268;926;1620231200.302249953;926
1620231200.2859420776;1.5204785014;-1.5030739305;1.5835902959;0.6251968314;-0.0125995386;0.0052444908;0.7803477871;1620231200.2687211037;-0.0537131635;5.2450606258;1.4840671769;0.7068045337;0.0062751962;0.0071882983;-0.7073445422;926;1620231200.302249953;926
1620231200.2936780453;1.5203337444;-1.5032171694;1.5812827446;0.6251074595;-0.0125660645;0.0052271390;0.7804200376;1620231200.2859580517;-0.0537364888;5.2450610780;1.4840719447;0.7068054882;0.0062711136;0.0071886769;-0.7073436208;927;1620231200.328221353;927
1620231200.3023319244;1.5202794883;-1.5033215565;1.5789975891;0.6253090795;-0.0123775277;0.0053218871;0.7802608727;1620231200.2936940193;-0.0537149401;5.2450719469;1.4840682908;0.7068030297;0.0062802031;0.0071965888;-0.7073459163;927;1620231200.328221353;927
1620231200.3097848892;1.5201365676;-1.5034466695;1.5766549637;0.6253165906;-0.0123528097;0.0052787737;0.7802555377;1620231200.3023490906;-0.0537197970;5.2450718718;1.4840695089;0.7068042485;0.0062817958;0.0071969776;-0.7073446803;927;1620231200.328221353;927
1620231200.3267560005;1.5199639706;-1.5036396420;1.5719644719;0.6253749418;-0.0127803417;0.0050236434;0.7802035684;1620231200.3097970486;-0.0537194356;5.2450633402;1.4840691606;0.7068054112;0.0062742224;0.0071897914;-0.7073436588;927;1620231200.328221353;927
1620231200.3355491161;1.5198189525;-1.5037611278;1.5695287127;0.6253817559;-0.0131018207;0.0049226998;0.7801934175;1620231200.3267719746;-0.0537294763;5.2450737277;1.4840762120;0.7068030565;0.0062767924;0.0071959987;-0.7073459259;928;1620231200.354192705;928
1620231200.3436920643;1.5197122528;-1.5038004704;1.5671626683;0.6255321475;-0.0132069864;0.0047101662;0.7800723827;1620231200.3355619907;-0.0537505431;5.2450724609;1.4840806395;0.7068038998;0.0062747359;0.0071953276;-0.7073451082;928;1620231200.354192705;928
1620231200.3520801067;1.5196464762;-1.5039137715;1.5647331257;0.6258570778;-0.0135226632;0.0047496355;0.7798060635;1620231200.3437089920;-0.0537590539;5.2450709372;1.4840779712;0.7068089007;0.0062752679;0.0071951597;-0.7073401081;928;1620231200.354192705;928
1620231200.3602890968;1.5195489705;-1.5040282016;1.5623230601;0.6261116000;-0.0137896649;0.0049373858;0.7795958772;1620231200.3520920277;-0.0537438952;5.2450660533;1.4840800869;0.7068032306;0.0062674641;0.0071881966;-0.7073459139;929;1620231200.406135401;929
1620231200.3688509464;1.5193357955;-1.5041645181;1.5599378584;0.6264069395;-0.0140066342;0.0052951562;0.7793523732;1620231200.3603050709;-0.0537318739;5.2450680054;1.4840713127;0.7068055447;0.0062762325;0.0071939100;-0.7073434658;929;1620231200.406135401;929
1620231200.3853070736;1.5191005853;-1.5046283419;1.5551282352;0.6261359364;-0.0145898242;0.0048931747;0.7795620456;1620231200.3688759804;-0.0537257131;5.2450626060;1.4840687421;0.7068061904;0.0062670339;0.0071843260;-0.7073429995;929;1620231200.406135401;929
1620231200.3937320709;1.5188641183;-1.5046618148;1.5528143596;0.6259988455;-0.0141746160;0.0046067810;0.7796815396;1620231200.3853230476;-0.0537362167;5.2450685999;1.4840712190;0.7068074570;0.0062757203;0.0071944418;-0.7073415540;929;1620231200.406135401;929
1620231200.4019138813;1.5185566957;-1.5046794854;1.5507383741;0.6257236151;-0.0136378985;0.0037964794;0.7799163750;1620231200.3937540054;-0.0537376270;5.2450701155;1.4840724505;0.7068089606;0.0062795532;0.0071952032;-0.7073400098;930;1620231200.432106793;930
1620231200.4100968838;1.5182862304;-1.5046744957;1.5486484903;0.6256009690;-0.0127790713;0.0034074815;0.7800310968;1620231200.4019310474;-0.0537368630;5.2450680552;1.4840762514;0.7068051098;0.0062689859;0.0071896606;-0.7073440077;930;1620231200.432106793;930
1620231200.4267570972;1.5182421455;-1.5052517206;1.5435652300;0.6258634555;-0.0137905473;0.0039295456;0.7798008172;1620231200.4101119041;-0.0537341005;5.2450688721;1.4840763674;0.7068053312;0.0062718659;0.0071878755;-0.7073437792;930;1620231200.432106793;930
1620231200.4353969097;1.5181558020;-1.5053617144;1.5412305964;0.6260369726;-0.0135825407;0.0040328845;0.7796646454;1620231200.4267721176;-0.0537566455;5.2450714424;1.4840828195;0.7068052526;0.0062714144;0.0071926536;-0.7073438131;930;1620231200.432106793;930
1620231200.4437730312;1.5180847069;-1.5055166954;1.5388303094;0.6260060768;-0.0135848192;0.0042513788;0.7796882520;1620231200.4354128838;-0.0537399034;5.2450611078;1.4840738728;0.7068057274;0.0062624050;0.0071829065;-0.7073435176;931;1620231200.484049433;931
1620231200.4522149563;1.5178935676;-1.5056552322;1.5364694415;0.6257994449;-0.0132785279;0.0046607209;0.7798570466;1620231200.4437890053;-0.0537498006;5.2450717203;1.4840759343;0.7068039602;0.0062692060;0.0071916484;-0.7073451343;931;1620231200.484049433;931
1620231200.4602959156;1.5177688371;-1.5057062517;1.5342238561;0.6256588829;-0.0129839601;0.0045412215;0.7799754845;1620231200.4522500038;-0.0537327504;5.2450707657;1.4840716398;0.7068085814;0.0062755008;0.0071938658;-0.7073404383;931;1620231200.484049433;931
1620231200.4765560627;1.5175497434;-1.5057488281;1.5298112527;0.6256078914;-0.0124033641;0.0042708849;0.7800273600;1620231200.4603130817;-0.0537303843;5.2450708724;1.4840711508;0.7068063411;0.0062738973;0.0071926210;-0.7073427038;932;1620231200.510020769;932
1620231200.4858460426;1.5174178451;-1.5059837991;1.5273784250;0.6255158458;-0.0127331145;0.0046471957;0.7800937111;1620231200.4765670300;-0.0537497673;5.2450698328;1.4840833732;0.7068057926;0.0062700237;0.0071913163;-0.7073432995;932;1620231200.510020769;932
1620231200.4932360649;1.5172971694;-1.5061907323;1.5249930217;0.6255190124;-0.0128429063;0.0050828649;0.7800866551;1620231200.4858570099;-0.0537258075;5.2450743826;1.4840773752;0.7068072886;0.0062803642;0.0071942336;-0.7073416832;932;1620231200.510020769;932
1620231200.5028250217;1.5172225934;-1.5058141056;1.5230794234;0.6256663695;-0.0115609056;0.0040006150;0.7799948299;1620231200.4932520390;-0.0537344957;5.2450606970;1.4840798530;0.7068101421;0.0062717668;0.0071858473;-0.7073389934;932;1620231200.510020769;932
1620231200.5095419884;1.5172506982;-1.5059426590;1.5207698702;0.6257955891;-0.0118273499;0.0041048114;0.7798866232;1620231200.5028619766;-0.0537488707;5.2450727667;1.4840834151;0.7068073374;0.0062770191;0.0071935974;-0.7073416706;933;1620231200.535992137;933
1620231200.5264410973;1.5170030750;-1.5061587982;1.5164402571;0.6254695875;-0.0116017804;0.0039712495;0.7801521794;1620231200.5095579624;-0.0537330078;5.2450690066;1.4840762994;0.7068084038;0.0062731725;0.0071918154;-0.7073406573;933;1620231200.535992137;933
1620231200.5353200436;1.5171871777;-1.5062965132;1.5139845980;0.6260345714;-0.0120992274;0.0046041912;0.7796878385;1620231200.5264658928;-0.0537521164;5.2450636645;1.4840824394;0.7068080465;0.0062641674;0.0071849736;-0.7073411636;933;1620231200.535992137;933
1620231200.5526421070;1.5169772433;-1.5065006584;1.5096956087;0.6260710800;-0.0114407517;0.0049600282;0.7796662812;1620231200.5353438854;-0.0537298197;5.2450648970;1.4840754540;0.7068078937;0.0062674176;0.0071887167;-0.7073412495;934;1620231200.587934921;934
1620231200.5596070290;1.5167823165;-1.5066315549;1.5075419213;0.6258853305;-0.0113684729;0.0051132392;0.7798154690;1620231200.5526599884;-0.0537496917;5.2450593394;1.4840793391;0.7068083294;0.0062623087;0.0071823777;-0.7073409238;934;1620231200.587934921;934
1620231200.5759799480;1.5167282655;-1.5068104751;1.5032616879;0.6258961166;-0.0116925514;0.0052855258;0.7798008712;1620231200.5596330166;-0.0537279464;5.2450607240;1.4840748843;0.7068087062;0.0062654559;0.0071858820;-0.7073404838;934;1620231200.587934921;934
1620231200.5851430893;1.5166403374;-1.5068682274;1.5011617228;0.6259757545;-0.0119163668;0.0048118475;0.7797366229;1620231200.5759909153;-0.0537286646;5.2450591230;1.4840738090;0.7068050521;0.0062625865;0.0071859805;-0.7073441595;935;1620231200.613906257;935
1620231200.5929191113;1.5164482851;-1.5070145959;1.4990176058;0.6259752701;-0.0121609491;0.0050991678;0.7797314095;1620231200.5851678848;-0.0537246143;5.2450593088;1.4840711158;0.7068042427;0.0062607672;0.0071854199;-0.7073449901;935;1620231200.613906257;935
1620231200.6015520096;1.5165213155;-1.5070709933;1.4969430263;0.6260817891;-0.0128225370;0.0046576704;0.7796380455;1620231200.5929288864;-0.0537203415;5.2450584837;1.4840675722;0.7068065923;0.0062678469;0.0071863636;-0.7073425700;935;1620231200.613906257;935
1620231200.6092579365;1.5162693670;-1.5072200271;1.4948376835;0.6260234805;-0.0124761280;0.0052934156;0.7796864292;1620231200.6015629768;-0.0537261894;5.2450559151;1.4840710192;0.7068034092;0.0062616775;0.0071819021;-0.7073458507;935;1620231200.613906257;935
1620231200.6259520054;1.5160766360;-1.5074135673;1.4908880901;0.6262131019;-0.0127613214;0.0045900222;0.7795339834;1620231200.6092700958;-0.0537312593;5.2450584659;1.4840672886;0.7068047200;0.0062674416;0.0071892002;-0.7073444157;936;1620231200.665849009;936
1620231200.6347041130;1.5160527292;-1.5075186262;1.4889754718;0.6264319654;-0.0128492239;0.0042616208;0.7793585367;1620231200.6259629726;-0.0537253227;5.2450569054;1.4840701239;0.7068043879;0.0062699131;0.0071910478;-0.7073447068;936;1620231200.665849009;936
1620231200.6424698830;1.5159944083;-1.5076141556;1.4870178352;0.6267106090;-0.0128172499;0.0040503689;0.7791361403;1620231200.6347279549;-0.0537267466;5.2450577713;1.4840725411;0.7068049901;0.0062671117;0.0071908935;-0.7073441315;936;1620231200.665849009;936
1620231200.6515130997;1.5159486669;-1.5077422197;1.4850182496;0.6267142848;-0.0132904235;0.0036019654;0.7791274580;1620231200.6424810886;-0.0537220563;5.2450548723;1.4840718624;0.7068057588;0.0062685427;0.0071897409;-0.7073433624;937;1620231200.691820273;937
1620231200.6592528820;1.5158950882;-1.5078568246;1.4831111051;0.6268048112;-0.0132622507;0.0034882567;0.7790556292;1620231200.6515369415;-0.0537219892;5.2450613113;1.4840724592;0.7068039995;0.0062767748;0.0071960985;-0.7073449827;937;1620231200.691820273;937
1620231200.6758210659;1.5157500427;-1.5080758725;1.4792837113;0.6269092565;-0.0134895218;0.0035224631;0.7789675276;1620231200.6592640877;-0.0537228004;5.2450556710;1.4840690893;0.7068051062;0.0062724659;0.0071942016;-0.7073439344;937;1620231200.691820273;937
1620231200.6845059395;1.5156371492;-1.5081932924;1.4773930556;0.6269767609;-0.0133631140;0.0038482592;0.7789138331;1620231200.6758329868;-0.0537179428;5.2450573231;1.4840713995;0.7068043663;0.0062719886;0.0071877446;-0.7073447435;937;1620231200.691820273;937
1620231200.6926300526;1.5153778447;-1.5083574409;1.4754333655;0.6267097382;-0.0135698024;0.0041084023;0.7791237934;1620231200.6845281124;-0.0537237256;5.2450541298;1.4840680057;0.7068042697;0.0062721979;0.0071911915;-0.7073448032;938;1620231200.717791649;938
1620231200.7012009621;1.5153171857;-1.5084611900;1.4736584888;0.6267556260;-0.0135653814;0.0040863319;0.7790870731;1620231200.6926550865;-0.0537106901;5.2450530341;1.4840672294;0.7068049624;0.0062668433;0.0071816157;-0.7073442558;938;1620231200.717791649;938
1620231200.7090930939;1.5152430713;-1.5085989438;1.4718800185;0.6267183141;-0.0135272392;0.0040282735;0.7791180537;1620231200.7012250423;-0.0537448328;5.2450626869;1.4840746664;0.7068041246;0.0062700526;0.0071910167;-0.7073449690;938;1620231200.717791649;938
1620231200.7259979248;1.5151126423;-1.5088146464;1.4684469519;0.6268607595;-0.0132961051;0.0037330685;0.7790088998;1620231200.7091040611;-0.0537171716;5.2450685519;1.4840749431;0.7068029209;0.0062770532;0.0071953760;-0.7073460653;938;1620231200.717791649;938
1620231200.7343060970;1.5150315470;-1.5089608845;1.4665663055;0.6267840230;-0.0136240344;0.0035763341;0.7790657123;1620231200.7260100842;-0.0537138915;5.2450610283;1.4840799190;0.7068034402;0.0062684506;0.0071874193;-0.7073457037;939;1620231200.769734417;939
1620231200.7424941063;1.5149469099;-1.5090570215;1.4649074872;0.6268471332;-0.0134873537;0.0035322411;0.7790175134;1620231200.7343170643;-0.0537227149;5.2450647940;1.4840789909;0.7068030752;0.0062711999;0.0071919387;-0.7073459981;939;1620231200.769734417;939
1620231200.7525289059;1.5149471200;-1.5090393186;1.4634117125;0.6270787342;-0.0131181433;0.0030583315;0.7788394071;1620231200.7425060272;-0.0537225356;5.2450632925;1.4840721862;0.7068067661;0.0062741051;0.0071938689;-0.7073422645;939;1620231200.769734417;939
1620231200.7613599300;1.5148026046;-1.5092514320;1.4616516654;0.6268115597;-0.0131928792;0.0035445188;0.7790511235;1620231200.7525539398;-0.0537146614;5.2450560154;1.4840675607;0.7068044102;0.0062628551;0.0071812052;-0.7073448470;940;1620231200.795705785;940
1620231200.7773718834;1.5146448886;-1.5094875492;1.4583281536;0.6267147551;-0.0133685632;0.0035686608;0.7791258961;1620231200.7613809109;-0.0537181417;5.2450599886;1.4840671198;0.7068060360;0.0062714902;0.0071896414;-0.7073430603;940;1620231200.795705785;940
1620231200.7850420475;1.5144936723;-1.5096345211;1.4567161610;0.6266745175;-0.0134756628;0.0035437829;0.7791565293;1620231200.7773950100;-0.0537186928;5.2450603612;1.4840687938;0.7068078903;0.0062659370;0.0071840306;-0.7073413136;940;1620231200.795705785;940
1620231200.7933230400;1.5144382852;-1.5097391946;1.4551722771;0.6265776796;-0.0131689281;0.0037402119;0.7792387321;1620231200.7850530148;-0.0537128425;5.2450658429;1.4840726848;0.7068068315;0.0062691196;0.0071864924;-0.7073423185;940;1620231200.795705785;940
1620231200.8017730713;1.5143299918;-1.5098751323;1.4535690908;0.6265826906;-0.0133122245;0.0036956277;0.7792324806;1620231200.7933459282;-0.0537183912;5.2450663906;1.4840727369;0.7068112632;0.0062675648;0.0071874175;-0.7073378944;941;1620231200.821677065;941
1620231200.8114690781;1.5143125093;-1.5099604579;1.4520348655;0.6265912393;-0.0133638464;0.0035616890;0.7792253466;1620231200.8017981052;-0.0537106843;5.2450737562;1.4840785588;0.7068073225;0.0062739832;0.0071906908;-0.7073417420;941;1620231200.821677065;941
1620231200.8198719025;1.5140985013;-1.5100981044;1.4504815881;0.6265193835;-0.0124499613;0.0041995115;0.7792950819;1620231200.8114910126;-0.0537168982;5.2450714288;1.4840714935;0.7068106119;0.0062735531;0.0071911522;-0.7073384542;941;1620231200.821677065;941
1620231200.8369710445;1.5140559313;-1.5103311399;1.4475430717;0.6265737650;-0.0129680065;0.0038349229;0.7792447890;1620231200.8198969364;-0.0537080671;5.2450742946;1.4840705024;0.7068094611;0.0062747073;0.0071906247;-0.7073395992;942;1620231200.873619785;942
1620231200.8446419239;1.5139961612;-1.5104602975;1.4460568424;0.6265753095;-0.0131491342;0.0035314651;0.7792419461;1620231200.8369960785;-0.0537144765;5.2450746770;1.4840693408;0.7068080086;0.0062725016;0.0071922370;-0.7073410539;942;1620231200.873619785;942
1620231200.8534359932;1.5139496380;-1.5105722479;1.4446224706;0.6265699696;-0.0131061066;0.0036262061;0.7792465295;1620231200.8446519375;-0.0537216603;5.2450726911;1.4840742531;0.7068095377;0.0062749957;0.0071927580;-0.7073394985;942;1620231200.873619785;942
1620231200.8614079952;1.5138552606;-1.5107267732;1.4431057170;0.6264864103;-0.0132279469;0.0035331639;0.7793120786;1620231200.8534600735;-0.0537158390;5.2450723163;1.4840801404;0.7068063457;0.0062695650;0.0071888786;-0.7073427756;942;1620231200.873619785;942
1620231200.8713169098;1.5137085915;-1.5109115269;1.4417078021;0.6262727619;-0.0129413651;0.0039033085;0.7794868267;1620231200.8614308834;-0.0537163350;5.2450683880;1.4840828164;0.7068094475;0.0062726276;0.0071900948;-0.7073396367;943;1620231200.899591097;943
1620231200.8860940933;1.5136116137;-1.5111175231;1.4389296348;0.6262770567;-0.0124234636;0.0042134792;0.7794901875;1620231200.8713400364;-0.0537173024;5.2450734711;1.4840827438;0.7068075953;0.0062716720;0.0071931121;-0.7073414653;943;1620231200.899591097;943
1620231200.8938219547;1.5137618192;-1.5111662758;1.4375721210;0.6264453173;-0.0124100797;0.0042406142;0.7793550357;1620231200.8861050606;-0.0537131528;5.2450769842;1.4840848133;0.7068075651;0.0062776065;0.0071967283;-0.7073414060;943;1620231200.899591097;943
1620231200.9025609493;1.5136655538;-1.5113248074;1.4361064808;0.6263833859;-0.0123945443;0.0046418895;0.7794027727;1620231200.8938450813;-0.0537169717;5.2450751926;1.4840828382;0.7068054109;0.0062767056;0.0072002636;-0.7073435306;943;1620231200.899591097;943
1620231200.9105269909;1.5135269262;-1.5114573150;1.4347350835;0.6262991509;-0.0123010021;0.0047761276;0.7794711332;1620231200.9025850296;-0.0537171868;5.2450713601;1.4840802358;0.7068073071;0.0062743231;0.0071956820;-0.7073417036;944;1620231200.951533785;944
1620231200.9271481037;1.5134697411;-1.5116874567;1.4320577179;0.6262192996;-0.0122941339;0.0050603635;0.7795336015;1620231200.9105489254;-0.0537159286;5.2450669437;1.4840790379;0.7068072889;0.0062729231;0.0071896773;-0.7073417953;944;1620231200.951533785;944
1620231200.9364650249;1.5134193242;-1.5117811149;1.4307412270;0.6262750979;-0.0123929198;0.0051803031;0.7794864218;1620231200.9271779060;-0.0537179063;5.2450698466;1.4840798583;0.7068073504;0.0062808796;0.0071991497;-0.7073415669;944;1620231200.951533785;944
1620231200.9439411163;1.5134149924;-1.5119067881;1.4294287577;0.6262875287;-0.0124403635;0.0049693671;0.7794770517;1620231200.9364891052;-0.0537229258;5.2450707281;1.4840836026;0.7068065086;0.0062749009;0.0071980904;-0.7073424719;945;1620231200.977505225;945
1620231200.9527978897;1.5132789894;-1.5120541539;1.4281409813;0.6262221144;-0.0121712462;0.0051179012;0.7795328930;1620231200.9439508915;-0.0537208298;5.2450642423;1.4840858024;0.7068079649;0.0062690919;0.0071909226;-0.7073411411;945;1620231200.977505225;945
1620231200.9602749348;1.5133096997;-1.5121802644;1.4268979107;0.6262252895;-0.0120577897;0.0052075278;0.7795315120;1620231200.9528200626;-0.0537225380;5.2450668438;1.4840831374;0.7068083398;0.0062703216;0.0071927068;-0.7073407374;945;1620231200.977505225;945
1620231200.9771730900;1.5132331104;-1.5124472401;1.4243335271;0.6261218081;-0.0117795067;0.0056936692;0.7796154865;1620231200.9602890015;-0.0537240677;5.2450719581;1.4840789157;0.7068097875;0.0062785110;0.0071991376;-0.7073391528;945;1620231200.977505225;945
1620231200.9858069420;1.5132327681;-1.5125490746;1.4230817326;0.6261449801;-0.0117044369;0.0059398710;0.7795961698;1620231200.9772059917;-0.0537301411;5.2450757024;1.4840816276;0.7068108078;0.0062835268;0.0072041492;-0.7073380377;946;1620231201.003476513;946
1620231201.0022029877;1.5132190424;-1.5127755454;1.4204590914;0.6261078075;-0.0122668282;0.0062704357;0.7796147895;1620231200.9858179092;-0.0537254083;5.2450734601;1.4840842529;0.7068105068;0.0062774542;0.0071986487;-0.7073384483;946;1620231201.003476513;946
1620231201.0106070042;1.5131016468;-1.5129203486;1.4192029081;0.6259459019;-0.0125054698;0.0064326473;0.7797396759;1620231201.0022289753;-0.0537267971;5.2450647788;1.4840804591;0.7068107731;0.0062691315;0.0071902672;-0.7073383413;947;1620231201.055419273;947
1620231201.0273220539;1.5131357390;-1.5131147882;1.4167027793;0.6260342347;-0.0132325519;0.0063724679;0.7796572505;1620231201.0106298923;-0.0537246581;5.2450787364;1.4840787057;0.7068105285;0.0062818922;0.0072011764;-0.7073383615;947;1620231201.055419273;947
1620231201.0357770920;1.5131283481;-1.5132166046;1.4154876264;0.6261546490;-0.0134378478;0.0062330680;0.7795581624;1620231201.0273358822;-0.0537217966;5.2450729883;1.4840771320;0.7068105679;0.0062747451;0.0071896401;-0.7073385029;947;1620231201.055419273;947
1620231201.0439999104;1.5130807766;-1.5133612889;1.4142879728;0.6261533554;-0.0135701000;0.0061786306;0.7795573439;1620231201.0357909203;-0.0537168904;5.2450703254;1.4840807577;0.7068109315;0.0062727052;0.0071854892;-0.7073381998;947;1620231201.055419273;947
1620231201.0529620647;1.5132112274;-1.5134509196;1.4131287218;0.6263672395;-0.0137142800;0.0059328166;0.7793848866;1620231201.0440230370;-0.0537143434;5.2450727578;1.4840791738;0.7068105155;0.0062675288;0.0071814620;-0.7073387024;948;1620231201.081390649;948
1620231201.0604610443;1.5131979580;-1.5135822602;1.4120077701;0.6263755181;-0.0137135390;0.0057887583;0.7793793296;1620231201.0529859066;-0.0537138599;5.2450688829;1.4840806216;0.7068092141;0.0062657672;0.0071772022;-0.7073400616;948;1620231201.081390649;948
1620231201.0691640377;1.5132756882;-1.5136577232;1.4108971118;0.6265399381;-0.0136724171;0.0055306270;0.7792497566;1620231201.0604870319;-0.0537252004;5.2450772468;1.4840751222;0.7068116727;0.0062764999;0.0071925285;-0.7073373540;948;1620231201.081390649;948
1620231201.0851500034;1.5133259234;-1.5139041476;1.4086811731;0.6265494050;-0.0138091672;0.0052147521;0.7792419113;1620231201.0691881180;-0.0537135114;5.2450729329;1.4840735160;0.7068121384;0.0062688879;0.0071840361;-0.7073370425;949;1620231201.133333337;949
1620231201.1025650501;1.5132496816;-1.5141572037;1.4063735646;0.6265137801;-0.0143108413;0.0048161735;0.7792640679;1620231201.0851719379;-0.0537415873;5.2450761550;1.4840821552;0.7068128782;0.0062678704;0.0071887504;-0.7073362643;949;1620231201.133333337;949
1620231201.1107900143;1.5132814922;-1.5142595086;1.4052520249;0.6265074059;-0.0146132958;0.0048319342;0.7792634820;1620231201.1025900841;-0.0537403255;5.2450790304;1.4840771899;0.7068160951;0.0062694736;0.0071911242;-0.7073330115;949;1620231201.133333337;949
1620231201.1269390583;1.5133223347;-1.5144174833;1.4031044689;0.6266535063;-0.0150253146;0.0042096420;0.7791417727;1620231201.1108140945;-0.0537382324;5.2450876812;1.4840750723;0.7068119550;0.0062685200;0.0071970846;-0.7073370964;950;1620231201.159304625;950
1620231201.1356511116;1.5133593305;-1.5145197634;1.4020470098;0.6267273990;-0.0151473592;0.0040560290;0.7790807875;1620231201.1269609928;-0.0537370718;5.2450871299;1.4840726338;0.7068127491;0.0062694932;0.0071907509;-0.7073363587;950;1620231201.159304625;950
1620231201.1434609890;1.5133315778;-1.5146474053;1.4010144927;0.6266883595;-0.0150933239;0.0041301258;0.7791128505;1620231201.1356759071;-0.0537360186;5.2450942745;1.4840701691;0.7068144127;0.0062818148;0.0072010937;-0.7073344818;950;1620231201.159304625;950
1620231201.1518700123;1.5133544818;-1.5147328513;1.3999923402;0.6268210409;-0.0150132628;0.0038418363;0.7790091302;1620231201.1434979439;-0.0537267434;5.2450980534;1.4840734724;0.7068124737;0.0062742125;0.0071954464;-0.7073365442;950;1620231201.159304625;950
1620231201.1598389149;1.5134127598;-1.5148355451;1.3990137255;0.6268334670;-0.0149525948;0.0037146281;0.7790009154;1620231201.1518819332;-0.0537266576;5.2450930807;1.4840737706;0.7068135486;0.0062748679;0.0071937332;-0.7073354818;951;1620231201.185276065;951
1620231201.1772010326;1.5133221959;-1.5150749263;1.3970599895;0.6267945601;-0.0148139195;0.0034491320;0.7790360908;1620231201.1598620415;-0.0537283287;5.2450941653;1.4840775607;0.7068125109;0.0062744982;0.0071934916;-0.7073365244;951;1620231201.185276065;951
1620231201.1850910187;1.5132868921;-1.5152010939;1.3960673361;0.6267423727;-0.0149509102;0.0032973050;0.7790761171;1620231201.1772110462;-0.0537444656;5.2450936718;1.4840803945;0.7068082744;0.0062732843;0.0071963484;-0.7073407394;951;1620231201.185276065;951
1620231201.2020471096;1.5132718743;-1.5154219809;1.3941513851;0.6266832607;-0.0156646921;0.0031383948;0.7791102994;1620231201.1851110458;-0.0537234999;5.2450888041;1.4840753491;0.7068087133;0.0062801484;0.0071994580;-0.7073402083;952;1620231201.237218697;952
1620231201.2102100849;1.5132529165;-1.5155176428;1.3931648767;0.6265069643;-0.0153975027;0.0029846470;0.7792580012;1620231201.2020719051;-0.0537513385;5.2450719053;1.4840773233;0.7068065271;0.0062649080;0.0071861256;-0.7073426636;952;1620231201.237218697;952
1620231201.2270140648;1.5133202142;-1.5156918814;1.3913485147;0.6266155283;-0.0154779172;0.0027327534;0.7791700366;1620231201.2102329731;-0.0537615287;5.2450664885;1.4840797702;0.7068068923;0.0062601258;0.0071830615;-0.7073423722;952;1620231201.237218697;952
1620231201.2350320816;1.5133023548;-1.5157938593;1.3904232071;0.6266213842;-0.0154283259;0.0028002889;0.7791660709;1620231201.2270379066;-0.0537421173;5.2450694786;1.4840815728;0.7068068219;0.0062616824;0.0071856693;-0.7073424022;953;1620231201.263190153;953
1620231201.2437930107;1.5133043202;-1.5159073843;1.3895230725;0.6266333544;-0.0153239081;0.0027986802;0.7791585105;1620231201.2350590229;-0.0537483509;5.2450704672;1.4840831285;0.7068056272;0.0062608913;0.0071885982;-0.7073435733;953;1620231201.263190153;953
1620231201.2516119480;1.5133209710;-1.5160000865;1.3887477601;0.6266198272;-0.0150750962;0.0025712101;0.7791750269;1620231201.2438170910;-0.0537574997;5.2450807101;1.4840841581;0.7068068861;0.0062707118;0.0071955298;-0.7073421579;953;1620231201.263190153;953
1620231201.2601590157;1.5132956901;-1.5161448083;1.3879524429;0.6265290904;-0.0147048324;0.0023380826;0.7792557989;1620231201.2516329288;-0.0537644837;5.2450752139;1.4840873238;0.7068044360;0.0062650585;0.0071913603;-0.7073446986;953;1620231201.263190153;953
1620231201.2768390179;1.5133331849;-1.5163101654;1.3863577072;0.6266873185;-0.0142395074;0.0022947552;0.7791373276;1620231201.2601830959;-0.0537584952;5.2450767651;1.4840812017;0.7068062321;0.0062694000;0.0071935819;-0.7073428428;954;1620231201.315132809;954
1620231201.2858970165;1.5133276390;-1.5164103777;1.3855645074;0.6266306458;-0.0141063656;0.0022341335;0.7791855060;1620231201.2768619061;-0.0537592612;5.2450771993;1.4840825805;0.7068042158;0.0062658052;0.0071941302;-0.7073448838;954;1620231201.315132809;954
1620231201.2939019203;1.5132911578;-1.5165275435;1.3847397487;0.6266456780;-0.0141215597;0.0023615180;0.7791727659;1620231201.2859160900;-0.0537370708;5.2450629187;1.4840813991;0.7068037030;0.0062546917;0.0071789212;-0.7073456492;954;1620231201.315132809;954
1620231201.3018140793;1.5132653146;-1.5166310730;1.3838950498;0.6266099577;-0.0142054733;0.0024587832;0.7791996663;1620231201.2939250469;-0.0537556175;5.2450745414;1.4840827116;0.7068015966;0.0062656347;0.0071903903;-0.7073475405;954;1620231201.315132809;954
1620231201.3104569912;1.5132323970;-1.5167435565;1.3830682249;0.6265852878;-0.0142476997;0.0026470056;0.7792181168;1620231201.3018651009;-0.0537548605;5.2450671257;1.4840825303;0.7068050171;0.0062646226;0.0071877701;-0.7073441583;955;1620231201.341104201;955
1620231201.3190488815;1.5132383403;-1.5168512362;1.3822451673;0.6265465220;-0.0145232847;0.0026731975;0.7792441107;1620231201.3104810715;-0.0537452660;5.2450634655;1.4840843894;0.7068018900;0.0062589336;0.0071851678;-0.7073473598;955;1620231201.341104201;955
1620231201.3354060650;1.5132406536;-1.5170051352;1.3807765915;0.6265955352;-0.0145227372;0.0025631785;0.7792050792;1620231201.3190848827;-0.0537207043;5.2450674504;1.4840820789;0.7068009054;0.0062623299;0.0071841876;-0.7073483235;955;1620231201.341104201;955
1620231201.3440079689;1.5131711998;-1.5171195734;1.3800627816;0.6266036633;-0.0144222095;0.0026703823;0.7792000501;1620231201.3354179859;-0.0537261802;5.2450701537;1.4840749415;0.7068021199;0.0062646049;0.0071870153;-0.7073470611;955;1620231201.341104201;955
1620231201.3521969318;1.5131332862;-1.5172498546;1.3793285582;0.6265528266;-0.0143286195;0.0026623413;0.7792426824;1620231201.3440310955;-0.0537208456;5.2450773994;1.4840754439;0.7068008981;0.0062713979;0.0071909222;-0.7073481820;956;1620231201.393046857;956
1620231201.3600749969;1.5131430226;-1.5173515563;1.3786455247;0.6265318564;-0.0142405913;0.0025157746;0.7792616437;1620231201.3522319794;-0.0537228890;5.2450659080;1.4840774010;0.7068028414;0.0062605393;0.0071814356;-0.7073464328;956;1620231201.393046857;956
1620231201.3768179417;1.5131569380;-1.5175518857;1.3773299166;0.6265086335;-0.0139959373;0.0023980989;0.7792851179;1620231201.3600959778;-0.0537475642;5.2450745775;1.4840839076;0.7068020277;0.0062641770;0.0071869418;-0.7073471577;956;1620231201.393046857;956
1620231201.3855249882;1.5131637789;-1.5176472702;1.3766792791;0.6265429873;-0.0137645950;0.0025778254;0.7792610447;1620231201.3768410683;-0.0537196704;5.2450695207;1.4840717489;0.7067993797;0.0062642573;0.0071832512;-0.7073498405;956;1620231201.393046857;956
1620231201.3938219547;1.5130940877;-1.5177540652;1.3760409825;0.6265061730;-0.0134318388;0.0028405638;0.7792955358;1620231201.3855490685;-0.0537238612;5.2450765561;1.4840695431;0.7068013443;0.0062702055;0.0071950799;-0.7073477045;957;1620231201.419018465;957
1620231201.4019629955;1.5130690413;-1.5178745321;1.3753604409;0.6264212848;-0.0133900985;0.0030679393;0.7793636295;1620231201.3938570023;-0.0537234111;5.2450734676;1.4840603868;0.7068011276;0.0062714559;0.0071942622;-0.7073479183;957;1620231201.419018465;957
1620231201.4106130600;1.5130586811;-1.5179858435;1.3747482913;0.6263314096;-0.0132408519;0.0032289459;0.7794377583;1620231201.4019939899;-0.0537204330;5.2450781883;1.4840601977;0.7068010409;0.0062722503;0.0071970856;-0.7073479691;957;1620231201.419018465;957
1620231201.4266510010;1.5129820911;-1.5182436455;1.3735250979;0.6262323240;-0.0129439866;0.0038070104;0.7795197472;1620231201.4106369019;-0.0537476251;5.2450740000;1.4840663512;0.7068017174;0.0062679225;0.0071954641;-0.7073473480;957;1620231201.419018465;957
1620231201.4356150627;1.5130046889;-1.5183492971;1.3729046982;0.6262204647;-0.0128349161;0.0039680389;0.7795302747;1620231201.4266800880;-0.0537393738;5.2450646559;1.4840769059;0.7067954842;0.0062655156;0.0071893024;-0.7073536603;958;1620231201.470960889;958
1620231201.4440701008;1.5129992253;-1.5184363533;1.3723556864;0.6262799952;-0.0126241677;0.0039990533;0.7794857315;1620231201.4356269836;-0.0537333642;5.2450657939;1.4840776804;0.7067965748;0.0062676122;0.0071945643;-0.7073524985;958;1620231201.470960889;958
1620231201.4517600536;1.5130049467;-1.5185487724;1.3717788746;0.6263307841;-0.0125755423;0.0041698898;0.7794448131;1620231201.4440929890;-0.0537588616;5.2450695652;1.4840765084;0.7068018889;0.0062755538;0.0072025334;-0.7073470370;958;1620231201.470960889;958
1620231201.4598739147;1.5130261073;-1.5186739674;1.3712335757;0.6262615180;-0.0125842199;0.0042728382;0.7794997699;1620231201.4517850876;-0.0537464389;5.2450820503;1.4840778441;0.7068012249;0.0062873759;0.0072124570;-0.7073474944;958;1620231201.470960889;958
1620231201.4775650501;1.5129654089;-1.5189104063;1.3702105287;0.6261573933;-0.0124116400;0.0042922429;0.7795860739;1620231201.4598960876;-0.0537430619;5.2450771149;1.4840718774;0.7068014742;0.0062839238;0.0072067411;-0.7073473342;959;1620231201.496932265;959
1620231201.4854600430;1.5129479145;-1.5190610069;1.3696412356;0.6259331237;-0.0124794560;0.0045890753;0.7797633796;1620231201.4775900841;-0.0537455259;5.2450724445;1.4840768786;0.7068066685;0.0062807498;0.0072019001;-0.7073422215;959;1620231201.496932265;959
1620231201.4938609600;1.5129303231;-1.5191875713;1.3691407265;0.6258712641;-0.0123743988;0.0046470584;0.7798143625;1620231201.4854719639;-0.0537113718;5.2450616876;1.4840797471;0.7068049752;0.0062654827;0.0071846089;-0.7073442247;959;1620231201.496932265;959
1620231201.5018320084;1.5128879731;-1.5193293285;1.3686677838;0.6257282752;-0.0122418637;0.0048206009;0.7799301406;1620231201.4938840866;-0.0537179133;5.2450608163;1.4840762163;0.7068083515;0.0062724932;0.0071901985;-0.7073407320;959;1620231201.496932265;959
1620231201.5098938942;1.5128888773;-1.5194250793;1.3682127167;0.6257205628;-0.0119971266;0.0050616177;0.7799386041;1620231201.5018730164;-0.0537403923;5.2450666196;1.4840809723;0.7068054887;0.0062729498;0.0071968535;-0.7073435209;960;1620231201.548875009;960
1620231201.5266039371;1.5129821643;-1.5196195523;1.3672634920;0.6256643955;-0.0119494825;0.0054939213;0.7799814683;1620231201.5099050999;-0.0537344315;5.2450541540;1.4840816941;0.7068028116;0.0062612009;0.0071884296;-0.7073463857;960;1620231201.548875009;960
1620231201.5356249809;1.5129889457;-1.5197177686;1.3668030174;0.6256756890;-0.0118628253;0.0057332221;0.7799720096;1620231201.5266270638;-0.0537318057;5.2450440368;1.4840732722;0.7068044417;0.0062585534;0.0071789389;-0.7073448766;960;1620231201.548875009;960
1620231201.5517060757;1.5130298615;-1.5199579989;1.3658376881;0.6255713107;-0.0120736123;0.0062049124;0.7800488844;1620231201.5356590748;-0.0537285162;5.2450454220;1.4840779592;0.7068013896;0.0062522400;0.0071756289;-0.7073480159;961;1620231201.574846385;961
1620231201.5598258972;1.5130330068;-1.5200736554;1.3653350297;0.6255596063;-0.0122495533;0.0064452151;0.7800535793;1620231201.5517311096;-0.0537404937;5.2450477976;1.4840753700;0.7068039481;0.0062582839;0.0071836333;-0.7073453246;961;1620231201.574846385;961
1620231201.5683870316;1.5130655820;-1.5201984919;1.3648486815;0.6255554923;-0.0125111381;0.0064533798;0.7800526594;1620231201.5598371029;-0.0537339613;5.2450418802;1.4840758335;0.7068010273;0.0062517118;0.0071779732;-0.7073483587;961;1620231201.574846385;961
1620231201.5848410130;1.5131568511;-1.5203777558;1.3640564832;0.6256278812;-0.0125902096;0.0060857835;0.7799962847;1620231201.5684020519;-0.0537402982;5.2450447689;1.4840760086;0.7068038397;0.0062573557;0.0071818068;-0.7073454597;962;1620231201.626788977;962
1620231201.5944399834;1.5132081439;-1.5204969656;1.3636758402;0.6256316186;-0.0125912899;0.0060300731;0.7799937022;1620231201.5848510265;-0.0537367189;5.2450453369;1.4840715258;0.7068050804;0.0062608387;0.0071846014;-0.7073441608;962;1620231201.626788977;962
1620231201.6016070843;1.5132145026;-1.5206150164;1.3632967873;0.6256390414;-0.0124677996;0.0061809075;0.7799885513;1620231201.5944519043;-0.0537300989;5.2450405042;1.4840733082;0.7068044583;0.0062543994;0.0071746267;-0.7073449406;962;1620231201.626788977;962
1620231201.6106269360;1.5132840770;-1.5207172919;1.3629029199;0.6256534578;-0.0124265317;0.0062292640;0.7799772614;1620231201.6016631126;-0.0537381630;5.2450560533;1.4840728147;0.7068024547;0.0062668929;0.0071908492;-0.7073466673;962;1620231201.626788977;962
1620231201.6265859604;1.5133761402;-1.5209172381;1.3621093411;0.6255957757;-0.0125207289;0.0064577955;0.7800201623;1620231201.6106510162;-0.0537375948;5.2450482083;1.4840725848;0.7068040738;0.0062588216;0.0071852722;-0.7073451776;963;1620231201.652760449;963
1620231201.6348659992;1.5134496768;-1.5210203113;1.3616504169;0.6255504092;-0.0128682670;0.0065352641;0.7800502443;1620231201.6266078949;-0.0537360597;5.2450490131;1.4840732353;0.7068026031;0.0062587278;0.0071818804;-0.7073466824;963;1620231201.652760449;963
1620231201.6442310810;1.5134954942;-1.5211082791;1.3611931233;0.6255641964;-0.0131912876;0.0066400474;0.7800329069;1620231201.6348760128;-0.0537442625;5.2450524092;1.4840768349;0.7068047737;0.0062640455;0.0071894081;-0.7073443900;963;1620231201.652760449;963
1620231201.6518959999;1.5135929295;-1.5211731250;1.3607494075;0.6256470442;-0.0136441629;0.0066150654;0.7799588796;1620231201.6442549229;-0.0537378687;5.2450506917;1.4840772898;0.7068048881;0.0062628692;0.0071842541;-0.7073443384;963;1620231201.652760449;963
1620231201.6608591080;1.5136844023;-1.5212579275;1.3602403561;0.6254976348;-0.0138531092;0.0066849788;0.7800744267;1620231201.6519169807;-0.0537462503;5.2450558910;1.4840793698;0.7068053901;0.0062605425;0.0071874005;-0.7073438255;964;1620231201.704703105;964
1620231201.6763091087;1.5137698474;-1.5214560300;1.3594567707;0.6255060240;-0.0144061676;0.0063061796;0.7800608364;1620231201.6608819962;-0.0537324514;5.2450573412;1.4840762974;0.7068057726;0.0062673170;0.0071894479;-0.7073433624;964;1620231201.704703105;964
1620231201.6854441166;1.5138771897;-1.5215493882;1.3590855972;0.6255867181;-0.0145151454;0.0061394803;0.7799954330;1620231201.6763319969;-0.0537450296;5.2450592599;1.4840793852;0.7068047301;0.0062648343;0.0071903013;-0.7073444174;964;1620231201.704703105;964
1620231201.6939980984;1.5139708514;-1.5216460052;1.3587322045;0.6256089267;-0.0146078663;0.0060624677;0.7799764917;1620231201.6854939461;-0.0537433443;5.2450557444;1.4840744730;0.7068094250;0.0062692088;0.0071897067;-0.7073396934;964;1620231201.704703105;964
1620231201.7028460503;1.5140654101;-1.5217368184;1.3583546481;0.6256125034;-0.0147044182;0.0059510093;0.7799726670;1620231201.6940131187;-0.0537459743;5.2450665175;1.4840768808;0.7068085226;0.0062739456;0.0071978765;-0.7073404701;965;1620231201.730674433;965
1620231201.7097010612;1.5141812308;-1.5218128788;1.3580065331;0.6256446389;-0.0148358442;0.0058619847;0.7799450754;1620231201.7028729916;-0.0537194814;5.2450699067;1.4840678626;0.7068094333;0.0062834591;0.0072006796;-0.7073394471;965;1620231201.730674433;965
1620231201.7263031006;1.5142972658;-1.5219925152;1.3571860384;0.6254863482;-0.0154690465;0.0058398741;0.7800598904;1620231201.7097160816;-0.0537480069;5.2450638825;1.4840725173;0.7068115897;0.0062717632;0.0071939791;-0.7073374643;965;1620231201.730674433;965
1620231201.7348799706;1.5143634335;-1.5220623156;1.3567586475;0.6255017199;-0.0158939885;0.0058059135;0.7800392752;1620231201.7263190746;-0.0537414899;5.2450717193;1.4840757978;0.7068096899;0.0062756045;0.0071972974;-0.7073392948;965;1620231201.730674433;965
1620231201.7432971001;1.5144477121;-1.5221028502;1.3563631050;0.6255566881;-0.0162463436;0.0059436839;0.7799868966;1620231201.7349040508;-0.0537243477;5.2450715467;1.4840740983;0.7068105556;0.0062740223;0.0071998620;-0.7073384177;966;1620231201.782617201;966
1620231201.7517499924;1.5145440835;-1.5221239365;1.3559852933;0.6257055569;-0.0166577574;0.0055700831;0.7798615578;1620231201.7433118820;-0.0537485361;5.2450785062;1.4840810130;0.7068092158;0.0062721849;0.0071993469;-0.7073397780;966;1620231201.782617201;966
1620231201.7596480846;1.5146611186;-1.5221557262;1.3556600360;0.6258264189;-0.0169048169;0.0051677997;0.7797620242;1620231201.7517850399;-0.0537480007;5.2450784900;1.4840771870;0.7068102846;0.0062737913;0.0072011978;-0.7073386769;966;1620231201.782617201;966
1620231201.7762649059;1.5147279450;-1.5223501579;1.3550652589;0.6260745263;-0.0173133717;0.0045092360;0.7795579526;1620231201.7596640587;-0.0537514274;5.2450817139;1.4840822929;0.7068094553;0.0062735987;0.0072002532;-0.7073395169;966;1620231201.782617201;966
1620231201.7846570015;1.5147809429;-1.5224441324;1.3547192804;0.6263236153;-0.0172505205;0.0044066840;0.7793598204;1620231201.7762799263;-0.0537324869;5.2450835995;1.4840736772;0.7068123851;0.0062804107;0.0072041634;-0.7073364890;967;1620231201.808588537;967
1620231201.7930090427;1.5148878957;-1.5225027216;1.3544203283;0.6264189314;-0.0173029472;0.0040867498;0.7792837923;1620231201.7846920490;-0.0537535414;5.2450869366;1.4840725817;0.7068113206;0.0062787889;0.0072069853;-0.7073375384;967;1620231201.808588537;967
1620231201.8014600277;1.5149480282;-1.5225676593;1.3541254943;0.6265279155;-0.0173582650;0.0038049058;0.7791963709;1620231201.7930240631;-0.0537274537;5.2450844573;1.4840723898;0.7068161267;0.0062837190;0.0072008765;-0.7073327542;967;1620231201.808588537;967
1620231201.8095600605;1.5150548283;-1.5225936523;1.3537367701;0.6265232628;-0.0172777319;0.0034552546;0.7792035308;1620231201.8014829159;-0.0537460401;5.2450856479;1.4840779824;0.7068136980;0.0062774420;0.0071998096;-0.7073352478;967;1620231201.808588537;967
1620231201.8262000084;1.5151157129;-1.5227264717;1.3531403341;0.6265015127;-0.0176231032;0.0031146246;0.7792147200;1620231201.8095750809;-0.0537305107;5.2450777536;1.4840760204;0.7068148624;0.0062721774;0.0071919186;-0.7073342113;968;1620231201.860531281;968
1620231201.8346469402;1.5151345726;-1.5228029826;1.3527963486;0.6264713100;-0.0178389321;0.0030685451;0.7792342743;1620231201.8262150288;-0.0537304176;5.2450927232;1.4840698846;0.7068134562;0.0062904309;0.0072087102;-0.7073352834;968;1620231201.860531281;968
1620231201.8431220055;1.5151100923;-1.5228761809;1.3524761418;0.6264794134;-0.0179046894;0.0030887266;0.7792261716;1620231201.8346629143;-0.0537323144;5.2450834165;1.4840672867;0.7068157599;0.0062778214;0.0072000510;-0.7073331816;968;1620231201.860531281;968
1620231201.8511679173;1.5151670086;-1.5229061771;1.3522075548;0.6265153367;-0.0179054219;0.0029032971;0.7791979849;1620231201.8431360722;-0.0537312694;5.2450777267;1.4840696587;0.7068143278;0.0062745579;0.0071932528;-0.7073347108;968;1620231201.860531281;968
1620231201.8597600460;1.5152171812;-1.5229468547;1.3519372190;0.6265201972;-0.0178675705;0.0027016070;0.7791956710;1620231201.8511788845;-0.0537304830;5.2450802622;1.4840730167;0.7068135029;0.0062740719;0.0071952242;-0.7073355193;969;1620231201.886502593;969
1620231201.8765881062;1.5152622583;-1.5230386821;1.3514035403;0.6265073382;-0.0176220121;0.0025207748;0.7792122083;1620231201.8597741127;-0.0537261832;5.2450800156;1.4840679345;0.7068149248;0.0062801556;0.0071944903;-0.7073340520;969;1620231201.886502593;969
1620231201.8847370148;1.5153045467;-1.5230856557;1.3511630308;0.6264663045;-0.0174622624;0.0024348482;0.7792490682;1620231201.8766028881;-0.0537534447;5.2450804628;1.4840787773;0.7068128763;0.0062737391;0.0071969740;-0.7073361306;969;1620231201.886502593;969
1620231201.8929738998;1.5153070770;-1.5231446162;1.3509239514;0.6264098037;-0.0173688650;0.0023185310;0.7792969298;1620231201.8847730160;-0.0537292358;5.2450761171;1.4840715949;0.7068144512;0.0062752032;0.0071975200;-0.7073345383;969;1620231201.886502593;969
1620231201.9016129971;1.5153055597;-1.5232008228;1.3506830652;0.6263620257;-0.0172976212;0.0021275246;0.7793374614;1620231201.8929889202;-0.0537565783;5.2450800785;1.4840800789;0.7068131219;0.0062744824;0.0072003622;-0.7073358441;970;1620231201.938445249;970
1620231201.9100470543;1.5153072007;-1.5232524559;1.3504739448;0.6262647474;-0.0172107586;0.0019931012;0.7794179132;1620231201.9016420841;-0.0537260794;5.2450702267;1.4840741775;0.7068111534;0.0062657836;0.0071904866;-0.7073379887;970;1620231201.938445249;970
1620231201.9266259670;1.5152503025;-1.5233541511;1.3500510578;0.6260544982;-0.0168609961;0.0018999665;0.7795946781;1620231201.9100620747;-0.0537360774;5.2450750079;1.4840741978;0.7068161109;0.0062766108;0.0072019474;-0.7073328223;970;1620231201.938445249;970
1620231201.9345309734;1.5152552039;-1.5233993942;1.3498487303;0.6259862678;-0.0165873827;0.0019835024;0.7796551269;1620231201.9266529083;-0.0537513670;5.2450793647;1.4840804197;0.7068138898;0.0062753072;0.0072017741;-0.7073350551;970;1620231201.938445249;970
1620231201.9434120655;1.5152296731;-1.5234483105;1.3496453569;0.6259237951;-0.0162563063;0.0021850512;0.7797117165;1620231201.9345459938;-0.0537428007;5.2450783012;1.4840776877;0.7068143009;0.0062739039;0.0071984998;-0.7073346901;971;1620231201.964416657;971
1620231201.9515409470;1.5152296479;-1.5234959270;1.3494253275;0.6258057673;-0.0160416428;0.0023334634;0.7798104656;1620231201.9434270859;-0.0537561947;5.2450845183;1.4840756067;0.7068148545;0.0062810740;0.0072087585;-0.7073339688;971;1620231201.964416657;971
1620231201.9599659443;1.5151802138;-1.5235399527;1.3492274299;0.6257319772;-0.0157141674;0.0026157760;0.7798754486;1620231201.9515559673;-0.0537268969;5.2450711232;1.4840738985;0.7068143768;0.0062720992;0.0071914025;-0.7073347024;971;1620231201.964416657;971
1620231201.9768710136;1.5151112415;-1.5236424176;1.3488204252;0.6255852364;-0.0153872255;0.0031088618;0.7799978719;1620231201.9599819183;-0.0537512318;5.2450783645;1.4840787741;0.7068138022;0.0062752055;0.0072012581;-0.7073351488;971;1620231201.964416657;971
1620231201.9845149517;1.5150899836;-1.5236816245;1.3486411834;0.6255487106;-0.0153100068;0.0032385027;0.7800281575;1620231201.9768829346;-0.0537357277;5.2450769419;1.4840735320;0.7068109000;0.0062733538;0.0072007913;-0.7073380700;972;1620231202.016359409;972
1620231201.9931559563;1.5150343047;-1.5237148916;1.3484682102;0.6255381745;-0.0151720639;0.0033748512;0.7800387241;1620231201.9845259190;-0.0537293113;5.2450648744;1.4840738441;0.7068140208;0.0062670336;0.0071899600;-0.7073351177;972;1620231202.016359409;972
1620231202.0013279915;1.5150180969;-1.5237605541;1.3483032284;0.6254980065;-0.0151700244;0.0033913821;0.7800709024;1620231201.9931719303;-0.0537397614;5.2450707768;1.4840735544;0.7068134385;0.0062758484;0.0071974776;-0.7073355450;972;1620231202.016359409;972
1620231202.0096809864;1.5149793177;-1.5238135193;1.3481637713;0.6255192920;-0.0149316299;0.0034339011;0.7800582479;1620231202.0013420582;-0.0537557541;5.2450716937;1.4840781885;0.7068135431;0.0062706423;0.0071946377;-0.7073355156;972;1620231202.016359409;972
1620231202.0264449120;1.5149386998;-1.5239498870;1.3478480054;0.6255019990;-0.0145001173;0.0037803450;0.7800786530;1620231202.0096969604;-0.0537288513;5.2450625129;1.4840713011;0.7068150473;0.0062712039;0.0071885532;-0.7073340693;973;1620231202.042330769;973
1620231202.0345818996;1.5149026927;-1.5240029156;1.3477009221;0.6254869093;-0.0142235571;0.0040390095;0.7800945475;1620231202.0264561176;-0.0537332228;5.2450675879;1.4840680661;0.7068121747;0.0062747763;0.0071983470;-0.7073368086;973;1620231202.042330769;973
1620231202.0430080891;1.5148639757;-1.5240480427;1.3475676016;0.6254191515;-0.0139122251;0.0043599220;0.7801527581;1620231202.0346159935;-0.0537315804;5.2450732088;1.4840672275;0.7068114224;0.0062772645;0.0072025104;-0.7073374958;973;1620231202.042330769;973
1620231202.0517230034;1.5148484656;-1.5240942212;1.3474009614;0.6253582108;-0.0137657316;0.0045934826;0.7802028664;1620231202.0430231094;-0.0537370947;5.2450660179;1.4840705642;0.7068088321;0.0062715923;0.0071984435;-0.7073401759;973;1620231202.042330769;973
1620231202.0600390434;1.5148045190;-1.5241347553;1.3472084478;0.6253268846;-0.0136228351;0.0048959673;0.7802286429;1620231202.0517549515;-0.0537363870;5.2450703441;1.4840732461;0.7068113125;0.0062788224;0.0072044156;-0.7073375724;974;1620231202.094273377;974
1620231202.0768499374;1.5147038934;-1.5242238113;1.3467695176;0.6252097799;-0.0136611494;0.0055375416;0.7803175249;1620231202.0600531101;-0.0537314794;5.2450720820;1.4840742600;0.7068071264;0.0062758900;0.0072026594;-0.7073417992;974;1620231202.094273377;974
1620231202.0841970444;1.5146922277;-1.5242478273;1.3465514297;0.6252584021;-0.0137759209;0.0057561745;0.7802749650;1620231202.0768649578;-0.0537279365;5.2450665720;1.4840718534;0.7068078345;0.0062708367;0.0071968489;-0.7073411956;974;1620231202.094273377;974
1620231202.0930368900;1.5146238846;-1.5243038820;1.3463348908;0.6252935501;-0.0138516248;0.0060135142;0.7802435173;1620231202.0842089653;-0.0537285645;5.2450678633;1.4840712230;0.7068091248;0.0062727698;0.0071968707;-0.7073398889;974;1620231202.094273377;974
1620231202.1029119492;1.5146380524;-1.5243380480;1.3461282313;0.6253451649;-0.0140252333;0.0060847074;0.7801984965;1620231202.0930519104;-0.0537323248;5.2450683657;1.4840740570;0.7068068008;0.0062688554;0.0071961572;-0.7073422531;975;1620231202.120244801;975
1620231202.1110570431;1.5145807927;-1.5244089037;1.3459028930;0.6253995261;-0.0140971704;0.0063193462;0.7801517598;1620231202.1029369831;-0.0537345045;5.2450690378;1.4840725656;0.7068067009;0.0062749143;0.0071985208;-0.7073422752;975;1620231202.120244801;975
1620231202.1271610260;1.5145345599;-1.5245009951;1.3455200102;0.6254267829;-0.0140460536;0.0064793034;0.7801295188;1620231202.1110711098;-0.0537527591;5.2450627510;1.4840710961;0.7068107048;0.0062730962;0.0071939407;-0.7073383371;975;1620231202.120244801;975
1620231202.1354880333;1.5145314740;-1.5245573302;1.3453367896;0.6254512645;-0.0140645427;0.0064703773;0.7801096324;1620231202.1271810532;-0.0537384078;5.2450663359;1.4840767682;0.7068049548;0.0062688604;0.0071953938;-0.7073441055;975;1620231202.120244801;975
1620231202.1431579590;1.5145198070;-1.5245875696;1.3451566548;0.6255167250;-0.0140489010;0.0064131293;0.7800578997;1620231202.1354999542;-0.0537287483;5.2450631554;1.4840728207;0.7068074020;0.0062747905;0.0071936290;-0.7073416255;976;1620231202.172187489;976
1620231202.1520490646;1.5144685165;-1.5246223376;1.3449414671;0.6255467584;-0.0141704875;0.0064035829;0.7800316945;1620231202.1431720257;-0.0537304845;5.2450679868;1.4840741909;0.7068058711;0.0062719247;0.0071926955;-0.7073431902;976;1620231202.172187489;976
1620231202.1599929333;1.5144243546;-1.5246500588;1.3447275344;0.6255355806;-0.0144164059;0.0063577925;0.7800365268;1620231202.1520819664;-0.0537313281;5.2450675280;1.4840734462;0.7068056353;0.0062708167;0.0071973566;-0.7073433882;976;1620231202.172187489;976
1620231202.1764481068;1.5143596260;-1.5247151235;1.3442603582;0.6256009764;-0.0151327635;0.0059549449;0.7799736895;1620231202.1600110531;-0.0537187088;5.2450644216;1.4840676838;0.7068053808;0.0062715215;0.0071896375;-0.7073437148;977;1620231202.198158841;977
1620231202.1846950054;1.5143522665;-1.5247447885;1.3440524258;0.6256865545;-0.0154820395;0.0057638382;0.7798996219;1620231202.1764640808;-0.0537316405;5.2450583900;1.4840724000;0.7068067700;0.0062679248;0.0071891034;-0.7073423639;977;1620231202.198158841;977
1620231202.2013740540;1.5143334042;-1.5248141425;1.3436656715;0.6258567611;-0.0161888069;0.0053238286;0.7797518156;1620231202.1847119331;-0.0537194910;5.2450555802;1.4840726472;0.7068045196;0.0062631846;0.0071799907;-0.7073447471;977;1620231202.198158841;977
1620231202.2102360725;1.5143030694;-1.5248656140;1.3434831849;0.6260240125;-0.0163637394;0.0050938054;0.7796154289;1620231202.2013878822;-0.0537236205;5.2450620449;1.4840738927;0.7068016196;0.0062699146;0.0071885574;-0.7073474983;978;1620231202.250101585;978
1620231202.2268331051;1.5142448763;-1.5249528038;1.3431816371;0.6262764438;-0.0166211009;0.0044338703;0.7794112494;1620231202.2102470398;-0.0537188363;5.2450540653;1.4840757948;0.7068023578;0.0062602841;0.0071759660;-0.7073469739;978;1620231202.250101585;978
1620231202.2347249985;1.5142270233;-1.5249853735;1.3430504672;0.6264178682;-0.0167128190;0.0039375515;0.7792982945;1620231202.2268540859;-0.0537260302;5.2450574266;1.4840725592;0.7068011844;0.0062675314;0.0071824185;-0.7073480166;978;1620231202.250101585;978
1620231202.2432320118;1.5142383943;-1.5250017859;1.3429285639;0.6265355530;-0.0167942447;0.0034660151;0.7792041715;1620231202.2347528934;-0.0537258266;5.2450634550;1.4840704673;0.7068024187;0.0062749696;0.0071898964;-0.7073466414;978;1620231202.250101585;978
1620231202.2514219284;1.5142033393;-1.5250382419;1.3427630157;0.6265925009;-0.0168938883;0.0031287634;0.7791576511;1620231202.2432470322;-0.0537227533;5.2450575225;1.4840709276;0.7068017011;0.0062686726;0.0071837513;-0.7073474767;979;1620231202.276072929;979
1620231202.2597210407;1.5141256885;-1.5250728616;1.3426042941;0.6266182363;-0.0167505156;0.0030920256;0.7791401963;1620231202.2514379025;-0.0537183353;5.2450540611;1.4840690751;0.7068012529;0.0062697058;0.0071810347;-0.7073479430;979;1620231202.276072929;979
1620231202.2680830956;1.5140781204;-1.5251114922;1.3424221927;0.6266159577;-0.0167303519;0.0030781002;0.7791425173;1620231202.2597370148;-0.0537190825;5.2450563378;1.4840695362;0.7068007185;0.0062671348;0.0071875004;-0.7073484341;979;1620231202.276072929;979
1620231202.2849318981;1.5140151976;-1.5251508714;1.3420752359;0.6264944834;-0.0166780648;0.0031476706;0.7792410389;1620231202.2680959702;-0.0537255960;5.2450558734;1.4840696331;0.7068031548;0.0062709619;0.0071873722;-0.7073459670;979;1620231202.276072929;979
1620231202.2937378883;1.5139329863;-1.5251945850;1.3418838063;0.6263872436;-0.0166273353;0.0033283150;0.7793275788;1620231202.2849879265;-0.0537202543;5.2450558247;1.4840727041;0.7068014916;0.0062662386;0.0071843745;-0.7073477013;980;1620231202.328015577;980
1620231202.3015151024;1.5138163774;-1.5252358616;1.3417221683;0.6262351601;-0.0164441941;0.0035461721;0.7794527166;1620231202.2937619686;-0.0537205182;5.2450590940;1.4840740215;0.7068034758;0.0062675464;0.0071840437;-0.7073457104;980;1620231202.328015577;980
1620231202.3100259304;1.5137243281;-1.5252583628;1.3415462103;0.6261323777;-0.0163093009;0.0036798594;0.7795374981;1620231202.3015289307;-0.0537275135;5.2450565220;1.4840725344;0.7068026448;0.0062632686;0.0071828902;-0.7073465903;980;1620231202.328015577;980
1620231202.3181700706;1.5136490252;-1.5252722928;1.3413708843;0.6260256477;-0.0162720402;0.0037669717;0.7796235752;1620231202.3100399971;-0.0537183998;5.2450608617;1.4840710798;0.7068033025;0.0062667851;0.0071835504;-0.7073458953;980;1620231202.328015577;980
1620231202.3347868919;1.5134716439;-1.5253284836;1.3410314691;0.6258525011;-0.0162180579;0.0039067215;0.7797630147;1620231202.3181970119;-0.0537263935;5.2450590949;1.4840718741;0.7068046465;0.0062658931;0.0071831320;-0.7073445644;981;1620231202.353987009;981
1620231202.3432929516;1.5133733518;-1.5253592550;1.3408868452;0.6257444877;-0.0162295387;0.0038516748;0.7798497309;1620231202.3348031044;-0.0537202614;5.2450616788;1.4840732829;0.7068069476;0.0062694443;0.0071854407;-0.7073422102;981;1620231202.353987009;981
1620231202.3516330719;1.5133067796;-1.5253801615;1.3407547282;0.6257177828;-0.0161804565;0.0038450298;0.7798722106;1620231202.3433079720;-0.0537465795;5.2450584363;1.4840797595;0.7068052937;0.0062607801;0.0071786587;-0.7073440084;981;1620231202.353987009;981
1620231202.3600559235;1.5132219819;-1.5254066236;1.3406255919;0.6256957677;-0.0160671839;0.0038169947;0.7798923531;1620231202.3516480923;-0.0537213810;5.2450597475;1.4840735039;0.7068068511;0.0062645325;0.0071793920;-0.7073424116;981;1620231202.353987009;981
1620231202.3767130375;1.5130775221;-1.5254624736;1.3403955819;0.6255882017;-0.0159249660;0.0036481060;0.7799823643;1620231202.3600709438;-0.0537482046;5.2450572756;1.4840740362;0.7068076803;0.0062617777;0.0071780679;-0.7073416208;982;1620231202.405929649;982
1620231202.3848810196;1.5130077936;-1.5254766739;1.3402939536;0.6255472291;-0.0157910376;0.0035515184;0.7800183934;1620231202.3767280579;-0.0537328438;5.2450651187;1.4840681380;0.7068080476;0.0062747532;0.0071891984;-0.7073410258;982;1620231202.405929649;982
1620231202.3931989670;1.5129043409;-1.5255063328;1.3401908396;0.6254617381;-0.0155344222;0.0035893304;0.7800919257;1620231202.3848950863;-0.0537495389;5.2450704940;1.4840774964;0.7068051313;0.0062734179;0.0071922934;-0.7073439203;982;1620231202.405929649;982
1620231202.4012930393;1.5128108135;-1.5255342938;1.3400953545;0.6254183930;-0.0152180867;0.0036796192;0.7801324913;1620231202.3932139874;-0.0537491523;5.2450675619;1.4840772917;0.7068047766;0.0062684740;0.0071880812;-0.7073443614;982;1620231202.405929649;982
1620231202.4099969864;1.5127276176;-1.5255627249;1.3399625549;0.6253884846;-0.0149918781;0.0039079771;0.7801597366;1620231202.4013059139;-0.0537593793;5.2450738203;1.4840801822;0.7068056001;0.0062754128;0.0071962509;-0.7073433939;983;1620231202.431901073;983
1620231202.4264740944;1.5125576468;-1.5256024311;1.3396537264;0.6253791681;-0.0148431190;0.0042340520;0.7801683477;1620231202.4100129604;-0.0537402047;5.2450718724;1.4840779801;0.7068056653;0.0062676423;0.0071912135;-0.7073434488;983;1620231202.431901073;983
1620231202.4432570934;1.5123909292;-1.5256370817;1.3393238019;0.6253761536;-0.0150113447;0.0045420929;0.7801658128;1620231202.4264900684;-0.0537296065;5.2450711500;1.4840768933;0.7068071345;0.0062747992;0.0071899788;-0.7073419298;983;1620231202.431901073;983
1620231202.4514150620;1.5123124419;-1.5256530758;1.3391674283;0.6253738596;-0.0152073252;0.0046071729;0.7801634745;1620231202.4432709217;-0.0537281079;5.2450848627;1.4840687486;0.7068094693;0.0062871716;0.0072014464;-0.7073393703;984;1620231202.483843761;984
1620231202.4597239494;1.5122214883;-1.5256742123;1.3389905053;0.6253867680;-0.0154165647;0.0047210340;0.7801483396;1620231202.4514360428;-0.0537352475;5.2450875605;1.4840721367;0.7068095974;0.0062873603;0.0072055637;-0.7073391986;984;1620231202.483843761;984
1620231202.4766440392;1.5120967606;-1.5256974147;1.3386859765;0.6254827383;-0.0157053778;0.0046792857;0.7800658879;1620231202.4597389698;-0.0537333578;5.2450799897;1.4840729397;0.7068111833;0.0062813875;0.0071981980;-0.7073377421;984;1620231202.483843761;984
1620231202.4849879742;1.5119713773;-1.5257527545;1.3385536021;0.6254500310;-0.0156389489;0.0047613507;0.7800929505;1620231202.4766669273;-0.0537418570;5.2450800240;1.4840718554;0.7068105333;0.0062752834;0.0071974447;-0.7073384533;984;1620231202.483843761;984
1620231202.4932360649;1.5118976331;-1.5257657879;1.3384169851;0.6255763486;-0.0155650536;0.0046589104;0.7799937537;1620231202.4850230217;-0.0537307007;5.2450859455;1.4840756951;0.7068069851;0.0062804068;0.0071992025;-0.7073419355;985;1620231202.535786481;985
1620231202.5016260147;1.5118400677;-1.5257883105;1.3382507137;0.6256752699;-0.0155941126;0.0046090577;0.7799141215;1620231202.4932498932;-0.0537351581;5.2450900722;1.4840717596;0.7068107901;0.0062849886;0.0072039094;-0.7073380448;985;1620231202.535786481;985
1620231202.5101349354;1.5117584474;-1.5257780557;1.3380694675;0.6258509876;-0.0155640894;0.0045685373;0.7797739602;1620231202.5016720295;-0.0537385810;5.2450925761;1.4840689573;0.7068110054;0.0062925532;0.0072109884;-0.7073376903;985;1620231202.535786481;985
1620231202.5264599323;1.5116025145;-1.5257954176;1.3376860705;0.6259269936;-0.0158633089;0.0044650934;0.7797075202;1620231202.5101490021;-0.0537537410;5.2450973162;1.4840760533;0.7068102637;0.0062869519;0.0072072462;-0.7073385193;985;1620231202.535786481;985
1620231202.5349960327;1.5115103085;-1.5257975220;1.3374827307;0.6258573739;-0.0162349150;0.0044008771;0.7797561204;1620231202.5264749527;-0.0537399466;5.2450917970;1.4840724427;0.7068076401;0.0062791851;0.0072021598;-0.7073412618;986;1620231202.561757833;986
1620231202.5433530807;1.5114188549;-1.5257815824;1.3372513324;0.6258992331;-0.0165998591;0.0043274625;0.7797152478;1620231202.5350151062;-0.0537361952;5.2450905726;1.4840718723;0.7068106601;0.0062878272;0.0072066228;-0.7073381218;986;1620231202.561757833;986
1620231202.5519540310;1.5113265723;-1.5257761791;1.3370275520;0.6259450357;-0.0170405630;0.0042008848;0.7796696634;1620231202.5433669090;-0.0537534413;5.2450922214;1.4840760605;0.7068105537;0.0062907344;0.0072092804;-0.7073381752;986;1620231202.561757833;986
1620231202.5599310398;1.5112129268;-1.5257847375;1.3367985517;0.6259586621;-0.0174406133;0.0040827422;0.7796505048;1620231202.5519700050;-0.0537667630;5.2450928549;1.4840781114;0.7068122645;0.0062836005;0.0072091019;-0.7073365309;986;1620231202.561757833;986
1620231202.5763700008;1.5109968913;-1.5257924251;1.3363989770;0.6261438872;-0.0180062592;0.0034405954;0.7794919945;1620231202.5599460602;-0.0537539903;5.2450951043;1.4840786596;0.7068105504;0.0062889224;0.0072102575;-0.7073381847;987;1620231202.613700481;987
1620231202.5859549046;1.5108404882;-1.5258103534;1.3362251140;0.6262081853;-0.0181089433;0.0030897698;0.7794394320;1620231202.5763809681;-0.0537562126;5.2450928381;1.4840735855;0.7068107722;0.0062897225;0.0072071852;-0.7073379873;987;1620231202.613700481;987
1620231202.5933659077;1.5107505159;-1.5258072897;1.3360630086;0.6262950354;-0.0181858134;0.0027499281;0.7793691312;1620231202.5859920979;-0.0537318344;5.2450947238;1.4840681531;0.7068113567;0.0062905938;0.0072081578;-0.7073373855;987;1620231202.613700481;987
1620231202.6017050743;1.5106421298;-1.5258207311;1.3359036855;0.6263549145;-0.0180874201;0.0025512813;0.7793239745;1620231202.5933818817;-0.0537642835;5.2450957881;1.4840752482;0.7068106001;0.0062890646;0.0072136594;-0.7073380990;987;1620231202.613700481;987
1620231202.6095149517;1.5105301060;-1.5258249376;1.3357442403;0.6264339846;-0.0180406889;0.0022692639;0.7792623736;1620231202.6017169952;-0.0537611309;5.2450885639;1.4840739028;0.7068115859;0.0062827480;0.0072061599;-0.7073372465;988;1620231202.639671801;988
1620231202.6261138916;1.5102764680;-1.5258687552;1.3354052931;0.6264228448;-0.0179611359;0.0018224433;0.7792743392;1620231202.6095259190;-0.0537570057;5.2451033393;1.4840783443;0.7068094344;0.0062935776;0.0072189281;-0.7073391700;988;1620231202.639671801;988
1620231202.6341059208;1.5101194343;-1.5259035378;1.3352344302;0.6263570510;-0.0178997342;0.0017234995;0.7793288611;1620231202.6261239052;-0.0537579490;5.2451035145;1.4840783786;0.7068078650;0.0062922355;0.0072175754;-0.7073407639;988;1620231202.639671801;988
1620231202.6431729794;1.5100098600;-1.5259097535;1.3350699514;0.6263255207;-0.0178676434;0.0015906084;0.7793552203;1620231202.6341290474;-0.0537363158;5.2451072891;1.4840682831;0.7068079522;0.0062989337;0.0072238302;-0.7073405533;988;1620231202.639671801;988
1620231202.6510329247;1.5098856278;-1.5259263002;1.3349158272;0.6262837703;-0.0177678410;0.0015251059;0.7793911835;1620231202.6431839466;-0.0537613440;5.2451123836;1.4840719839;0.7068104817;0.0063109589;0.0072334291;-0.7073378204;989;1620231202.691614577;989
1620231202.6593770981;1.5097124015;-1.5259742513;1.3347384774;0.6261009186;-0.0175562172;0.0017355544;0.7795424343;1620231202.6510510445;-0.0537333573;5.2451080635;1.4840704276;0.7068077231;0.0062985610;0.0072214554;-0.7073408098;989;1620231202.691614577;989
1620231202.6771619320;1.5094002371;-1.5259734427;1.3343814230;0.6259819445;-0.0170179068;0.0022341434;0.7796486418;1620231202.6593880653;-0.0537608451;5.2451023238;1.4840693554;0.7068109881;0.0062990389;0.0072249320;-0.7073375075;989;1620231202.691614577;989
1620231202.6941900253;1.5090490469;-1.5259727729;1.3339467322;0.6258302925;-0.0165766113;0.0029135871;0.7797776426;1620231202.6772019863;-0.0537294360;5.2450863456;1.4840730018;0.7068067022;0.0062838692;0.0072064676;-0.7073421135;990;1620231202.717585961;990
1620231202.7025310993;1.5088534224;-1.5259872466;1.3337386711;0.6257021645;-0.0164262814;0.0033821929;0.7798817471;1620231202.6942150593;-0.0537261309;5.2450855434;1.4840708528;0.7068029439;0.0062838339;0.0072062605;-0.7073458714;990;1620231202.717585961;990
1620231202.7111649513;1.5086349115;-1.5259962166;1.3334931590;0.6256201600;-0.0164349603;0.0036821526;0.7799459913;1620231202.7025740147;-0.0537201483;5.2450761687;1.4840677570;0.7068052081;0.0062842110;0.0071987150;-0.7073436824;990;1620231202.717585961;990
1620231202.7276029587;1.5082555034;-1.5259860494;1.3330834342;0.6254844477;-0.0166236591;0.0039822828;0.7800493581;1620231202.7112009525;-0.0537281033;5.2450817459;1.4840629395;0.7068056950;0.0062883856;0.0072080190;-0.7073430640;990;1620231202.717585961;990
1620231202.7360060215;1.5080584563;-1.5259964967;1.3328909794;0.6254015348;-0.0166968036;0.0039817726;0.7801142753;1620231202.7276179790;-0.0537277822;5.2450726544;1.4840699190;0.7068038432;0.0062789701;0.0071971607;-0.7073451086;991;1620231202.769528673;991
1620231202.7437529564;1.5078524298;-1.5260184405;1.3327372066;0.6253326162;-0.0166392659;0.0041306119;0.7801699763;1620231202.7360410690;-0.0537496778;5.2450799055;1.4840786274;0.7067996843;0.0062734512;0.0071992842;-0.7073492917;991;1620231202.769528673;991
1620231202.7518830299;1.5076843469;-1.5260281351;1.3325564525;0.6253314103;-0.0166675442;0.0040727507;0.7801706435;1620231202.7437689304;-0.0537166935;5.2450670115;1.4840719180;0.7068018948;0.0062708094;0.0071884971;-0.7073472159;991;1620231202.769528673;991
1620231202.7604029179;1.5075044099;-1.5260391174;1.3324048507;0.6253755170;-0.0165555611;0.0040905484;0.7801375799;1620231202.7519149780;-0.0537287360;5.2450741746;1.4840747026;0.7067995640;0.0062755973;0.0071983434;-0.7073494024;992;1620231202.795499953;992
1620231202.7682099342;1.5073312348;-1.5260494325;1.3322624661;0.6253981025;-0.0163992412;0.0040468398;0.7801230040;1620231202.7604410648;-0.0537462009;5.2450680384;1.4840728898;0.7068027586;0.0062788108;0.0071977567;-0.7073461877;992;1620231202.795499953;992
1620231202.7846350670;1.5070661233;-1.5260560846;1.3319833323;0.6255702327;-0.0161902495;0.0038193912;0.7799904949;1620231202.7682271004;-0.0537198489;5.2450633020;1.4840674709;0.7068024748;0.0062760664;0.0071916087;-0.7073465582;992;1620231202.795499953;992
1620231202.7932140827;1.5069059943;-1.5260615167;1.3318321865;0.6256183865;-0.0161765875;0.0036559302;0.7799529388;1620231202.7846479416;-0.0537213072;5.2450657949;1.4840678922;0.7067986841;0.0062750080;0.0071946357;-0.7073503246;992;1620231202.795499953;992
1620231202.8011538982;1.5067111962;-1.5260569754;1.3316337569;0.6256695195;-0.0161356380;0.0036997424;0.7799125627;1620231202.7932269573;-0.0537165538;5.2450620806;1.4840687725;0.7067999697;0.0062757675;0.0071918155;-0.7073490619;993;1620231202.847442625;993
1620231202.8098518848;1.5065456682;-1.5260487858;1.3314511657;0.6257893554;-0.0163008891;0.0036166842;0.7798133644;1620231202.8011670113;-0.0537392452;5.2450586463;1.4840711959;0.7067985922;0.0062726929;0.0071876486;-0.7073505080;993;1620231202.847442625;993
1620231202.8266139030;1.5060823860;-1.5260617102;1.3309904465;0.6258489854;-0.0166583515;0.0038306866;0.7797569317;1620231202.8098649979;-0.0537241053;5.2450530312;1.4840730012;0.7068003780;0.0062691222;0.0071865728;-0.7073487662;993;1620231202.847442625;993
1620231202.8346159458;1.5058923241;-1.5260593106;1.3307707081;0.6259296353;-0.0169146498;0.0038099716;0.7796867771;1620231202.8266279697;-0.0537146552;5.2450441437;1.4840758142;0.7067976845;0.0062592990;0.0071793791;-0.7073516175;993;1620231202.847442625;993
1620231202.8432159424;1.5057084361;-1.5260294433;1.3305321388;0.6261005963;-0.0171819887;0.0037209349;0.7795440829;1620231202.8346409798;-0.0537259274;5.2450446583;1.4840769495;0.7067980409;0.0062610218;0.0071834275;-0.7073512051;994;1620231202.873413977;994
1620231202.8510220051;1.5054902623;-1.5260303213;1.3303003024;0.6261408848;-0.0174556139;0.0037077447;0.7795057066;1620231202.8432309628;-0.0537366738;5.2450437989;1.4840779819;0.7067968164;0.0062625313;0.0071804894;-0.7073524451;994;1620231202.873413977;994
1620231202.8596580029;1.5052925301;-1.5260237238;1.3300831883;0.6262365068;-0.0177014608;0.0036083643;0.7794238100;1620231202.8511319160;-0.0537113483;5.2450351535;1.4840702515;0.7067965546;0.0062551453;0.0071730114;-0.7073528479;994;1620231202.873413977;994
1620231202.8765621185;1.5048382219;-1.5260415497;1.3297128828;0.6263704969;-0.0179257207;0.0031831294;0.7793128620;1620231202.8596870899;-0.0537244724;5.2450348213;1.4840702735;0.7067974185;0.0062575709;0.0071786664;-0.7073519059;995;1620231202.899385417;995
1620231202.8930089474;1.5044187857;-1.5260775226;1.3293994528;0.6264810739;-0.0180256652;0.0026903500;0.7792235247;1620231202.8765759468;-0.0537234107;5.2450264598;1.4840744500;0.7067985503;0.0062500314;0.0071736618;-0.7073508924;995;1620231202.899385417;995
1620231202.9011719227;1.5041910474;-1.5260850455;1.3292374777;0.6265193223;-0.0180032575;0.0024407112;0.7791941122;1620231202.8930239677;-0.0537400687;5.2450181461;1.4840792886;0.7067980390;0.0062449797;0.0071692070;-0.7073514931;995;1620231202.899385417;995
1620231202.9097030163;1.5039492638;-1.5260981494;1.3290738300;0.6265307082;-0.0179257081;0.0022900437;0.7791872024;1620231202.9011909962;-0.0537452504;5.2450132048;1.4840784701;0.7067998312;0.0062419339;0.0071650359;-0.7073497714;996;1620231202.951328161;996
1620231202.9263958931;1.5034486664;-1.5260925908;1.3287339402;0.6264773417;-0.0175517850;0.0021941238;0.7792388985;1620231202.9097170830;-0.0537149681;5.2450177762;1.4840720753;0.7068002803;0.0062546169;0.0071730581;-0.7073491293;996;1620231202.951328161;996
1620231202.9344270229;1.5031790218;-1.5260960913;1.3285476984;0.6263950066;-0.0174207360;0.0021849395;0.7793080519;1620231202.9264099598;-0.0537310410;5.2450214043;1.4840741460;0.7067979913;0.0062502613;0.0071761151;-0.7073514241;996;1620231202.951328161;996
1620231202.9459979534;1.5029033302;-1.5261130773;1.3283619260;0.6262352264;-0.0172750562;0.0022727629;0.7794394449;1620231202.9344589710;-0.0537333739;5.2450290988;1.4840745337;0.7067981345;0.0062525122;0.0071788961;-0.7073512329;996;1620231202.951328161;996
1620231202.9523301125;1.5026134696;-1.5261551550;1.3281222170;0.6260010645;-0.0172856911;0.0023627603;0.7796270195;1620231202.9460210800;-0.0537163454;5.2450271122;1.4840695166;0.7068006837;0.0062559711;0.0071805181;-0.7073486386;997;1620231202.977299513;997
1620231202.9609339237;1.5023309736;-1.5261712927;1.3279489808;0.6258620192;-0.0171883436;0.0024706775;0.7797404629;1620231202.9523620605;-0.0537118175;5.2450272380;1.4840703358;0.7067996942;0.0062541122;0.0071772508;-0.7073496769;997;1620231202.977299513;997
1620231202.9758710861;1.5017872268;-1.5261601077;1.3276067871;0.6257716949;-0.0168239729;0.0028615842;0.7798195632;1620231202.9609589577;-0.0537099157;5.2450286608;1.4840725372;0.7068005017;0.0062522398;0.0071733160;-0.7073489265;997;1620231202.977299513;997
1620231202.9925599098;1.5012245002;-1.5261157008;1.3273069794;0.6258031641;-0.0164444296;0.0032133378;0.7798010355;1620231202.9758839607;-0.0537147626;5.2450429827;1.4840744123;0.7068020116;0.0062605611;0.0071820770;-0.7073472553;998;1620231203.029242105;998
1620231203.0005741119;1.5008757197;-1.5261366210;1.3270932061;0.6257106289;-0.0163982239;0.0034222327;0.7798753717;1620231202.9925730228;-0.0537111834;5.2450405311;1.4840722182;0.7068022868;0.0062597241;0.0071779462;-0.7073470296;998;1620231203.029242105;998
1620231203.0171899796;1.5002899023;-1.5261363572;1.3267443550;0.6256117354;-0.0163734827;0.0036423782;0.7799542286;1620231203.0005850792;-0.0537169915;5.2450498753;1.4840689614;0.7068019936;0.0062658966;0.0071863623;-0.7073471825;998;1620231203.029242105;998
1620231203.0258851051;1.5000158259;-1.5261281071;1.3265990292;0.6255973440;-0.0163117012;0.0036576699;0.7799669949;1620231203.0171999931;-0.0537223398;5.2450568917;1.4840721592;0.7068003385;0.0062712696;0.0071913197;-0.7073487383;999;1620231203.055213553;999
1620231203.0339250565;1.4997639509;-1.5261146524;1.3264607666;0.6255885141;-0.0162543986;0.0035596884;0.7799757267;1620231203.0258970261;-0.0537510888;5.2450690959;1.4840730678;0.7068029624;0.0062783924;0.0072068184;-0.7073458955;999;1620231203.055213553;999
1620231203.0426390171;1.4994907013;-1.5261177940;1.3263422675;0.6255957777;-0.0160469977;0.0035419222;0.7799742762;1620231203.0339360237;-0.0537171898;5.2450639347;1.4840702898;0.7068019889;0.0062727674;0.0071956842;-0.7073470315;999;1620231203.055213553;999
1620231203.0507090092;1.4992008522;-1.5261196395;1.3261929584;0.6256867657;-0.0157641573;0.0037234011;0.7799062116;1620231203.0426499844;-0.0537480529;5.2450716385;1.4840718710;0.7068017987;0.0062747132;0.0072000171;-0.7073471602;999;1620231203.055213553;999
1620231203.0673120022;1.4986396338;-1.5261073487;1.3258564797;0.6258038722;-0.0153979941;0.0041401281;0.7798174624;1620231203.0507199764;-0.0537222409;5.2450696374;1.4840718247;0.7068021249;0.0062711721;0.0071968741;-0.7073468977;1000;1620231203.081184833;1000
1620231203.0761110783;1.4983209247;-1.5261550819;1.3255932678;0.6256426151;-0.0156146997;0.0042597073;0.7799418915;1620231203.0673229694;-0.0537266324;5.2450848544;1.4840672247;0.7068038561;0.0062859498;0.0072090749;-0.7073449124;1000;1620231203.081184833;1000
1620231203.0928471088;1.4977866752;-1.5261094844;1.3251686974;0.6257490271;-0.0159927384;0.0043368328;0.7798484336;1620231203.0761229992;-0.0537296897;5.2450761912;1.4840681039;0.7068039611;0.0062816855;0.0072020827;-0.7073449166;1001;1620231203.133127569;1001
1620231203.1007339954;1.4975347130;-1.5260846085;1.3249563358;0.6257854275;-0.0164078261;0.0042955893;0.7798108296;1620231203.0928668976;-0.0537656232;5.2450827347;1.4840766897;0.7068056296;0.0062838459;0.0072075940;-0.7073431740;1001;1620231203.133127569;1001
1620231203.1092391014;1.4972198385;-1.5260473831;1.3247406880;0.6260082943;-0.0166580209;0.0044717018;0.7796256343;1620231203.1007449627;-0.0537466962;5.2450799942;1.4840733402;0.7068035991;0.0062838078;0.0072081334;-0.7073451978;1001;1620231203.133127569;1001
1620231203.1259229183;1.4965586669;-1.5260649148;1.3242829314;0.6259920554;-0.0175268222;0.0039840080;0.7796222705;1620231203.1092510223;-0.0537429133;5.2450735244;1.4840763128;0.7068000857;0.0062760999;0.0072020355;-0.7073488391;1001;1620231203.133127569;1001
1620231203.1339728832;1.4962292736;-1.5260369924;1.3241029508;0.6261826387;-0.0175800485;0.0038025196;0.7794689126;1620231203.1259350777;-0.0537365801;5.2450698020;1.4840744110;0.7068014722;0.0062718027;0.0071925796;-0.7073475879;1002;1620231203.159098953;1002
1620231203.1426970959;1.4959313387;-1.5260441149;1.3239436806;0.6262792847;-0.0177151469;0.0035252820;0.7793895070;1620231203.1339840889;-0.0537447410;5.2450716902;1.4840753805;0.7068028984;0.0062691320;0.0071955259;-0.7073461566;1002;1620231203.159098953;1002
1620231203.1506469250;1.4956680140;-1.5260489557;1.3237897259;0.6263780253;-0.0178766330;0.0032092418;0.7793078315;1620231203.1427230835;-0.0537397224;5.2450686771;1.4840763248;0.7068021670;0.0062653818;0.0071892442;-0.7073469845;1002;1620231203.159098953;1002
1620231203.1593210697;1.4953490875;-1.5260574327;1.3235924629;0.6264626963;-0.0179823897;0.0029261893;0.7792384496;1620231203.1506578922;-0.0537379808;5.2450760291;1.4840755497;0.7068045776;0.0062773249;0.0072005925;-0.7073443545;1002;1620231203.159098953;1002
1620231203.1761419773;1.4947162128;-1.5260346238;1.3232791002;0.6266436201;-0.0179444647;0.0024227886;0.7790955652;1620231203.1593320370;-0.0537430656;5.2450726969;1.4840777737;0.7068053890;0.0062742490;0.0071986179;-0.7073435910;1003;1620231203.211041617;1003
1620231203.1841869354;1.4944198465;-1.5259986583;1.3231072408;0.6267447676;-0.0180370498;0.0022205300;0.7790126638;1620231203.1761538982;-0.0537462760;5.2450729947;1.4840784222;0.7068062762;0.0062734948;0.0071952464;-0.7073427455;1003;1620231203.211041617;1003
1620231203.1924920082;1.4940725070;-1.5259938970;1.3229270126;0.6267309310;-0.0181213957;0.0021800382;0.7790219526;1620231203.1841990948;-0.0537629544;5.2450808150;1.4840827258;0.7068071290;0.0062752830;0.0071979494;-0.7073418500;1003;1620231203.211041617;1003
1620231203.2005369663;1.4936887138;-1.5259993006;1.3227318289;0.6266345414;-0.0182411397;0.0021499144;0.7790967785;1620231203.1925039291;-0.0537377377;5.2450753413;1.4840763069;0.7068068368;0.0062742549;0.0071939184;-0.7073421921;1004;1620231203.237013049;1004
1620231203.2172560692;1.4929676657;-1.5259515668;1.3224123451;0.6266116216;-0.0181278045;0.0021961145;0.7791177289;1620231203.2005479336;-0.0537350007;5.2450758109;1.4840750034;0.7068082403;0.0062755857;0.0071923887;-0.7073407934;1004;1620231203.237013049;1004
1620231203.2259330750;1.4926174297;-1.5259480130;1.3222330375;0.6265970844;-0.0180900107;0.0022639445;0.7791301046;1620231203.2172660828;-0.0537328991;5.2450680063;1.4840727806;0.7068058489;0.0062647722;0.0071845646;-0.7073433583;1004;1620231203.237013049;1004
1620231203.2340750694;1.4923209182;-1.5259041268;1.3220935752;0.6266737926;-0.0180020522;0.0021677625;0.7790707186;1620231203.2259440422;-0.0537347126;5.2450648391;1.4840706530;0.7068054138;0.0062591440;0.0071816054;-0.7073438730;1004;1620231203.237013049;1004
1620231203.2427020073;1.4919795606;-1.5258625903;1.3219520129;0.6267956054;-0.0177934623;0.0021834449;0.7789774671;1620231203.2340850830;-0.0537295480;5.2450682165;1.4840707719;0.7068059807;0.0062654806;0.0071821935;-0.7073432445;1005;1620231203.262984393;1005
1620231203.2504780293;1.4915449953;-1.5258912825;1.3218211670;0.6266992250;-0.0175262806;0.0023509531;0.7790605778;1620231203.2427139282;-0.0537435446;5.2450759113;1.4840738331;0.7068057373;0.0062684198;0.0071900276;-0.7073433821;1005;1620231203.262984393;1005
1620231203.2673308849;1.4908845892;-1.5258517950;1.3215735052;0.6266726534;-0.0174168432;0.0021369541;0.7790850226;1620231203.2504880428;-0.0537339968;5.2450562160;1.4840762347;0.7068068432;0.0062512415;0.0071709647;-0.7073426225;1005;1620231203.262984393;1005
1620231203.2758510113;1.4904915392;-1.5258471656;1.3214532430;0.6266292130;-0.0173409040;0.0020878113;0.7791217899;1620231203.2673420906;-0.0537254204;5.2450512262;1.4840700654;0.7068076151;0.0062508194;0.0071660651;-0.7073419046;1006;1620231203.314927057;1006
1620231203.2837069035;1.4900639363;-1.5258595287;1.3212918553;0.6265526133;-0.0174378703;0.0019559561;0.7791815691;1620231203.2758619785;-0.0537347563;5.2450582939;1.4840734870;0.7068039403;0.0062582972;0.0071790039;-0.7073453793;1006;1620231203.314927057;1006
1620231203.2930231094;1.4896050512;-1.5258747781;1.3211784561;0.6264488587;-0.0173186324;0.0019304194;0.7792677113;1620231203.2837181091;-0.0537320876;5.2450659662;1.4840672148;0.7068006743;0.0062740572;0.0071955089;-0.7073483355;1006;1620231203.314927057;1006
1620231203.3005709648;1.4892011824;-1.5258853375;1.3210415802;0.6263865453;-0.0173067501;0.0018615960;0.7793182320;1620231203.2930340767;-0.0537294528;5.2450603542;1.4840648329;0.7067992054;0.0062718464;0.0071929028;-0.7073498493;1006;1620231203.314927057;1006
1620231203.3170359135;1.4883005180;-1.5258958365;1.3208350411;0.6263255573;-0.0168674283;0.0020671770;0.7793763616;1620231203.3005809784;-0.0537588982;5.2450602200;1.4840651993;0.7068030347;0.0062773513;0.0072010282;-0.7073458915;1007;1620231203.340898409;1007
1620231203.3261110783;1.4878969951;-1.5258841088;1.3207243257;0.6262887969;-0.0166455323;0.0022550264;0.7794101513;1620231203.3170459270;-0.0537525528;5.2450553956;1.4840688196;0.7068029826;0.0062673163;0.0071922274;-0.7073461220;1007;1620231203.340898409;1007
1620231203.3429429531;1.4870850719;-1.5258528918;1.3205232227;0.6261780701;-0.0163154830;0.0024612707;0.7795054661;1620231203.3261229992;-0.0537310160;5.2450630198;1.4840726838;0.7068016769;0.0062742811;0.0071975500;-0.7073473109;1007;1620231203.340898409;1007
1620231203.3508250713;1.4866916215;-1.5258236646;1.3204248402;0.6261090527;-0.0161188973;0.0026564436;0.7795643518;1620231203.3429539204;-0.0537313753;5.2450630467;1.4840709623;0.7067982391;0.0062673762;0.0071979268;-0.7073508034;1008;1620231203.392841089;1008
1620231203.3675119877;1.4859258049;-1.5257900348;1.3201722116;0.6260835354;-0.0162128012;0.0029696436;0.7795817680;1620231203.3508360386;-0.0537306643;5.2450722199;1.4840649392;0.7068023660;0.0062843192;0.0072122621;-0.7073463834;1008;1620231203.392841089;1008
1620231203.3763029575;1.4855747857;-1.5257449934;1.3200849033;0.6261088839;-0.0162854177;0.0029369107;0.7795600203;1620231203.3675229549;-0.0537332310;5.2450610506;1.4840695297;0.7068027398;0.0062765496;0.0072018873;-0.7073461845;1008;1620231203.392841089;1008
1620231203.3839819431;1.4851376458;-1.5257303256;1.3200046893;0.6261309463;-0.0162386863;0.0030453999;0.7795428588;1620231203.3763279915;-0.0537363086;5.2450659012;1.4840727377;0.7068035230;0.0062813414;0.0072041105;-0.7073453367;1009;1620231203.418812473;1009
1620231203.3927369118;1.4847306855;-1.5257250068;1.3199062815;0.6261464425;-0.0162912746;0.0030611029;0.7795292532;1620231203.3839929104;-0.0537296171;5.2450695465;1.4840777839;0.7068042966;0.0062858666;0.0072014580;-0.7073445506;1009;1620231203.418812473;1009
1620231203.4007799625;1.4843371050;-1.5256885314;1.3198300628;0.6262681955;-0.0162048108;0.0029831934;0.7794335455;1620231203.3927600384;-0.0537320400;5.2450738095;1.4840760190;0.7068037962;0.0062853821;0.0072039437;-0.7073450296;1009;1620231203.418812473;1009
1620231203.4096009731;1.4839207869;-1.5256855598;1.3197336090;0.6262837943;-0.0161398256;0.0030619028;0.7794220550;1620231203.4007899761;-0.0537286050;5.2450649986;1.4840754668;0.7068036546;0.0062742771;0.0071938675;-0.7073453722;1009;1620231203.418812473;1009
1620231203.4263210297;1.4830138489;-1.5257118320;1.3195113058;0.6263124662;-0.0158343857;0.0034463730;0.7794036755;1620231203.4096240997;-0.0537247913;5.2450657090;1.4840742092;0.7068040555;0.0062757888;0.0071933617;-0.7073449633;1010;1620231203.444783785;1010
1620231203.4430289268;1.4822658472;-1.5256827567;1.3193816924;0.6264921946;-0.0153344542;0.0036493531;0.7792682894;1620231203.4263319969;-0.0537482917;5.2450642399;1.4840836211;0.7068031854;0.0062648315;0.0071863379;-0.7073460012;1010;1620231203.444783785;1010
1620231203.4507999420;1.4818020225;-1.5257574503;1.3191681884;0.6264433353;-0.0154268840;0.0039741649;0.7793041543;1620231203.4430470467;-0.0537280387;5.2450558137;1.4840756672;0.7068088500;0.0062644866;0.0071855262;-0.7073403523;1010;1620231203.444783785;1010
1620231203.4675168991;1.4810998508;-1.5256743727;1.3189131549;0.6267331012;-0.0154055658;0.0042380708;0.7790701684;1620231203.4508109093;-0.0537266056;5.2450519486;1.4840715761;0.7068084986;0.0062656080;0.0071866039;-0.7073406826;1011;1620231203.496726545;1011
1620231203.4761369228;1.4806249005;-1.5256795010;1.3187037342;0.6267591443;-0.0155789052;0.0044787490;0.7790444233;1620231203.4675269127;-0.0537318083;5.2450402977;1.4840718058;0.7068077986;0.0062629172;0.0071815840;-0.7073414568;1011;1620231203.496726545;1011
1620231203.4843800068;1.4802001796;-1.5256389815;1.3185142805;0.6269263607;-0.0157772378;0.0046866576;0.7789046490;1620231203.4761478901;-0.0537342913;5.2450493023;1.4840692423;0.7068073180;0.0062744732;0.0071952790;-0.7073416955;1011;1620231203.496726545;1011
1620231203.4932410717;1.4797104920;-1.5256779762;1.3182825751;0.6267901749;-0.0162488370;0.0047697917;0.7790040443;1620231203.4843990803;-0.0537384717;5.2450503084;1.4840730735;0.7068071370;0.0062771542;0.0071974919;-0.7073418300;1012;1620231203.522697953;1012
1620231203.5011429787;1.4792687190;-1.5256581477;1.3180802493;0.6268222950;-0.0166464549;0.0048126925;0.7789695399;1620231203.4932670593;-0.0537324404;5.2450444020;1.4840735693;0.7068043026;0.0062666007;0.0071913159;-0.7073448186;1012;1620231203.522697953;1012
1620231203.5173590183;1.4784239024;-1.5256105133;1.3177432032;0.6269599334;-0.0173920893;0.0044975500;0.7788443549;1620231203.5011661053;-0.0537372874;5.2450510834;1.4840718936;0.7068041773;0.0062698365;0.0071948073;-0.7073448797;1012;1620231203.522697953;1012
1620231203.5263879299;1.4779855593;-1.5256291966;1.3175896875;0.6269966674;-0.0176727425;0.0042956629;0.7788096048;1620231203.5173809528;-0.0537265039;5.2450486694;1.4840716488;0.7068005810;0.0062605125;0.0071800099;-0.7073487061;1012;1620231203.522697953;1012
1620231203.5425128937;1.4771434401;-1.5256199736;1.3173340118;0.6272732362;-0.0177855893;0.0037447381;0.7785871415;1620231203.5264000893;-0.0537306490;5.2450412590;1.4840685071;0.7068027835;0.0062563764;0.0071756466;-0.7073465863;1013;1620231203.574640649;1013
1620231203.5508871078;1.4766689580;-1.5256429277;1.3172501405;0.6273042219;-0.0176863601;0.0035543908;0.7785653294;1620231203.5425369740;-0.0537286624;5.2450442968;1.4840625748;0.7068000439;0.0062540180;0.0071775694;-0.7073493251;1013;1620231203.574640649;1013
1620231203.5593070984;1.4762129619;-1.5256317976;1.3171275852;0.6274213919;-0.0175297789;0.0034490184;0.7784749246;1620231203.5508980751;-0.0537243917;5.2450373000;1.4840642967;0.7067997437;0.0062509976;0.0071673487;-0.7073497554;1013;1620231203.574640649;1013
1620231203.5674619675;1.4757982495;-1.5256289384;1.3169802142;0.6274609173;-0.0176000970;0.0032703822;0.7784422512;1620231203.5593190193;-0.0537294243;5.2450438025;1.4840665965;0.7068011099;0.0062576018;0.0071743796;-0.7073482605;1014;1620231203.600611905;1014
1620231203.5847609043;1.4748859244;-1.5256315926;1.3165970622;0.6274930389;-0.0178217111;0.0031274744;0.7784119036;1620231203.5674719810;-0.0537269554;5.2450435037;1.4840704145;0.7068001018;0.0062533954;0.0071718512;-0.7073493307;1014;1620231203.600611905;1014
1620231203.5925929546;1.4744759288;-1.5256202825;1.3163987118;0.6275760336;-0.0181560534;0.0029816296;0.7783378377;1620231203.5847709179;-0.0537472855;5.2450620473;1.4840763719;0.7068027993;0.0062713300;0.0071900920;-0.7073462914;1014;1620231203.600611905;1014
1620231203.6006269455;1.4739257346;-1.5256227671;1.3162187798;0.6274687327;-0.0182921517;0.0030256328;0.7784209865;1620231203.5926170349;-0.0537256843;5.2450749275;1.4840707562;0.7068021488;0.0062853475;0.0072022568;-0.7073466932;1015;1620231203.626583265;1015
1620231203.6091580391;1.4734868187;-1.5256052453;1.3160212443;0.6275349963;-0.0186233344;0.0027840596;0.7783606162;1620231203.6006379128;-0.0537215966;5.2450681392;1.4840691007;0.7068029964;0.0062837856;0.0072015499;-0.7073458673;1015;1620231203.626583265;1015
1620231203.6257588863;1.4724782669;-1.5255998101;1.3157109788;0.6277270468;-0.0187238041;0.0026145418;0.7782039180;1620231203.6091709137;-0.0537264026;5.2450759741;1.4840711084;0.7068033345;0.0062896991;0.0072122550;-0.7073453678;1015;1620231203.626583265;1015
1620231203.6338601112;1.4719997147;-1.5256164956;1.3155700242;0.6278583052;-0.0187412119;0.0023695723;0.7780983875;1620231203.6257700920;-0.0537410819;5.2450660929;1.4840678789;0.7067999097;0.0062799311;0.0072043212;-0.7073489576;1016;1620231203.678526009;1016
1620231203.6426200867;1.4715014699;-1.5256643360;1.3154189848;0.6277994829;-0.0187894714;0.0022129234;0.7781451458;1620231203.6338698864;-0.0537218612;5.2450719942;1.4840602154;0.7068015652;0.0062881344;0.0072100208;-0.7073471724;1016;1620231203.678526009;1016
1620231203.6506009102;1.4709946805;-1.5256735835;1.3153067615;0.6278584398;-0.0186248584;0.0020374217;0.7781020133;1620231203.6426310539;-0.0537260283;5.2450722511;1.4840667546;0.7068011406;0.0062825637;0.0072076934;-0.7073476700;1016;1620231203.678526009;1016
1620231203.6597530842;1.4705291940;-1.5256794239;1.3151880133;0.6279033496;-0.0185716292;0.0018322241;0.7780675556;1620231203.6506109238;-0.0537453830;5.2450690655;1.4840726729;0.7068028064;0.0062728142;0.0072016718;-0.7073461533;1016;1620231203.678526009;1016
1620231203.6759150028;1.4694748393;-1.5257141666;1.3149697490;0.6277943282;-0.0182803788;0.0016263457;0.7781628777;1620231203.6597640514;-0.0537167951;5.2450659990;1.4840665382;0.7068047397;0.0062728659;0.0071970450;-0.7073442681;1017;1620231203.704497369;1017
1620231203.6840779781;1.4689566403;-1.5257131091;1.3148461325;0.6277822331;-0.0181659551;0.0015497422;0.7781754713;1620231203.6759269238;-0.0537434060;5.2450724544;1.4840741737;0.7068014868;0.0062740491;0.0072023925;-0.7073474535;1017;1620231203.704497369;1017
1620231203.6936249733;1.4684441197;-1.5257303438;1.3147237279;0.6277243976;-0.0180388548;0.0015698570;0.7782250419;1620231203.6841089725;-0.0537281824;5.2450660017;1.4840700932;0.7068036157;0.0062735072;0.0071997385;-0.7073453582;1017;1620231203.704497369;1017
1620231203.7022089958;1.4679050460;-1.5257426805;1.3146214723;0.6276460130;-0.0178302714;0.0016152733;0.7782929748;1620231203.6936359406;-0.0537287569;5.2450692052;1.4840709937;0.7068026103;0.0062723777;0.0071986736;-0.7073463836;1017;1620231203.704497369;1017
1620231203.7103118896;1.4673763199;-1.5257646099;1.3144896152;0.6275623591;-0.0175817542;0.0018153462;0.7783656415;1620231203.7022440434;-0.0537248039;5.2450725764;1.4840713105;0.7068007019;0.0062706646;0.0071968956;-0.7073483239;1018;1620231203.730468705;1018
1620231203.7273409367;1.4663197600;-1.5257791528;1.3142700671;0.6274543378;-0.0170777741;0.0022336960;0.7784628535;1620231203.7103369236;-0.0537235370;5.2450776382;1.4840726607;0.7068036136;0.0062764761;0.0072000083;-0.7073453312;1018;1620231203.730468705;1018
1620231203.7355020046;1.4657734222;-1.5257968673;1.3141654546;0.6273703548;-0.0168562823;0.0024532412;0.7785347039;1620231203.7273640633;-0.0537303686;5.2450756673;1.4840750795;0.7068034837;0.0062763140;0.0071973646;-0.7073454893;1018;1620231203.730468705;1018
1620231203.7441570759;1.4651891234;-1.5258298367;1.3140184307;0.6273189070;-0.0167561185;0.0027029146;0.7785774949;1620231203.7355279922;-0.0537351530;5.2450689260;1.4840772637;0.7068026956;0.0062659000;0.0071899982;-0.7073464440;1019;1620231203.782411473;1019
1620231203.7515408993;1.4646713706;-1.5258269965;1.3138946912;0.6273284185;-0.0167357502;0.0027787417;0.7785700024;1620231203.7441790104;-0.0537389725;5.2450695784;1.4840784115;0.7068029801;0.0062692281;0.0071895944;-0.7073461344;1019;1620231203.782411473;1019
1620231203.7606298923;1.4641616375;-1.5258303975;1.3137507298;0.6273699423;-0.0167817210;0.0029630954;0.7785348736;1620231203.7515640259;-0.0537523213;5.2450775317;1.4840821667;0.7068015743;0.0062718753;0.0071924684;-0.7073474864;1019;1620231203.782411473;1019
1620231203.7766718864;1.4629990800;-1.5258722085;1.3135688465;0.6272203854;-0.0166737959;0.0030932520;0.7786571803;1620231203.7606689930;-0.0537372085;5.2450739442;1.4840768033;0.7068010484;0.0062722245;0.0071943916;-0.7073479892;1019;1620231203.782411473;1019
1620231203.7934570312;1.4618735672;-1.5259403446;1.3134640955;0.6272345251;-0.0162742175;0.0031421611;0.7786540484;1620231203.7766959667;-0.0537293096;5.2450686038;1.4840692772;0.7068034375;0.0062694816;0.0071886271;-0.7073456849;1020;1620231203.808382793;1020
1620231203.8017899990;1.4613205384;-1.5259886461;1.3133656264;0.6272299350;-0.0160950937;0.0032493170;0.7786610293;1620231203.7934679985;-0.0537379884;5.2450663045;1.4840753367;0.7068027042;0.0062677362;0.0071940370;-0.7073463782;1020;1620231203.808382793;1020
1620231203.8104610443;1.4607928694;-1.5260110619;1.3132855199;0.6273159754;-0.0157647080;0.0034917480;0.7785974240;1620231203.8018000126;-0.0537299462;5.2450676958;1.4840753326;0.7068011269;0.0062682433;0.0071905895;-0.7073479848;1021;1620231203.860325497;1021
1620231203.8267879486;1.4598039948;-1.5260164490;1.3130779107;0.6275661785;-0.0154343362;0.0041316979;0.7783992561;1620231203.8104829788;-0.0537327045;5.2450530484;1.4840727554;0.7068023960;0.0062575424;0.0071813407;-0.7073469054;1021;1620231203.860325497;1021
1620231203.8348970413;1.4591886946;-1.5260736459;1.3129359364;0.6274007297;-0.0154561778;0.0045694201;0.7785297369;1620231203.8268120289;-0.0537287012;5.2450539519;1.4840710009;0.7068006091;0.0062604931;0.0071824006;-0.7073486541;1021;1620231203.860325497;1021
1620231203.8432400227;1.4586457947;-1.5260805340;1.3128313821;0.6273737410;-0.0155139482;0.0048161502;0.7785488496;1620231203.8349199295;-0.0537358196;5.2450420321;1.4840690674;0.7068010180;0.0062490595;0.0071750097;-0.7073484216;1021;1620231203.860325497;1021
1620231203.8519530296;1.4580830748;-1.5260951093;1.3126428450;0.6274781543;-0.0158066548;0.0049649440;0.7784578761;1620231203.8432629108;-0.0537391591;5.2450490399;1.4840685030;0.7068015540;0.0062634254;0.0071894387;-0.7073476124;1022;1620231203.886296841;1022
1620231203.8602139950;1.4575905764;-1.5260906655;1.3124857015;0.6276731412;-0.0160231080;0.0050782525;0.7782955089;1620231203.8520100117;-0.0537354864;5.2450642436;1.4840689697;0.7067995177;0.0062733407;0.0071998397;-0.7073494535;1022;1620231203.886296841;1022
1620231203.8768599033;1.4564403044;-1.5261755175;1.3121726092;0.6275997251;-0.0167128800;0.0049598529;0.7783409694;1620231203.8602249622;-0.0537308321;5.2450754350;1.4840675700;0.7068007000;0.0062860324;0.0072117148;-0.7073480384;1022;1620231203.886296841;1022
1620231203.8849489689;1.4558588799;-1.5262134400;1.3120462638;0.6276586598;-0.0168607525;0.0049466978;0.7782903391;1620231203.8768799305;-0.0537247320;5.2450539888;1.4840627058;0.7067942411;0.0062735023;0.0071995688;-0.7073547273;1022;1620231203.886296841;1022
1620231203.8938291073;1.4552823985;-1.5262363517;1.3119327576;0.6277785947;-0.0167266645;0.0051640814;0.7781950829;1620231203.8849720955;-0.0537234288;5.2450559080;1.4840601091;0.7067937840;0.0062778088;0.0072034561;-0.7073551062;1023;1620231203.912268257;1023
1620231203.9015369415;1.4548061101;-1.5262170368;1.3118414804;0.6280647841;-0.0167572283;0.0050341821;0.7779643175;1620231203.8938410282;-0.0537212994;5.2450552081;1.4840621636;0.7067989474;0.0062806314;0.0071971116;-0.7073499864;1023;1620231203.912268257;1023
1620231203.9108788967;1.4543079741;-1.5262489510;1.3117326432;0.6281722310;-0.0168231950;0.0048463865;0.7778773302;1620231203.9015591145;-0.0537162090;5.2450653230;1.4840637352;0.7068028853;0.0062811312;0.0071994928;-0.7073460228;1023;1620231203.912268257;1023
1620231203.9271929264;1.4531269625;-1.5263610261;1.3114565325;0.6281800195;-0.0171287405;0.0044634616;0.7778666640;1620231203.9109020233;-0.0537056205;5.2450575355;1.4840688509;0.7068033078;0.0062721384;0.0071849649;-0.7073458282;1024;1620231203.964210977;1024
1620231203.9351360798;1.4525573199;-1.5263907295;1.3112764507;0.6282926983;-0.0173485424;0.0042859295;0.7777717815;1620231203.9272160530;-0.0537209340;5.2450547076;1.4840710791;0.7068017874;0.0062639665;0.0071868667;-0.7073474005;1024;1620231203.964210977;1024
1620231203.9438428879;1.4519686056;-1.5264170454;1.3110921933;0.6283230359;-0.0176345100;0.0041869481;0.7777413812;1620231203.9351580143;-0.0537218824;5.2450570424;1.4840642546;0.7068028558;0.0062713651;0.0071950310;-0.7073461844;1024;1620231203.964210977;1024
1620231203.9521241188;1.4513917185;-1.5264346563;1.3109668600;0.6282992804;-0.0178264626;0.0040979179;0.7777566705;1620231203.9438660145;-0.0537219743;5.2450590863;1.4840644131;0.7068021485;0.0062702845;0.0071925344;-0.7073469261;1024;1620231203.964210977;1024
1620231203.9599959850;1.4507671442;-1.5264659276;1.3107913734;0.6283753771;-0.0181787799;0.0039438322;0.7776878317;1620231203.9521639347;-0.0537212528;5.2450645559;1.4840623943;0.7068008084;0.0062767976;0.0071987271;-0.7073481444;1025;1620231203.990182201;1025
1620231203.9769179821;1.4496388763;-1.5264983027;1.3104338840;0.6285325394;-0.0189122785;0.0037373691;0.7775443426;1620231203.9600179195;-0.0537172496;5.2450652163;1.4840609600;0.7068033736;0.0062777985;0.0071970126;-0.7073455897;1025;1620231203.990182201;1025
1620231203.9936809540;1.4484950073;-1.5265121611;1.3102311758;0.6286970922;-0.0192114914;0.0035200301;0.7774049744;1620231203.9769420624;-0.0537243043;5.2450699559;1.4840650938;0.7068012938;0.0062797303;0.0071997519;-0.7073476229;1025;1620231203.990182201;1025
1620231204.0015571117;1.4478928261;-1.5265758250;1.3101026536;0.6287233612;-0.0193537366;0.0034358277;0.7773805780;1620231203.9937028885;-0.0537537446;5.2450691923;1.4840759529;0.7068033801;0.0062738025;0.0071961938;-0.7073456270;1026;1620231204.042124985;1026
1620231204.0102450848;1.4472501732;-1.5266089703;1.3100157019;0.6288150072;-0.0192449288;0.0032482408;0.7773099564;1620231204.0015780926;-0.0537367796;5.2450615688;1.4840748706;0.7068051973;0.0062667572;0.0071890582;-0.7073439462;1026;1620231204.042124985;1026
1620231204.0267429352;1.4460933177;-1.5266733059;1.3099084542;0.6289669525;-0.0190772454;0.0027202376;0.7771931752;1620231204.0102739334;-0.0537647732;5.2450666117;1.4840740310;0.7068068873;0.0062779341;0.0071994108;-0.7073420532;1026;1620231204.042124985;1026
1620231204.0352621078;1.4455441229;-1.5266796252;1.3097943166;0.6290564315;-0.0192268183;0.0025221847;0.7771177350;1620231204.0268030167;-0.0537353261;5.2450668327;1.4840677997;0.7068045668;0.0062770253;0.0072008390;-0.7073443653;1027;1620231204.068096305;1027
1620231204.0434000492;1.4448769194;-1.5267040277;1.3097263265;0.6290224818;-0.0191357064;0.0023554782;0.7771479871;1620231204.0352830887;-0.0537469709;5.2450670135;1.4840711704;0.7068030588;0.0062734633;0.0072017786;-0.7073458943;1027;1620231204.068096305;1027
1620231204.0515680313;1.4442130181;-1.5267321095;1.3096510201;0.6289657326;-0.0190048173;0.0023462093;0.7771971561;1620231204.0434229374;-0.0537379506;5.2450729065;1.4840657422;0.7068018579;0.0062781865;0.0072085041;-0.7073469839;1027;1620231204.068096305;1027
1620231204.0602850914;1.4436274062;-1.5267220726;1.3095778856;0.6290110721;-0.0190086986;0.0021115356;0.7771610399;1620231204.0515899658;-0.0537448887;5.2450733963;1.4840644635;0.7068004317;0.0062816020;0.0072112760;-0.7073483503;1027;1620231204.068096305;1027
1620231204.0775129795;1.4423379149;-1.5267376962;1.3094234119;0.6289820665;-0.0189780449;0.0020047020;0.7771855474;1620231204.0603139400;-0.0537461126;5.2450801844;1.4840624999;0.7068005361;0.0062857799;0.0072181131;-0.7073481392;1028;1620231204.094067689;1028
1620231204.0851850510;1.4416636525;-1.5267746785;1.3093442848;0.6289634438;-0.0189151860;0.0020825297;0.7772019462;1620231204.0775370598;-0.0537408281;5.2450698880;1.4840584223;0.7068023442;0.0062852816;0.0072123105;-0.7073463960;1028;1620231204.094067689;1028
1620231204.0928440094;1.4410525364;-1.5267954258;1.3092954232;0.6289313700;-0.0188722861;0.0019926181;0.7772291799;1620231204.0852279663;-0.0537372594;5.2450701729;1.4840615128;0.7068015977;0.0062804893;0.0072075612;-0.7073472329;1028;1620231204.094067689;1028
1620231204.1018540859;1.4404049367;-1.5268195124;1.3092416934;0.6289393995;-0.0186800659;0.0020477415;0.7772271828;1620231204.0928680897;-0.0537267982;5.2450622830;1.4840661676;0.7068004211;0.0062716036;0.0071945172;-0.7073486203;1029;1620231204.146010417;1029
1620231204.1099638939;1.4397751112;-1.5268213687;1.3091842231;0.6290494645;-0.0184998642;0.0021192113;0.7771422233;1620231204.1018629074;-0.0537272467;5.2450663157;1.4840742609;0.7068042580;0.0062710588;0.0071914655;-0.7073448222;1029;1620231204.146010417;1029
1620231204.1193039417;1.4390940976;-1.5268507995;1.3091592445;0.6289882067;-0.0182668713;0.0022185344;0.7771970377;1620231204.1099750996;-0.0537439934;5.2450664357;1.4840818163;0.7068048275;0.0062670270;0.0071897801;-0.7073443060;1029;1620231204.146010417;1029
1620231204.1350259781;1.4377509342;-1.5269168808;1.3090991576;0.6289781442;-0.0180796506;0.0022579203;0.7772094455;1620231204.1193289757;-0.0537277688;5.2450683552;1.4840763475;0.7068058610;0.0062703582;0.0071945559;-0.7073431952;1029;1620231204.146010417;1029
1620231204.1432890892;1.4370367490;-1.5269452701;1.3090788328;0.6289745934;-0.0178936732;0.0022575367;0.7772166241;1620231204.1350491047;-0.0537260763;5.2450642327;1.4840685581;0.7068048191;0.0062678177;0.0071932042;-0.7073442726;1030;1620231204.171981769;1030
1620231204.1523261070;1.4363882036;-1.5269862657;1.3090956733;0.6289204506;-0.0178542309;0.0021620875;0.7772616153;1620231204.1433119774;-0.0537210114;5.2450593428;1.4840680903;0.7068029864;0.0062640656;0.0071854966;-0.7073462155;1030;1620231204.171981769;1030
1620231204.1608200073;1.4357209479;-1.5270146178;1.3090875557;0.6289526754;-0.0178041053;0.0020309746;0.7772370431;1620231204.1523458958;-0.0537126068;5.2450551335;1.4840658702;0.7068014394;0.0062636659;0.0071811869;-0.7073478085;1030;1620231204.171981769;1030
1620231204.1687738895;1.4348779944;-1.5271674254;1.3090801991;0.6285467297;-0.0177189559;0.0021731207;0.7775669262;1620231204.1608440876;-0.0537184236;5.2450620416;1.4840673271;0.7068019209;0.0062722303;0.0071917926;-0.7073471439;1030;1620231204.171981769;1030
1620231204.1858510971;1.4334756968;-1.5272517144;1.3090318695;0.6286345662;-0.0172827230;0.0026105015;0.7775043890;1620231204.1688311100;-0.0537446685;5.2450618674;1.4840695699;0.7068042521;0.0062734030;0.0071949526;-0.7073447719;1031;1620231204.223924473;1031
1620231204.1973919868;1.4328305548;-1.5272690653;1.3090465477;0.6286807198;-0.0169418700;0.0028839096;0.7774736064;1620231204.1858980656;-0.0537214750;5.2450545514;1.4840671027;0.7068023767;0.0062708554;0.0071880385;-0.7073467387;1031;1620231204.223924473;1031
1620231204.2037940025;1.4322995322;-1.5272106162;1.3090926911;0.6289306780;-0.0166032665;0.0030283866;0.7772781759;1620231204.1974220276;-0.0537254570;5.2450550545;1.4840637714;0.7068013927;0.0062697490;0.0071879275;-0.7073477329;1031;1620231204.223924473;1031
1620231204.2096290588;1.4315076332;-1.5273062914;1.3090543615;0.6286623199;-0.0164135805;0.0034036938;0.7774977150;1620231204.2038159370;-0.0537376743;5.2450646737;1.4840682623;0.7068000907;0.0062810469;0.0071990912;-0.7073488201;1032;1620231204.249895817;1032
1620231204.2260439396;1.4300219294;-1.5274105972;1.3089823023;0.6285234699;-0.0162054397;0.0040560791;0.7776112008;1620231204.2096409798;-0.0537178055;5.2450571253;1.4840614351;0.7068007763;0.0062769217;0.0071933807;-0.7073482297;1032;1620231204.249895817;1032
1620231204.2342989445;1.4293516310;-1.5274350453;1.3089311529;0.6285371540;-0.0162854841;0.0042959478;0.7775971797;1620231204.2260560989;-0.0537421990;5.2450575956;1.4840697244;0.7068004339;0.0062734441;0.0071980499;-0.7073485553;1032;1620231204.249895817;1032
1620231204.2433669567;1.4286582661;-1.5274712526;1.3088566010;0.6285093111;-0.0163830391;0.0044788066;0.7776166036;1620231204.2343099117;-0.0537167442;5.2450601471;1.4840610209;0.7068008719;0.0062799339;0.0071991376;-0.7073480489;1032;1620231204.249895817;1032
1620231204.2508549690;1.4279579442;-1.5275074663;1.3088247200;0.6285230344;-0.0164184490;0.0044767742;0.7776047764;1620231204.2433800697;-0.0537186020;5.2450554823;1.4840647714;0.7068023005;0.0062751924;0.0071971278;-0.7073466840;1033;1620231204.275867185;1033
1620231204.2600140572;1.4272968977;-1.5275095134;1.3088386015;0.6286271389;-0.0164771321;0.0043643908;0.7775200167;1620231204.2508668900;-0.0537167726;5.2450480448;1.4840620397;0.7068017642;0.0062684137;0.0071881431;-0.7073473713;1033;1620231204.275867185;1033
1620231204.2769119740;1.4258667939;-1.5275877859;1.3088392596;0.6286690476;-0.0163235893;0.0044993127;0.7774886013;1620231204.2600369453;-0.0537344379;5.2450611234;1.4840667025;0.7068010328;0.0062818850;0.0072029712;-0.7073478318;1033;1620231204.275867185;1033
1620231204.2848579884;1.4252105027;-1.5276360029;1.3087806706;0.6287918301;-0.0162858183;0.0045938026;0.7773895442;1620231204.2769339085;-0.0537218994;5.2450376564;1.4840600372;0.7068027690;0.0062668369;0.0071851280;-0.7073464119;1034;1620231204.327809817;1034
1620231204.2933630943;1.4245647537;-1.5276644205;1.3087722292;0.6288558439;-0.0161967569;0.0045570018;0.7773398397;1620231204.2848799229;-0.0537162274;5.2450421601;1.4840593108;0.7068023038;0.0062694434;0.0071903119;-0.7073468010;1034;1620231204.327809817;1034
1620231204.3017098904;1.4238601804;-1.5277399840;1.3087113102;0.6288809620;-0.0161578880;0.0046929501;0.7773195189;1620231204.2933859825;-0.0537489126;5.2450569537;1.4840629462;0.7068010617;0.0062810310;0.0072029099;-0.7073478111;1034;1620231204.327809817;1034
1620231204.3108689785;1.4231571941;-1.5277687003;1.3086984863;0.6289737696;-0.0160553856;0.0047194486;0.7772463886;1620231204.3017320633;-0.0537220276;5.2450560259;1.4840652940;0.7067974996;0.0062709410;0.0072001265;-0.7073514883;1034;1620231204.327809817;1034
1620231204.3184270859;1.4224020270;-1.5278481420;1.3085940152;0.6290115427;-0.0161764079;0.0049695879;0.7772117512;1620231204.3108930588;-0.0537434746;5.2450739657;1.4840701680;0.7067962626;0.0062876335;0.0072178056;-0.7073523960;1035;1620231204.353781193;1035
1620231204.3366889954;1.4210120775;-1.5279028857;1.3085354739;0.6293828549;-0.0165824729;0.0050644653;0.7769019210;1620231204.3184499741;-0.0537513113;5.2450741695;1.4840702299;0.7067982896;0.0062897127;0.0072209718;-0.7073503198;1035;1620231204.353781193;1035
1620231204.3437941074;1.4203970398;-1.5279026219;1.3084484171;0.6294917133;-0.0170040814;0.0050399178;0.7768047653;1620231204.3366999626;-0.0537198940;5.2450796082;1.4840656554;0.7067948456;0.0062934797;0.0072168252;-0.7073537699;1035;1620231204.353781193;1035
1620231204.3602800369;1.4189529987;-1.5279670947;1.3082086929;0.6297950262;-0.0178430409;0.0051185478;0.7765395362;1620231204.3438050747;-0.0537391384;5.2450713552;1.4840676535;0.7067948533;0.0062800970;0.0072056309;-0.7073539953;1036;1620231204.405723881;1036
1620231204.3772859573;1.4175387312;-1.5280429338;1.3080193886;0.6299576648;-0.0186511451;0.0050268789;0.7763892103;1620231204.3603019714;-0.0537192519;5.2450645713;1.4840704852;0.7067987163;0.0062758356;0.0071962750;-0.7073502684;1036;1620231204.405723881;1036
1620231204.3850629330;1.4168749343;-1.5280642389;1.3079454515;0.6302156335;-0.0189296214;0.0048167809;0.7761744155;1620231204.3773100376;-0.0537401399;5.2450640496;1.4840860714;0.7068011337;0.0062749650;0.0071926942;-0.7073478970;1036;1620231204.405723881;1036
1620231204.3936998844;1.4161744080;-1.5281081941;1.3078890276;0.6303668121;-0.0191451484;0.0044687208;0.7760484367;1620231204.3850839138;-0.0537159198;5.2450638150;1.4840843901;0.7068036507;0.0062791541;0.0071892619;-0.7073453797;1037;1620231204.431695241;1037
1620231204.4017889500;1.4154974602;-1.5281275317;1.3078578960;0.6305303881;-0.0191307512;0.0041003306;0.7759179282;1620231204.3937408924;-0.0537117332;5.2450656520;1.4840891794;0.7068044985;0.0062825799;0.0071922872;-0.7073444713;1037;1620231204.431695241;1037
1620231204.4104299545;1.4147835829;-1.5281435076;1.3078259247;0.6307107847;-0.0190430437;0.0038346581;0.7757748152;1620231204.4018108845;-0.0537174705;5.2450665741;1.4840872959;0.7068025393;0.0062807075;0.0071931204;-0.7073464371;1037;1620231204.431695241;1037
1620231204.4272379875;1.4132663551;-1.5282559860;1.3077004549;0.6307157752;-0.0191072633;0.0034343979;0.7757710540;1620231204.4104530811;-0.0537099221;5.2450509629;1.4840852267;0.7068053989;0.0062690551;0.0071766293;-0.7073438507;1037;1620231204.431695241;1037
1620231204.4350700378;1.4125714659;-1.5282608856;1.3076041660;0.6309007050;-0.0192073041;0.0032467088;0.7756190036;1620231204.4272599220;-0.0537126150;5.2450539927;1.4840753964;0.7068032355;0.0062676258;0.0071819582;-0.7073459710;1038;1620231204.457666593;1038
1620231204.4436619282;1.4118541830;-1.5282877705;1.3075013769;0.6309395100;-0.0194453281;0.0031061453;0.7755820820;1620231204.4350910187;-0.0537182242;5.2450600223;1.4840748888;0.7068052779;0.0062708752;0.0071887038;-0.7073438328;1038;1620231204.457666593;1038
1620231204.4521241188;1.4110814436;-1.5283163031;1.3073878560;0.6308895068;-0.0196343906;0.0030159155;0.7756183502;1620231204.4436740875;-0.0537104477;5.2450560057;1.4840770607;0.7068030290;0.0062621514;0.0071803136;-0.7073462425;1038;1620231204.457666593;1038
1620231204.4675240517;1.4094850722;-1.5283905168;1.3072667611;0.6308375238;-0.0197813870;0.0028122573;0.7756576607;1620231204.4521470070;-0.0537068895;5.2450539411;1.4840724194;0.7068051443;0.0062691277;0.0071866821;-0.7073440023;1039;1620231204.509609361;1039
1620231204.4761629105;1.4087667034;-1.5283978866;1.3072016262;0.6309368485;-0.0198200432;0.0026706768;0.7755763834;1620231204.4675369263;-0.0537106488;5.2450485208;1.4840757527;0.7067982250;0.0062563638;0.0071762919;-0.7073511348;1039;1620231204.509609361;1039
1620231204.4844219685;1.4079378343;-1.5284556993;1.3071479349;0.6309304998;-0.0196724957;0.0027266959;0.7755851097;1620231204.4761829376;-0.0537035350;5.2450548153;1.4840738499;0.7067996219;0.0062665600;0.0071816533;-0.7073495943;1039;1620231204.509609361;1039
1620231204.4927070141;1.4072434331;-1.5284771295;1.3071321654;0.6309996257;-0.0197310090;0.0025073339;0.7755281252;1620231204.4844319820;-0.0537058885;5.2450595787;1.4840722281;0.7068011592;0.0062721001;0.0071852027;-0.7073479730;1039;1620231204.509609361;1039
1620231204.5009388924;1.4064948133;-1.5284995963;1.3070491333;0.6310956879;-0.0197725724;0.0023011725;0.7754495359;1620231204.4927189350;-0.0537119578;5.2450525650;1.4840744177;0.7068033510;0.0062642606;0.0071794345;-0.7073459110;1040;1620231204.535580697;1040
1620231204.5092990398;1.4055972993;-1.5285857761;1.3070448768;0.6309794637;-0.0193842069;0.0024384514;0.7755534945;1620231204.5009489059;-0.0537104914;5.2450603557;1.4840755139;0.7068045660;0.0062677003;0.0071833224;-0.7073446270;1040;1620231204.535580697;1040
1620231204.5263049603;1.4041326605;-1.5286197028;1.3070101713;0.6312097853;-0.0193210019;0.0020931039;0.7753686380;1620231204.5093240738;-0.0537061867;5.2450570380;1.4840740926;0.7068075408;0.0062687789;0.0071790218;-0.7073416886;1040;1620231204.535580697;1040
1620231204.5344190598;1.4033178517;-1.5286728151;1.3069992118;0.6311894282;-0.0192223219;0.0020504096;0.7753877764;1620231204.5263268948;-0.0537159385;5.2450515884;1.4840764905;0.7068069911;0.0062585013;0.0071751440;-0.7073423681;1040;1620231204.535580697;1040
1620231204.5430300236;1.4024703103;-1.5287253365;1.3069246024;0.6311945448;-0.0189902976;0.0021304695;0.7753891128;1620231204.5344309807;-0.0537352266;5.2450519569;1.4840763632;0.7068071433;0.0062614305;0.0071775579;-0.7073421656;1041;1620231204.561552049;1041
1620231204.5511209965;1.4016564118;-1.5287855121;1.3069011061;0.6312284796;-0.0188284679;0.0022176661;0.7753651896;1620231204.5430419445;-0.0537181538;5.2450547915;1.4840739011;0.7068035530;0.0062619272;0.0071767841;-0.7073457567;1041;1620231204.561552049;1041
1620231204.5592930317;1.4008265005;-1.5288505895;1.3068868047;0.6312365439;-0.0185708973;0.0024813891;0.7753640372;1620231204.5511319637;-0.0537188645;5.2450542436;1.4840682753;0.7068049713;0.0062666908;0.0071824240;-0.7073442401;1041;1620231204.561552049;1041
1620231204.5674340725;1.4000993140;-1.5288723804;1.3068617536;0.6313663794;-0.0183400910;0.0026208153;0.7752633535;1620231204.5593159199;-0.0537362234;5.2450632150;1.4840737422;0.7068038498;0.0062702826;0.0071869662;-0.7073452827;1042;1620231204.613494793;1042
1620231204.5840499401;1.3985291184;-1.5289211806;1.3068093205;0.6315901195;-0.0177570428;0.0029373368;0.7750935301;1620231204.5674440861;-0.0537231899;5.2450558083;1.4840646089;0.7068064313;0.0062707005;0.0071857609;-0.7073427118;1042;1620231204.613494793;1042
1620231204.5942499638;1.3977132303;-1.5289802182;1.3067886039;0.6316703919;-0.0174875127;0.0032400038;0.7750330350;1620231204.5840609074;-0.0537192389;5.2450576417;1.4840747761;0.7068024843;0.0062632419;0.0071808180;-0.7073467720;1042;1620231204.613494793;1042
1620231204.6024990082;1.3969147111;-1.5290352373;1.3067621674;0.6317664284;-0.0173336113;0.0034668411;0.7749572291;1620231204.5942718983;-0.0537225830;5.2450607129;1.4840711319;0.7068048321;0.0062685413;0.0071833798;-0.7073443530;1043;1620231204.639466121;1043
1620231204.6103858948;1.3961642015;-1.5290816363;1.3067002260;0.6319310238;-0.0173276396;0.0036745177;0.7748221938;1620231204.6025090218;-0.0537296840;5.2450550589;1.4840729531;0.7068072807;0.0062666398;0.0071820356;-0.7073419368;1043;1620231204.639466121;1043
1620231204.6186180115;1.3952914927;-1.5291502976;1.3066231449;0.6320569759;-0.0175286833;0.0035494565;0.7747155129;1620231204.6104240417;-0.0537239566;5.2450645907;1.4840728896;0.7068057929;0.0062711572;0.0071876332;-0.7073433265;1043;1620231204.639466121;1043
1620231204.6351850033;1.3936790421;-1.5292680396;1.3066418639;0.6322871570;-0.0174028214;0.0033794726;0.7745312596;1620231204.6186420918;-0.0537286748;5.2450564704;1.4840688067;0.7068057249;0.0062668336;0.0071821700;-0.7073434883;1043;1620231204.639466121;1043
1620231204.6442189217;1.3928510547;-1.5293234486;1.3066406802;0.6323913636;-0.0172528896;0.0034637787;0.7744491612;1620231204.6352069378;-0.0537245183;5.2450556343;1.4840635820;0.7068056255;0.0062658360;0.0071813994;-0.7073436043;1044;1620231204.665437521;1044
1620231204.6520049572;1.3920330825;-1.5293598989;1.3066375828;0.6325948538;-0.0170918260;0.0035015856;0.7742863549;1620231204.6442410946;-0.0537350006;5.2450615413;1.4840659119;0.7068054937;0.0062680929;0.0071865712;-0.7073436635;1044;1620231204.665437521;1044
1620231204.6608688831;1.3912378182;-1.5294281149;1.3066446968;0.6326074132;-0.0170554088;0.0035766897;0.7742765533;1620231204.6520268917;-0.0537311784;5.2450509879;1.4840647414;0.7068048576;0.0062589561;0.0071786594;-0.7073444604;1044;1620231204.665437521;1044
1620231204.6690859795;1.3904614928;-1.5294707072;1.3066650153;0.6326116006;-0.0169200202;0.0038212371;0.7742749343;1620231204.6608889103;-0.0537503642;5.2450606774;1.4840698488;0.7068061394;0.0062675382;0.0071867541;-0.7073430214;1044;1620231204.665437521;1044
1620231204.6855220795;1.3887079309;-1.5295930721;1.3066386824;0.6325704987;-0.0166451015;0.0043852415;0.7743114841;1620231204.6691091061;-0.0537543544;5.2450620795;1.4840708676;0.7068079148;0.0062715383;0.0071901742;-0.7073411771;1045;1620231204.717380137;1045
1620231204.6931760311;1.3878419835;-1.5298909792;1.3065004620;0.6328663252;-0.0172586589;0.0055371867;0.7740488956;1620231204.6855440140;-0.0537667305;5.2450569981;1.4840734563;0.7068055932;0.0062586249;0.0071838411;-0.7073436756;1045;1620231204.717380137;1045
1620231204.7013618946;1.3866651879;-1.5294847805;1.3065886709;0.6311764476;-0.0168048892;0.0044092548;0.7754446764;1620231204.6931989193;-0.0537430595;5.2450524811;1.4840645989;0.7068087163;0.0062623299;0.0071803729;-0.7073405573;1045;1620231204.717380137;1045
1620231204.7098948956;1.3858520836;-1.5294865194;1.3065512075;0.6312233875;-0.0168602405;0.0046294169;0.7754039824;1620231204.7013850212;-0.0537407946;5.2450592690;1.4840653756;0.7068071505;0.0062655249;0.0071842448;-0.7073420543;1046;1620231204.743351497;1046
1620231204.7266659737;1.3840162687;-1.5296392452;1.3064049641;0.6311487888;-0.0171542207;0.0050776401;0.7754554511;1620231204.7099070549;-0.0537390080;5.2450624151;1.4840629942;0.7068058234;0.0062704356;0.0071858980;-0.7073433201;1046;1620231204.743351497;1046
1620231204.7358810902;1.3832813954;-1.5296558304;1.3063590014;0.6312934116;-0.0173825993;0.0051125575;0.7753324032;1620231204.7266910076;-0.0537613185;5.2450620784;1.4840639905;0.7068050439;0.0062748044;0.0071908138;-0.7073440103;1046;1620231204.743351497;1046
1620231204.7432279587;1.3824242077;-1.5296857952;1.3063510055;0.6313766494;-0.0173386016;0.0052822501;0.7752644693;1620231204.7359049320;-0.0537290625;5.2450561006;1.4840581165;0.7068023979;0.0062721152;0.0071848215;-0.7073467390;1046;1620231204.743351497;1046
1620231204.7510359287;1.3816386371;-1.5297118918;1.3063793891;0.6314941858;-0.0172141616;0.0053423835;0.7751710940;1620231204.7432510853;-0.0537558487;5.2450557764;1.4840651276;0.7068043264;0.0062705501;0.0071872384;-0.7073448014;1047;1620231204.795294273;1047
1620231204.7601339817;1.3807011308;-1.5298043369;1.3062971406;0.6314318521;-0.0171576636;0.0055154711;0.7752219104;1620231204.7510600090;-0.0537298784;5.2450565805;1.4840695252;0.7068040771;0.0062677723;0.0071813040;-0.7073451353;1047;1620231204.795294273;1047
1620231204.7678000927;1.3799045149;-1.5298651928;1.3062515811;0.6315501244;-0.0173732797;0.0053601297;0.7751218476;1620231204.7601559162;-0.0537243122;5.2450495554;1.4840676875;0.7068046999;0.0062637356;0.0071761448;-0.7073446011;1047;1620231204.795294273;1047
1620231204.7763440609;1.3790484246;-1.5299093615;1.3062284161;0.6315794330;-0.0171904351;0.0054438193;0.7751014602;1620231204.7678389549;-0.0537294156;5.2450568103;1.4840699254;0.7068067677;0.0062700166;0.0071858960;-0.7073423803;1047;1620231204.795294273;1047
1620231204.7928979397;1.3773311178;-1.5300116746;1.3060777966;0.6317564757;-0.0173986010;0.0053307442;0.7749533065;1620231204.7763679028;-0.0537270887;5.2450587224;1.4840729011;0.7068059176;0.0062686908;0.0071842636;-0.7073432581;1048;1620231204.821265593;1048
1620231204.8012840748;1.3764325158;-1.5300363587;1.3059668990;0.6317628521;-0.0177551586;0.0052866291;0.7749403233;1620231204.7929089069;-0.0537213706;5.2450614516;1.4840757288;0.7068042673;0.0062661149;0.0071855830;-0.7073449165;1048;1620231204.821265593;1048
1620231204.8094720840;1.3756605132;-1.5300679909;1.3059336201;0.6319641137;-0.0179283261;0.0052567801;0.7747724185;1620231204.8013010025;-0.0537285605;5.2450619446;1.4840743832;0.7068044691;0.0062716771;0.0071913310;-0.7073446072;1048;1620231204.821265593;1048
1620231204.8177471161;1.3748200277;-1.5300626694;1.3058585331;0.6321032714;-0.0182050502;0.0052190029;0.7746526915;1620231204.8095080853;-0.0537456878;5.2450768921;1.4840803607;0.7068022851;0.0062800621;0.0072006125;-0.7073466207;1049;1620231204.847236873;1049
1620231204.8342061043;1.3730454967;-1.5301493340;1.3056313979;0.6322024959;-0.0191946281;0.0050966913;0.7745486390;1620231204.8177781105;-0.0537181096;5.2450570212;1.4840760919;0.7068021615;0.0062658201;0.0071838100;-0.7073470413;1049;1620231204.847236873;1049
1620231204.8428370953;1.3722139790;-1.5301723598;1.3056143783;0.6323448672;-0.0194051244;0.0048984493;0.7744284443;1620231204.8342230320;-0.0537194117;5.2450523661;1.4840771015;0.7068025565;0.0062614884;0.0071776863;-0.7073467472;1049;1620231204.847236873;1049
1620231204.8508949280;1.3713445663;-1.5301982061;1.3054807758;0.6325311758;-0.0197669630;0.0048239904;0.7742675945;1620231204.8428530693;-0.0537138978;5.2450533265;1.4840716021;0.7068023514;0.0062654952;0.0071818573;-0.7073468743;1049;1620231204.847236873;1049
1620231204.8592751026;1.3705087838;-1.5302428558;1.3055138856;0.6327530964;-0.0198373280;0.0043887106;0.7740870355;1620231204.8509099483;-0.0537409690;5.2450460800;1.4840748387;0.7068010251;0.0062513799;0.0071745817;-0.7073483982;1050;1620231204.899179617;1050
1620231204.8681640625;1.3696731176;-1.5302522686;1.3055957473;0.6328669664;-0.0198610041;0.0039198644;0.7739958514;1620231204.8592851162;-0.0537374545;5.2450391400;1.4840760237;0.7068031485;0.0062511859;0.0071721282;-0.7073463031;1050;1620231204.899179617;1050
1620231204.8842608929;1.3679029121;-1.5303045008;1.3055474649;0.6330610318;-0.0198709385;0.0036788888;0.7738380590;1620231204.8681809902;-0.0537238589;5.2450512433;1.4840728147;0.7068014262;0.0062655844;0.0071851796;-0.7073477642;1050;1620231204.899179617;1050
1620231204.8929419518;1.3670099473;-1.5303311206;1.3055172164;0.6331919351;-0.0198352947;0.0034873445;0.7737327529;1620231204.8842759132;-0.0537245786;5.2450453586;1.4840771078;0.7068002219;0.0062605132;0.0071805223;-0.7073490598;1050;1620231204.899179617;1050
1620231204.9009571075;1.3661968695;-1.5303331986;1.3055312539;0.6332852084;-0.0200553844;0.0031061529;0.7736523627;1620231204.8929591179;-0.0537446443;5.2450442824;1.4840859029;0.7067999882;0.0062567749;0.0071786265;-0.7073493457;1051;1620231204.925151025;1051
1620231204.9094729424;1.3653375073;-1.5303529032;1.3055143509;0.6333229430;-0.0201116736;0.0029341565;0.7736206830;1620231204.9009718895;-0.0537281733;5.2450453875;1.4840822840;0.7068032935;0.0062644837;0.0071832130;-0.7073459281;1051;1620231204.925151025;1051
1620231204.9181790352;1.3643647654;-1.5303753832;1.3054940629;0.6333369678;-0.0200589820;0.0029091932;0.7736106638;1620231204.9094901085;-0.0537249773;5.2450492891;1.4840874178;0.7067996291;0.0062629709;0.0071801980;-0.7073496337;1051;1620231204.925151025;1051
1620231204.9345989227;1.3625640481;-1.5304001214;1.3053817092;0.6333286667;-0.0202080432;0.0028687386;0.7736137313;1620231204.9181959629;-0.0537496385;5.2450511131;1.4840875610;0.7068052712;0.0062669128;0.0071839181;-0.7073439232;1052;1620231204.977093697;1052
1620231204.9429750443;1.3616777962;-1.5304173082;1.3053813578;0.6333882473;-0.0201760045;0.0027507216;0.7735662160;1620231204.9346098900;-0.0537297326;5.2450483403;1.4840824222;0.7068045762;0.0062703264;0.0071852876;-0.7073445736;1052;1620231204.977093697;1052
1620231204.9507811069;1.3607420911;-1.5304423057;1.3053623127;0.6333315421;-0.0200932256;0.0027148169;0.7736149235;1620231204.9429919720;-0.0537249952;5.2450587973;1.4840803424;0.7068051200;0.0062789296;0.0071921590;-0.7073438840;1052;1620231204.977093697;1052
1620231204.9592759609;1.3597025345;-1.5304753489;1.3053144068;0.6331937436;-0.0198360961;0.0029316299;0.7737335574;1620231204.9507908821;-0.0537233669;5.2450427439;1.4840784956;0.7068068456;0.0062696129;0.0071771351;-0.7073423949;1052;1620231204.977093697;1052
1620231204.9677319527;1.3588518536;-1.5304773564;1.3053289520;0.6332454714;-0.0199030804;0.0026704626;0.7736904478;1620231204.9592909813;-0.0537236893;5.2450422465;1.4840823434;0.7068046864;0.0062627353;0.0071742243;-0.7073446430;1053;1620231205.003065041;1053
1620231204.9842429161;1.3569905088;-1.5305334589;1.3053813463;0.6332475802;-0.0197732057;0.0024884307;0.7736926587;1620231204.9677479267;-0.0537222985;5.2450448470;1.4840806595;0.7068043144;0.0062667230;0.0071783503;-0.7073449375;1053;1620231205.003065041;1053
1620231204.9927320480;1.3559115192;-1.5305675459;1.3053777377;0.6330532918;-0.0196521348;0.0025501039;0.7738545214;1620231204.9842538834;-0.0537270040;5.2450624887;1.4840852872;0.7068020865;0.0062790070;0.0071944840;-0.7073468908;1053;1620231205.003065041;1053
1620231205.0009989738;1.3550255849;-1.5305804506;1.3054720424;0.6331502764;-0.0194756220;0.0022430712;0.7737805867;1620231204.9927489758;-0.0537271464;5.2450669675;1.4840854571;0.7068022895;0.0062819999;0.0072009112;-0.7073465960;1053;1620231205.003065041;1053
1620231205.0105791092;1.3541266502;-1.5305947285;1.3055409146;0.6331551540;-0.0194012684;0.0018935676;0.7737793976;1620231205.0010149479;-0.0537471492;5.2450704612;1.4840900761;0.7068034083;0.0062830540;0.0072031674;-0.7073454458;1054;1620231205.055007801;1054
1620231205.0184319019;1.3531163837;-1.5306626347;1.3055713688;0.6333339878;-0.0191684093;0.0018085321;0.7736390380;1620231205.0105950832;-0.0537476113;5.2450685295;1.4840917218;0.7068014945;0.0062766208;0.0071971507;-0.7073474765;1054;1620231205.055007801;1054
1620231205.0349910259;1.3512063524;-1.5307170438;1.3056591556;0.6333141453;-0.0186038134;0.0021888956;0.7736680814;1620231205.0184481144;-0.0537468902;5.2450746278;1.4840916818;0.7068015825;0.0062813280;0.0072057517;-0.7073472592;1054;1620231205.055007801;1054
1620231205.0440580845;1.3502019968;-1.5307342587;1.3056783532;0.6334090812;-0.0183491451;0.0023947306;0.7735958312;1620231205.0350060463;-0.0537398970;5.2450761992;1.4840854293;0.7067988317;0.0062815928;0.0072092082;-0.7073499702;1055;1620231205.080979145;1055
1620231205.0524749756;1.3491431867;-1.5307535234;1.3056979063;0.6331702220;-0.0180244858;0.0026034073;0.7737983007;1620231205.0440809727;-0.0537163701;5.2450657725;1.4840772688;0.7068018419;0.0062751794;0.0072036441;-0.7073470760;1055;1620231205.080979145;1055
1620231205.0608229637;1.3482085350;-1.5307807267;1.3057194658;0.6331454118;-0.0177834262;0.0029474763;0.7738229447;1620231205.0524990559;-0.0537134273;5.2450754740;1.4840781056;0.7068013369;0.0062780803;0.0072055661;-0.7073475353;1055;1620231205.080979145;1055
1620231205.0774600506;1.3463559185;-1.5307805133;1.3057523622;0.6333720889;-0.0175199098;0.0034698153;0.7736412671;1620231205.0608389378;-0.0537130614;5.2450664137;1.4840753621;0.7068045697;0.0062729096;0.0071980251;-0.7073444277;1055;1620231205.080979145;1055
1620231205.0859351158;1.3454278363;-1.5307666825;1.3057293698;0.6334623433;-0.0175495862;0.0035894344;0.7735661495;1620231205.0774850845;-0.0537163179;5.2450551378;1.4840753038;0.7068055755;0.0062606866;0.0071876228;-0.7073436367;1056;1620231205.106950497;1056
1620231205.0936250687;1.3442937033;-1.5308222047;1.3057042962;0.6332167458;-0.0176233786;0.0039799251;0.7737636135;1620231205.0859498978;-0.0537147753;5.2450631612;1.4840738436;0.7068084666;0.0062723773;0.0071970991;-0.7073405478;1056;1620231205.106950497;1056
1620231205.1018331051;1.3434470397;-1.5307869170;1.3057706575;0.6335083784;-0.0175406944;0.0039776411;0.7735267525;1620231205.0936450958;-0.0537144997;5.2450737922;1.4840773330;0.7068044130;0.0062748784;0.0072024976;-0.7073445212;1056;1620231205.106950497;1056
1620231205.1100149155;1.3424269056;-1.5308032403;1.3057528621;0.6334940140;-0.0175968017;0.0041873943;0.7735361352;1620231205.1018431187;-0.0537130662;5.2450738017;1.4840745136;0.7068036684;0.0062774182;0.0072069512;-0.7073451974;1056;1620231205.106950497;1056
1620231205.1179618835;1.3414144266;-1.5308387966;1.3058585482;0.6336358911;-0.0178670211;0.0041177807;0.7734141006;1620231205.1100320816;-0.0537137092;5.2450871998;1.4840745674;0.7068056050;0.0062933261;0.0072202247;-0.7073429855;1057;1620231205.158893217;1057
1620231205.1278679371;1.3403814214;-1.5308446753;1.3058926774;0.6336258168;-0.0177320329;0.0042356446;0.7734248241;1620231205.1179840565;-0.0537094402;5.2450831896;1.4840743931;0.7068051770;0.0062886415;0.0072112625;-0.7073435463;1057;1620231205.158893217;1057
1620231205.1429150105;1.3384897785;-1.5308963952;1.3059495165;0.6337438688;-0.0175272807;0.0042654227;0.7733325994;1620231205.1278839111;-0.0537048750;5.2450748826;1.4840732597;0.7068019443;0.0062828136;0.0072039639;-0.7073469027;1057;1620231205.158893217;1057
1620231205.1515610218;1.3375001157;-1.5308647755;1.3060050990;0.6338563146;-0.0171418876;0.0043927503;0.7732483636;1620231205.1429319382;-0.0537090194;5.2450741325;1.4840702972;0.7068026271;0.0062853252;0.0072077008;-0.7073461600;1058;1620231205.184864561;1058
1620231205.1613290310;1.3365468718;-1.5308686257;1.3060886118;0.6340280403;-0.0167498714;0.0046671776;0.7731145473;1620231205.1515760422;-0.0537079427;5.2450762944;1.4840672941;0.7068008360;0.0062884154;0.0072079156;-0.7073479201;1058;1620231205.184864561;1058
1620231205.1773829460;1.3346260105;-1.5309152266;1.3060000659;0.6341378529;-0.0167763685;0.0052774639;0.7730199774;1620231205.1613531113;-0.0537172731;5.2450735837;1.4840740097;0.7067984434;0.0062791722;0.0072035170;-0.7073504377;1058;1620231205.184864561;1058
1620231205.1943171024;1.3325352383;-1.5309502878;1.3059036820;0.6340083881;-0.0169440157;0.0058604714;0.7731183086;1620231205.1774420738;-0.0537115866;5.2450713636;1.4840775353;0.7067985564;0.0062747488;0.0071962182;-0.7073504384;1059;1620231205.236807257;1059
1620231205.2019329071;1.3315569756;-1.5309234330;1.3058736086;0.6340812596;-0.0172482627;0.0059483101;0.7730511440;1620231205.1943349838;-0.0537066004;5.2450713872;1.4840737245;0.7068025521;0.0062800991;0.0071957903;-0.7073464026;1059;1620231205.236807257;1059
1620231205.2105829716;1.3306199001;-1.5309016259;1.3058920344;0.6342274902;-0.0174811112;0.0058380196;0.7729267876;1620231205.2019419670;-0.0537159108;5.2450682793;1.4840749407;0.7068040354;0.0062792739;0.0071965486;-0.7073449201;1059;1620231205.236807257;1059
1620231205.2186379433;1.3296558962;-1.5309013910;1.3058587863;0.6343716165;-0.0178542794;0.0057568706;0.7728005793;1620231205.2105939388;-0.0537138974;5.2450605578;1.4840745245;0.7068035523;0.0062679202;0.0071874817;-0.7073455957;1059;1620231205.236807257;1059
1620231205.2269339561;1.3286058704;-1.5309370949;1.3057815838;0.6343065380;-0.0182907593;0.0057226576;0.7728440432;1620231205.2186479568;-0.0537134442;5.2450636210;1.4840737062;0.7068025619;0.0062713402;0.0071914336;-0.7073465148;1060;1620231205.262778577;1060
1620231205.2436978817;1.3267516152;-1.5309130032;1.3058225739;0.6348351244;-0.0184953370;0.0053129781;0.7724079619;1620231205.2269461155;-0.0537115895;5.2450659825;1.4840735010;0.7068020278;0.0062725881;0.0071892958;-0.7073470592;1060;1620231205.262778577;1060
1620231205.2512168884;1.3257193527;-1.5309109546;1.3058440690;0.6349396709;-0.0184210612;0.0052289315;0.7723243729;1620231205.2437109947;-0.0537140698;5.2450646890;1.4840732325;0.7068027584;0.0062722571;0.0071901057;-0.7073463239;1060;1620231205.262778577;1060
1620231205.2595999241;1.3247111968;-1.5309347735;1.3058609553;0.6350995534;-0.0183852809;0.0051247047;0.7721944548;1620231205.2512269020;-0.0537192404;5.2450637853;1.4840726508;0.7068048578;0.0062781894;0.0071946004;-0.7073441278;1060;1620231205.262778577;1060
1620231205.2761089802;1.3227717922;-1.5309391547;1.3058713451;0.6352718611;-0.0184377361;0.0046044351;0.7720547335;1620231205.2596108913;-0.0537128916;5.2450644695;1.4840736270;0.7068049345;0.0062781742;0.0071902163;-0.7073440958;1061;1620231205.314721265;1061
1620231205.2849419117;1.3217780977;-1.5309451843;1.3058513531;0.6354049779;-0.0186291989;0.0042800426;0.7719424513;1620231205.2761340141;-0.0537213926;5.2450535261;1.4840784672;0.7068036143;0.0062615103;0.0071784242;-0.7073456825;1061;1620231205.314721265;1061
1620231205.2938098907;1.3207654613;-1.5309285913;1.3058036284;0.6354968159;-0.0186734345;0.0042272526;0.7718660701;1620231205.2849531174;-0.0537267658;5.2450563967;1.4840741144;0.7068064262;0.0062665559;0.0071847636;-0.7073427637;1061;1620231205.314721265;1061
1620231205.3017370701;1.3197774810;-1.5308859225;1.3057710268;0.6356057997;-0.0188415283;0.0040234795;0.7717733319;1620231205.2938210964;-0.0537283472;5.2450600567;1.4840741480;0.7068077951;0.0062687443;0.0071837194;-0.7073413870;1062;1620231205.340692689;1062
1620231205.3111159801;1.3187744215;-1.5308930380;1.3056868316;0.6357182032;-0.0191415719;0.0039210581;0.7716738894;1620231205.3017599583;-0.0537271208;5.2450588906;1.4840742011;0.7068066326;0.0062657650;0.0071824764;-0.7073425877;1062;1620231205.340692689;1062
1620231205.3184950352;1.3177442814;-1.5308850055;1.3056127000;0.6357541169;-0.0195543815;0.0036718529;0.7716351771;1620231205.3111269474;-0.0537208659;5.2450575120;1.4840737026;0.7068068926;0.0062634089;0.0071802879;-0.7073423710;1062;1620231205.340692689;1062
1620231205.3346450329;1.3157310616;-1.5308217054;1.3054592090;0.6360551136;-0.0199357079;0.0035678672;0.7713778130;1620231205.3185200691;-0.0537168932;5.2450485299;1.4840722893;0.7068053135;0.0062587422;0.0071719830;-0.7073440744;1062;1620231205.340692689;1062
1620231205.3427870274;1.3147211041;-1.5308377311;1.3054303090;0.6361238281;-0.0201521685;0.0034521323;0.7713160495;1620231205.3346660137;-0.0537206135;5.2450571944;1.4840717584;0.7068034471;0.0062646317;0.0071799769;-0.7073458062;1063;1620231205.366664049;1063
1620231205.3509850502;1.3136467711;-1.5308329774;1.3053898139;0.6361679944;-0.0201629290;0.0032510954;0.7712802147;1620231205.3427989483;-0.0537246169;5.2450510819;1.4840689498;0.7068054208;0.0062625820;0.0071805663;-0.7073438461;1063;1620231205.366664049;1063
1620231205.3598129749;1.3125939509;-1.5308217796;1.3053962802;0.6362342691;-0.0200675293;0.0031077559;0.7712286243;1620231205.3509950638;-0.0537264642;5.2450508030;1.4840711130;0.7068054142;0.0062594917;0.0071776558;-0.7073439096;1063;1620231205.366664049;1063
1620231205.3763659000;1.3105664707;-1.5308120474;1.3054266930;0.6365005158;-0.0200337491;0.0023990141;0.7710123131;1620231205.3598239422;-0.0537287221;5.2450462723;1.4840733771;0.7068078559;0.0062594559;0.0071760065;-0.7073414868;1063;1620231205.366664049;1063
1620231205.3844640255;1.3095307249;-1.5307995823;1.3053992890;0.6365349802;-0.0199618919;0.0022549486;0.7709861588;1620231205.3763890266;-0.0537185536;5.2450378207;1.4840787787;0.7068047864;0.0062471854;0.0071613939;-0.7073448105;1064;1620231205.418606697;1064
1620231205.3930029869;1.3085050366;-1.5307898226;1.3053866127;0.6365969393;-0.0199052477;0.0021846524;0.7709366675;1620231205.3844749928;-0.0537101781;5.2450410207;1.4840720045;0.7068067847;0.0062599284;0.0071702139;-0.7073426118;1064;1620231205.418606697;1064
1620231205.4013190269;1.3075021326;-1.5307727613;1.3053573224;0.6366322927;-0.0199540561;0.0019713211;0.7709067864;1620231205.3930261135;-0.0537098334;5.2450547632;1.4840715338;0.7068071087;0.0062740963;0.0071856471;-0.7073420058;1064;1620231205.418606697;1064
1620231205.4176750183;1.3052857230;-1.5307873523;1.3052498837;0.6364943553;-0.0198323542;0.0021937072;0.7710232169;1620231205.4013299942;-0.0537090674;5.2450402596;1.4840701769;0.7068059558;0.0062604280;0.0071732996;-0.7073434043;1065;1620231205.444578105;1065
1620231205.4266130924;1.3042892375;-1.5307527964;1.3052622868;0.6366938766;-0.0197808792;0.0022973736;0.7708594855;1620231205.4176979065;-0.0537158880;5.2450521763;1.4840713540;0.7068041139;0.0062659972;0.0071826009;-0.7073451011;1065;1620231205.444578105;1065
1620231205.4433839321;1.3019845330;-1.5307690743;1.3051459933;0.6364713428;-0.0195527142;0.0026322270;0.7710479833;1620231205.4266350269;-0.0537120903;5.2450430094;1.4840712367;0.7068035275;0.0062635927;0.0071755799;-0.7073457796;1065;1620231205.444578105;1065
1620231205.4514400959;1.3009991820;-1.5307291935;1.3051472077;0.6366404912;-0.0195494988;0.0024947515;0.7709088651;1620231205.4434061050;-0.0537190384;5.2450416758;1.4840735219;0.7068030563;0.0062565775;0.0071737747;-0.7073463309;1066;1620231205.496520801;1066
1620231205.4595789909;1.2999596637;-1.5306898153;1.3051578392;0.6367308705;-0.0194244404;0.0024362857;0.7708375666;1620231205.4514620304;-0.0537058457;5.2450561271;1.4840722518;0.7068005224;0.0062704393;0.0071862830;-0.7073486131;1066;1620231205.496520801;1066
1620231205.4771180153;1.2977412199;-1.5306853419;1.3052244939;0.6366729829;-0.0191280120;0.0024051661;0.7708928896;1620231205.4595899582;-0.0537128290;5.2450459354;1.4840724094;0.7068040297;0.0062609994;0.0071758262;-0.7073452983;1066;1620231205.496520801;1066
1620231205.4850449562;1.2966266693;-1.5306937027;1.3052232953;0.6367690017;-0.0190425826;0.0024184358;0.7708156522;1620231205.4771289825;-0.0537339270;5.2450505658;1.4840800694;0.7067988889;0.0062543534;0.0071755761;-0.7073504964;1066;1620231205.496520801;1066
1620231205.4932200909;1.2955400685;-1.5306633909;1.3052177873;0.6367684363;-0.0189192720;0.0024579664;0.7708190307;1620231205.4850668907;-0.0537392444;5.2450594888;1.4840759637;0.7068046168;0.0062679427;0.0071869849;-0.7073445368;1067;1620231205.522492161;1067
1620231205.5014789104;1.2944629468;-1.5306419288;1.3052596568;0.6368759002;-0.0188125288;0.0025066787;0.7707326989;1620231205.4932310581;-0.0537052772;5.2450653068;1.4840704221;0.7068037393;0.0062714722;0.0071844867;-0.7073454077;1067;1620231205.522492161;1067
1620231205.5103869438;1.2933227965;-1.5306519409;1.3052933598;0.6368729876;-0.0187021612;0.0025661978;0.7707375958;1620231205.5015029907;-0.0537096589;5.2450569332;1.4840723683;0.7068030109;0.0062666159;0.0071827383;-0.7073461964;1067;1620231205.522492161;1067
1620231205.5272359848;1.2911203039;-1.5306376098;1.3053172949;0.6368929585;-0.0184052322;0.0028880317;0.7707271022;1620231205.5104119778;-0.0537355220;5.2450605234;1.4840767500;0.7068036092;0.0062656135;0.0071850736;-0.7073455838;1067;1620231205.522492161;1067
1620231205.5354828835;1.2899747900;-1.5306364837;1.3053605089;0.6369180425;-0.0182673908;0.0030078890;0.7707091943;1620231205.5272591114;-0.0537157509;5.2450576188;1.4840772943;0.7068024036;0.0062630691;0.0071805912;-0.7073468565;1068;1620231205.548463481;1068
1620231205.5436871052;1.2888960724;-1.5306143392;1.3053572161;0.6370197950;-0.0181316966;0.0031687403;0.7706276543;1620231205.5355119705;-0.0537222824;5.2450594955;1.4840797442;0.7068031276;0.0062637611;0.0071819752;-0.7073461128;1068;1620231205.548463481;1068
1620231205.5516951084;1.2877381683;-1.5306156482;1.3053853758;0.6369451641;-0.0180548433;0.0033264811;0.7706904794;1620231205.5437090397;-0.0537426548;5.2450685903;1.4840785148;0.7068051619;0.0062720628;0.0071913200;-0.7073439116;1068;1620231205.548463481;1068
1620231205.5605859756;1.2866600450;-1.5305975816;1.3054476091;0.6370378609;-0.0179688815;0.0034315407;0.7706154083;1620231205.5517170429;-0.0537452136;5.2450628874;1.4840776290;0.7068060980;0.0062677536;0.0071865444;-0.7073430629;1069;1620231205.600406257;1069
1620231205.5768430233;1.2843765653;-1.5306089400;1.3054080306;0.6371427370;-0.0179643287;0.0039490823;0.7705263269;1620231205.5606110096;-0.0537175882;5.2450659368;1.4840712996;0.7068029717;0.0062728585;0.0071889362;-0.7073461173;1069;1620231205.600406257;1069
1620231205.5846979618;1.2832303481;-1.5306091598;1.3054496823;0.6370947683;-0.0178168447;0.0042014599;0.7705680787;1620231205.5768671036;-0.0537326330;5.2450649914;1.4840718893;0.7068063342;0.0062703593;0.0071903478;-0.7073427651;1069;1620231205.600406257;1069
1620231205.5934619904;1.2821988692;-1.5305197199;1.3055109238;0.6374929663;-0.0176800404;0.0040721183;0.7702425280;1620231205.5847189426;-0.0537350512;5.2450787019;1.4840730264;0.7068055485;0.0062838506;0.0072038223;-0.7073432935;1069;1620231205.600406257;1069
1620231205.6014869213;1.2811034898;-1.5305510963;1.3054491325;0.6374545491;-0.0178292768;0.0041581906;0.7702704227;1620231205.5934898853;-0.0537318779;5.2450689799;1.4840749874;0.7068044317;0.0062680084;0.0071912393;-0.7073446780;1070;1620231205.626377537;1070
1620231205.6103110313;1.2798979377;-1.5305321956;1.3054878547;0.6373886729;-0.0174703056;0.0045502793;0.7703309438;1620231205.6015079021;-0.0537317878;5.2450706850;1.4840762494;0.7068050566;0.0062758489;0.0071942911;-0.7073439530;1070;1620231205.626377537;1070
1620231205.6270909309;1.2775774722;-1.5305381175;1.3054918274;0.6373637706;-0.0171071314;0.0052271544;0.7703554030;1620231205.6103351116;-0.0537288832;5.2450647010;1.4840743701;0.7068051490;0.0062714539;0.0071904466;-0.7073439387;1070;1620231205.626377537;1070
1620231205.6350140572;1.2764294933;-1.5305232002;1.3054457934;0.6375605841;-0.0170837725;0.0056423576;0.7701901129;1620231205.6271150112;-0.0537295412;5.2450612884;1.4840740162;0.7068043530;0.0062721280;0.0071913287;-0.7073447192;1070;1620231205.626377537;1070
1620231205.6434900761;1.2753252732;-1.5304771544;1.3054534636;0.6376075849;-0.0171594140;0.0057667888;0.7701486002;1620231205.6350359917;-0.0537285848;5.2450615982;1.4840736301;0.7068070803;0.0062736473;0.0071917857;-0.7073419759;1071;1620231205.678320305;1071
1620231205.6514899731;1.2741402161;-1.5305007598;1.3053634347;0.6375412500;-0.0173470018;0.0061487904;0.7701963571;1620231205.6435129642;-0.0537229707;5.2450587262;1.4840737744;0.7068059478;0.0062709501;0.0071877118;-0.7073431728;1071;1620231205.678320305;1071
1620231205.6600320339;1.2730477947;-1.5304744400;1.3052838121;0.6376849477;-0.0175355748;0.0063477066;0.7700715017;1620231205.6515130997;-0.0537261962;5.2450510379;1.4840752982;0.7068046050;0.0062636142;0.0071833449;-0.7073446239;1071;1620231205.678320305;1071
1620231205.6685049534;1.2719178194;-1.5304645587;1.3052772575;0.6377954595;-0.0176170623;0.0064564932;0.7699772104;1620231205.6600539684;-0.0537262447;5.2450503004;1.4840813371;0.7068018371;0.0062588954;0.0071804582;-0.7073474608;1072;1620231205.704291657;1072
1620231205.6852900982;1.2693237958;-1.5303165815;1.3052520644;0.6370514515;-0.0172802302;0.0066429608;0.7705989312;1620231205.6685140133;-0.0537252722;5.2450504473;1.4840759379;0.7068038400;0.0062651952;0.0071842889;-0.7073453648;1072;1620231205.704291657;1072
1620231205.6931660175;1.2683436052;-1.5302965128;1.3052426095;0.6373083447;-0.0175240782;0.0064599494;0.7703825345;1620231205.6853139400;-0.0537169335;5.2450608077;1.4840796717;0.7067979541;0.0062716936;0.0071913833;-0.7073511165;1072;1620231205.704291657;1072
1620231205.7017118931;1.2672891341;-1.5302943249;1.3052103306;0.6375435827;-0.0176429355;0.0064845166;0.7701849505;1620231205.6931900978;-0.0537431085;5.2450618228;1.4840805966;0.7068013321;0.0062752436;0.0071951199;-0.7073476716;1072;1620231205.704291657;1072
1620231205.7101409435;1.2662198809;-1.5302484590;1.3051428206;0.6378235025;-0.0176531262;0.0066790129;0.7699512567;1620231205.7017359734;-0.0537151552;5.2450476668;1.4840789831;0.7068000428;0.0062627518;0.0071783322;-0.7073492412;1073;1620231205.730262985;1073
1620231205.7265760899;1.2640662397;-1.5301631783;1.3051439412;0.6382663161;-0.0178607241;0.0065367300;0.7695806490;1620231205.7101659775;-0.0537091723;5.2450505986;1.4840744791;0.7068008410;0.0062705147;0.0071818769;-0.7073483389;1073;1620231205.730262985;1073
1620231205.7349460125;1.2628762694;-1.5301102382;1.3050222021;0.6382453089;-0.0181810422;0.0068033123;0.7695882602;1620231205.7265989780;-0.0537218390;5.2450527667;1.4840824692;0.7067970462;0.0062699098;0.0071863612;-0.7073520905;1073;1620231205.730262985;1073
1620231205.7431659698;1.2617959698;-1.5300966313;1.3049443403;0.6383426678;-0.0186571146;0.0068004253;0.7694961370;1620231205.7349689007;-0.0537093260;5.2450489343;1.4840771637;0.7067977977;0.0062700638;0.0071835043;-0.7073513673;1074;1620231205.782205721;1074
1620231205.7526121140;1.2607147679;-1.5300571716;1.3049212761;0.6386233796;-0.0189632529;0.0066626406;0.7692569033;1620231205.7431900501;-0.0537108774;5.2450496990;1.4840755647;0.7067954377;0.0062652586;0.0071854793;-0.7073537479;1074;1620231205.782205721;1074
1620231205.7597599030;1.2594759194;-1.5299956782;1.3048360432;0.6386465598;-0.0191890182;0.0067572464;0.7692312350;1620231205.7526359558;-0.0537307622;5.2450502285;1.4840810703;0.7067963900;0.0062697704;0.0071900760;-0.7073527097;1074;1620231205.782205721;1074
1620231205.7678809166;1.2584348485;-1.5299383831;1.3048536501;0.6390124250;-0.0193417659;0.0064785810;0.7689259033;1620231205.7597720623;-0.0537052898;5.2450394270;1.4840750754;0.7067979575;0.0062632142;0.0071776514;-0.7073513276;1074;1620231205.782205721;1074
1620231205.7853989601;1.2561607579;-1.5298631346;1.3048422306;0.6392927471;-0.0195606964;0.0059218051;0.7686918074;1620231205.7679100037;-0.0537050550;5.2450401661;1.4840780987;0.7067948037;0.0062629730;0.0071793404;-0.7073544640;1075;1620231205.808177097;1075
1620231205.7936871052;1.2550617266;-1.5298092703;1.3048701947;0.6395085415;-0.0196551635;0.0054707153;0.7685132212;1620231205.7854290009;-0.0537029655;5.2450415828;1.4840756417;0.7067968349;0.0062671392;0.0071821431;-0.7073523690;1075;1620231205.808177097;1075
1620231205.8017098904;1.2537303856;-1.5297544978;1.3048268399;0.6394435607;-0.0195193870;0.0055278623;0.7685703410;1620231205.7937109470;-0.0537292498;5.2450544142;1.4840774279;0.7067966604;0.0062751998;0.0071983451;-0.7073523073;1075;1620231205.808177097;1075
1620231205.8100349903;1.2526474891;-1.5296767100;1.3048017396;0.6396561381;-0.0196387697;0.0052654387;0.7683922298;1620231205.8017339706;-0.0537117323;5.2450429206;1.4840770201;0.7067949480;0.0062647063;0.0071840617;-0.7073542565;1075;1620231205.808177097;1075
1620231205.8268289566;1.2503257043;-1.5295383983;1.3047361545;0.6398690456;-0.0199024379;0.0049477313;0.7682102690;1620231205.8100581169;-0.0537120524;5.2450468714;1.4840748703;0.7067958814;0.0062669827;0.0071893258;-0.7073532502;1076;1620231205.860119689;1076
1620231205.8349490166;1.2491078609;-1.5294769526;1.3046897449;0.6398877113;-0.0201532436;0.0047947634;0.7681891525;1620231205.8268489838;-0.0537131062;5.2450438928;1.4840776444;0.7067949812;0.0062613251;0.0071825920;-0.7073542682;1076;1620231205.860119689;1076
1620231205.8434250355;1.2480079417;-1.5293707309;1.3046771140;0.6399877560;-0.0204023581;0.0044954264;0.7681010397;1620231205.8349719048;-0.0537158960;5.2450493905;1.4840732970;0.7067953184;0.0062697256;0.0071912657;-0.7073537687;1076;1620231205.860119689;1076
1620231205.8508930206;1.2468160649;-1.5293130547;1.3046334176;0.6400689769;-0.0205479016;0.0043420798;0.7680303607;1620231205.8434479237;-0.0537107769;5.2450449996;1.4840735444;0.7067975818;0.0062692916;0.0071859517;-0.7073515649;1076;1620231205.860119689;1076
1620231205.8594419956;1.2456078550;-1.5292302382;1.3046242244;0.6401662122;-0.0204483630;0.0042582036;0.7679524418;1620231205.8509099483;-0.0537111058;5.2450402839;1.4840731094;0.7067964884;0.0062580651;0.0071793908;-0.7073528235;1077;1620231205.886091097;1077
1620231205.8677740097;1.2444574748;-1.5291290527;1.3046620362;0.6403541595;-0.0203803201;0.0038575239;0.7677996565;1620231205.8594610691;-0.0537222258;5.2450478047;1.4840761229;0.7067986971;0.0062696351;0.0071905813;-0.7073504004;1077;1620231205.886091097;1077
1620231205.8841578960;1.2419794296;-1.5290209962;1.3046780719;0.6406233505;-0.0198161255;0.0037158832;0.7675905394;1620231205.8677890301;-0.0537145895;5.2450446997;1.4840745748;0.7067959683;0.0062637833;0.0071848547;-0.7073532371;1077;1620231205.886091097;1077
1620231205.8929700851;1.2408055313;-1.5289318719;1.3046803564;0.6406817301;-0.0197421207;0.0034805485;0.7675448229;1620231205.8841719627;-0.0537178440;5.2450455188;1.4840679557;0.7068002054;0.0062670285;0.0071833589;-0.7073489898;1078;1620231205.938033873;1078
1620231205.9013030529;1.2397212979;-1.5288608395;1.3047963144;0.6408985692;-0.0203189571;0.0026499115;0.7673520326;1620231205.8929810524;-0.0537169023;5.2450520038;1.4840695395;0.7067996418;0.0062702052;0.0071875503;-0.7073494822;1078;1620231205.938033873;1078
1620231205.9096040726;1.2384527439;-1.5287949575;1.3048150518;0.6408715305;-0.0200996000;0.0026275738;0.7673804684;1620231205.9013180733;-0.0537161033;5.2450562285;1.4840694231;0.7067997224;0.0062740718;0.0071923493;-0.7073493186;1078;1620231205.938033873;1078
1620231205.9266510010;1.2361062162;-1.5286047751;1.3048874116;0.6410376985;-0.0200273080;0.0023665457;0.7672444040;1620231205.9096200466;-0.0537192076;5.2450558308;1.4840739027;0.7067994043;0.0062650393;0.0071853296;-0.7073497879;1078;1620231205.938033873;1078
1620231205.9342360497;1.2347422733;-1.5285480361;1.3048202873;0.6408687672;-0.0198013926;0.0027171620;0.7673902169;1620231205.9266679287;-0.0537162284;5.2450578260;1.4840751315;0.7068003485;0.0062635184;0.0071840681;-0.7073488707;1079;1620231205.964005161;1079
1620231205.9430429935;1.2335137039;-1.5284643569;1.3048610608;0.6408909448;-0.0196752815;0.0026624801;0.7673751308;1620231205.9342510700;-0.0537185351;5.2450525111;1.4840726150;0.7068022264;0.0062643604;0.0071815716;-0.7073470121;1079;1620231205.964005161;1079
1620231205.9511940479;1.2324208588;-1.5283200274;1.3050075735;0.6410346052;-0.0193872074;0.0024071897;0.7672633033;1620231205.9430570602;-0.0537138302;5.2450661517;1.4840724758;0.7068008048;0.0062735062;0.0071887175;-0.7073482790;1079;1620231205.964005161;1079
1620231205.9594130516;1.2311875564;-1.5282232381;1.3049838105;0.6411577762;-0.0192768442;0.0024962076;0.7671628759;1620231205.9512090683;-0.0537181733;5.2450665292;1.4840711959;0.7068041304;0.0062766108;0.0071912788;-0.7073449023;1079;1620231205.964005161;1079
1620231205.9764530659;1.2286651112;-1.5280453336;1.3050968462;0.6411112208;-0.0189171607;0.0024141178;0.7672109981;1620231205.9594240189;-0.0537255980;5.2450679742;1.4840716888;0.7068025129;0.0062710245;0.0071931265;-0.7073465494;1080;1620231206.015947825;1080
1620231205.9841399193;1.2274666969;-1.5279581369;1.3051295241;0.6412057402;-0.0189090046;0.0025246536;0.7671318494;1620231205.9764690399;-0.0537243977;5.2450734220;1.4840723742;0.7068016754;0.0062742410;0.0071920060;-0.7073473691;1080;1620231206.015947825;1080
1620231205.9929289818;1.2262132634;-1.5278898832;1.3051596488;0.6412009537;-0.0188828625;0.0023662501;0.7671369991;1620231205.9841539860;-0.0537287824;5.2450755326;1.4840718979;0.7068039335;0.0062782064;0.0071994165;-0.7073450022;1080;1620231206.015947825;1080
1620231206.0011410713;1.2248749823;-1.5278069052;1.3052251287;0.6411630006;-0.0186145607;0.0025222424;0.7671747800;1620231205.9929409027;-0.0537293572;5.2450806704;1.4840752653;0.7068008154;0.0062739770;0.0071964711;-0.7073481854;1081;1620231206.041919281;1081
1620231206.0099520683;1.2236811234;-1.5277180090;1.3053456662;0.6411879635;-0.0185012086;0.0022128808;0.7671576135;1620231206.0011539459;-0.0537232509;5.2450695391;1.4840766545;0.7068021666;0.0062627599;0.0071816790;-0.7073470849;1081;1620231206.041919281;1081
1620231206.0177021027;1.2222805392;-1.5276334344;1.3052957247;0.6411945338;-0.0184112849;0.0024759868;0.7671534813;1620231206.0099658966;-0.0537508010;5.2450737649;1.4840811554;0.7068035742;0.0062670676;0.0071866629;-0.7073455897;1081;1620231206.041919281;1081
1620231206.0350980759;1.2197169876;-1.5274669448;1.3055578228;0.6412578191;-0.0174653262;0.0026136352;0.7671222463;1620231206.0177149773;-0.0537238054;5.2450638852;1.4840730165;0.7068073162;0.0062651287;0.0071794448;-0.7073419410;1081;1620231206.041919281;1081
1620231206.0519979000;1.2171987940;-1.5272651583;1.3056941850;0.6411766480;-0.0168169112;0.0029503857;0.7672033582;1620231206.0351119041;-0.0537190854;5.2450655866;1.4840699492;0.7068068646;0.0062645406;0.0071796323;-0.7073423955;1082;1620231206.067890577;1082
1620231206.0602259636;1.2159779512;-1.5271763708;1.3057631485;0.6412904923;-0.0166663809;0.0031009913;0.7671108916;1620231206.0520129204;-0.0537376902;5.2450745937;1.4840715439;0.7068078191;0.0062707125;0.0071906968;-0.7073412747;1082;1620231206.067890577;1082
1620231206.0761399269;1.2134411550;-1.5269793619;1.3058337598;0.6413305949;-0.0163245209;0.0034613205;0.7670831750;1620231206.0602400303;-0.0537322202;5.2450646781;1.4840735266;0.7068079045;0.0062586793;0.0071771113;-0.7073414339;1082;1620231206.067890577;1082
1620231206.0852260590;1.2120959199;-1.5268424536;1.3056205865;0.6414062149;-0.0171369338;0.0043327506;0.7669977968;1620231206.0761690140;-0.0537260846;5.2450724472;1.4840710767;0.7068086724;0.0062690824;0.0071864170;-0.7073404800;1083;1620231206.119833313;1083
1620231206.0942080021;1.2109544073;-1.5267162416;1.3056920683;0.6416757704;-0.0172559590;0.0041565685;0.7667706048;1620231206.0852398872;-0.0537478757;5.2450682827;1.4840735705;0.7068108440;0.0062653433;0.0071847902;-0.7073383596;1083;1620231206.119833313;1083
1620231206.1016569138;1.2096057070;-1.5266476655;1.3057127856;0.6416448135;-0.0172643661;0.0042398177;0.7667958652;1620231206.0942230225;-0.0537286456;5.2450726081;1.4840706129;0.7068102534;0.0062693576;0.0071876673;-0.7073388851;1083;1620231206.119833313;1083
1620231206.1096909046;1.2081845495;-1.5266059835;1.3057822909;0.6416012253;-0.0168910521;0.0044903588;0.7668392249;1620231206.1016709805;-0.0537272669;5.2450750777;1.4840719540;0.7068115877;0.0062742703;0.0071886517;-0.7073374981;1083;1620231206.119833313;1083
1620231206.1182329655;1.2070498325;-1.5265060096;1.3057067257;0.6418221726;-0.0173040718;0.0043575608;0.7666458632;1620231206.1097049713;-0.0537313944;5.2450741476;1.4840684766;0.7068120011;0.0062769926;0.0071910719;-0.7073370363;1084;1620231206.145804585;1084
1620231206.1345760822;1.2043612625;-1.5263838041;1.3058062701;0.6419085617;-0.0168069758;0.0049118967;0.7665812398;1620231206.1182489395;-0.0537339729;5.2450730786;1.4840715219;0.7068086171;0.0062676683;0.0071869909;-0.7073405419;1084;1620231206.145804585;1084
1620231206.1432969570;1.2031996438;-1.5262575448;1.3058017455;0.6420698360;-0.0168680833;0.0049887004;0.7664443269;1620231206.1346049309;-0.0537361498;5.2450698302;1.4840729395;0.7068091886;0.0062625878;0.0071845858;-0.7073400403;1084;1620231206.145804585;1084
1620231206.1510839462;1.2018649965;-1.5261643603;1.3059370315;0.6422470048;-0.0164797084;0.0051611845;0.7663031817;1620231206.1433119774;-0.0537329013;5.2450761784;1.4840649871;0.7068119232;0.0062785411;0.0071945457;-0.7073370651;1084;1620231206.145804585;1084
1620231206.1676928997;1.1992836432;-1.5259615842;1.3058122001;0.6423518544;-0.0171267259;0.0053831141;0.7661995775;1620231206.1510970592;-0.0537314360;5.2450697966;1.4840712247;0.7068068579;0.0062661251;0.0071863478;-0.7073423200;1085;1620231206.197747313;1085
1620231206.1762299538;1.1979724408;-1.5258555230;1.3058915572;0.6424090315;-0.0172551951;0.0052203258;0.7661498827;1620231206.1677079201;-0.0537365303;5.2450820470;1.4840695243;0.7068074294;0.0062784388;0.0071978016;-0.7073415233;1085;1620231206.197747313;1085
1620231206.1843020916;1.1966568418;-1.5257332639;1.3058209912;0.6424527559;-0.0175937135;0.0052592680;0.7661052524;1620231206.1762459278;-0.0537554603;5.2450783039;1.4840737034;0.7068091238;0.0062753008;0.0071966909;-0.7073398693;1085;1620231206.197747313;1085
1620231206.1928539276;1.1953374757;-1.5256392017;1.3057367187;0.6425559279;-0.0178515110;0.0053924265;0.7660118307;1620231206.1843171120;-0.0537273686;5.2450625823;1.4840695211;0.7068071490;0.0062650750;0.0071838716;-0.7073420636;1086;1620231206.223718745;1086
1620231206.2010550499;1.1940557595;-1.5255428567;1.3057519763;0.6426873429;-0.0179678423;0.0050847729;0.7659009603;1620231206.1928699017;-0.0537413492;5.2450715256;1.4840738532;0.7068049816;0.0062679770;0.0071927561;-0.7073441134;1086;1620231206.223718745;1086
1620231206.2177510262;1.1914768620;-1.5253767293;1.3057155373;0.6430138347;-0.0182900917;0.0048585138;0.7656207128;1620231206.2010691166;-0.0537327471;5.2450704826;1.4840675021;0.7068088228;0.0062763735;0.0071948635;-0.7073401792;1086;1620231206.223718745;1086
1620231206.2343831062;1.1889404005;-1.5251575253;1.3058563869;0.6433673914;-0.0180652382;0.0042934212;0.7653323548;1620231206.2177660465;-0.0537313244;5.2450692845;1.4840674754;0.7068083296;0.0062766310;0.0071927028;-0.7073406917;1087;1620231206.275661369;1087
1620231206.2427361012;1.1876510640;-1.5250655020;1.3057120989;0.6435122435;-0.0185183513;0.0044114177;0.7651990607;1620231206.2343959808;-0.0537398512;5.2450581442;1.4840726043;0.7068069998;0.0062677829;0.0071860333;-0.7073421667;1087;1620231206.275661369;1087
1620231206.2510089874;1.1863662263;-1.5249733179;1.3057598074;0.6436096552;-0.0186430066;0.0040716287;0.7651159859;1620231206.2427470684;-0.0537273399;5.2450545133;1.4840748325;0.7068026561;0.0062585527;0.0071763292;-0.7073466874;1087;1620231206.275661369;1087
1620231206.2596139908;1.1849736260;-1.5248872720;1.3055851444;0.6435773760;-0.0190509626;0.0043302524;0.7651316690;1620231206.2510230541;-0.0537388067;5.2450624623;1.4840767629;0.7068046219;0.0062701927;0.0071906694;-0.7073444744;1087;1620231206.275661369;1087
1620231206.2761750221;1.1823181854;-1.5246747795;1.3054180540;0.6438214276;-0.0196457061;0.0040376793;0.7649128792;1620231206.2596299648;-0.0537581315;5.2450561308;1.4840814456;0.7068036576;0.0062634682;0.0071841837;-0.7073455634;1088;1620231206.301632825;1088
1620231206.2842741013;1.1810318547;-1.5245564420;1.3054415202;0.6439647388;-0.0198550912;0.0035717668;0.7647891428;1620231206.2761909962;-0.0537381482;5.2450529056;1.4840744204;0.7068039700;0.0062677114;0.0071871248;-0.7073451838;1088;1620231206.301632825;1088
1620231206.2929151058;1.1797316339;-1.5244513088;1.3053597473;0.6442112529;-0.0200214623;0.0034299270;0.7645778170;1620231206.2842888832;-0.0537301326;5.2450349377;1.4840742470;0.7068018625;0.0062484876;0.0071688192;-0.7073476455;1088;1620231206.301632825;1088
1620231206.3006999493;1.1785294338;-1.5243831559;1.3053183848;0.6445383154;-0.0201143176;0.0032132463;0.7643006275;1620231206.2929310799;-0.0537271515;5.2450426606;1.4840684675;0.7068050632;0.0062601012;0.0071790689;-0.7073442407;1088;1620231206.301632825;1088
1620231206.3090679646;1.1770086271;-1.5242786711;1.3052673814;0.6444357230;-0.0199663794;0.0031876140;0.7643911183;1620231206.3007109165;-0.0537197806;5.2450474213;1.4840749655;0.7067987947;0.0062594570;0.0071811934;-0.7073504885;1089;1620231206.353575425;1089
1620231206.3180980682;1.1757972196;-1.5241595139;1.3052955777;0.6447009842;-0.0200349334;0.0026120401;0.7641677955;1620231206.3090798855;-0.0537188277;5.2450486144;1.4840673209;0.7068019289;0.0062650182;0.0071846185;-0.7073472727;1089;1620231206.353575425;1089
1620231206.3342440128;1.1730218849;-1.5239987210;1.3051992915;0.6447940709;-0.0203425962;0.0021047593;0.7640826885;1620231206.3181090355;-0.0537184398;5.2450390880;1.4840732218;0.7068009459;0.0062570492;0.0071753613;-0.7073484194;1089;1620231206.353575425;1089
1620231206.3428149223;1.1716812178;-1.5238575478;1.3051485109;0.6449350219;-0.0203221762;0.0018999624;0.7639648008;1620231206.3342540264;-0.0537119167;5.2450397151;1.4840738639;0.7067988794;0.0062589037;0.0071770035;-0.7073504512;1090;1620231206.379546785;1090
1620231206.3508839607;1.1702757572;-1.5237449450;1.3049740326;0.6449538268;-0.0205464101;0.0020188207;0.7639426226;1620231206.3428409100;-0.0537075343;5.2450310090;1.4840685222;0.7067979996;0.0062575862;0.0071748159;-0.7073513642;1090;1620231206.379546785;1090
1620231206.3596839905;1.1689031971;-1.5236151993;1.3048704978;0.6450337800;-0.0210056366;0.0016290270;0.7638635560;1620231206.3509099483;-0.0537074999;5.2450307000;1.4840712659;0.7067972478;0.0062473177;0.0071640647;-0.7073523151;1090;1620231206.379546785;1090
1620231206.3761570454;1.1661898844;-1.5233921009;1.3047840271;0.6451228274;-0.0212682060;0.0013591972;0.7637816138;1620231206.3596949577;-0.0537104113;5.2450414538;1.4840687709;0.7067989611;0.0062651077;0.0071797822;-0.7073502864;1090;1620231206.379546785;1090
1620231206.3845229149;1.1647354050;-1.5232704979;1.3046845245;0.6450489285;-0.0212472023;0.0013536528;0.7638446203;1620231206.3761680126;-0.0537318883;5.2450386197;1.4840766597;0.7067967904;0.0062584756;0.0071778176;-0.7073525341;1091;1620231206.405518169;1091
1620231206.3928089142;1.1633720954;-1.5231439781;1.3046135815;0.6451428874;-0.0211470641;0.0013531030;0.7637680443;1620231206.3845329285;-0.0537095712;5.2450299123;1.4840691419;0.7067974895;0.0062533894;0.0071702554;-0.7073519572;1091;1620231206.405518169;1091
1620231206.4009699821;1.1619948557;-1.5230469068;1.3047525374;0.6451642535;-0.0204372609;0.0011895696;0.7637695918;1620231206.3928320408;-0.0537372754;5.2450340724;1.4840755099;0.7067968757;0.0062578439;0.0071793553;-0.7073524388;1091;1620231206.405518169;1091
1620231206.4093170166;1.1605547636;-1.5229135213;1.3046708813;0.6452342882;-0.0201657832;0.0013262465;0.7637174186;1620231206.4009799957;-0.0537086702;5.2450309761;1.4840680805;0.7067971818;0.0062545421;0.0071727255;-0.7073522295;1091;1620231206.405518169;1091
1620231206.4270489216;1.1577122897;-1.5227255118;1.3046413403;0.6453814258;-0.0198285730;0.0010287718;0.7636023733;1620231206.4093279839;-0.0537169628;5.2450361466;1.4840709101;0.7067989698;0.0062577730;0.0071793369;-0.7073503472;1092;1620231206.457460921;1092
1620231206.4348111153;1.1562471369;-1.5226016788;1.3046038825;0.6454013843;-0.0194721394;0.0010998483;0.7635945778;1620231206.4270710945;-0.0537145850;5.2450450046;1.4840705341;0.7067975359;0.0062615657;0.0071839588;-0.7073516995;1092;1620231206.457460921;1092
1620231206.4441649914;1.1548356711;-1.5225142048;1.3046656795;0.6453950313;-0.0192567487;0.0008081798;0.7636057740;1620231206.4348320961;-0.0537168564;5.2450367376;1.4840709281;0.7067980904;0.0062585094;0.0071789810;-0.7073512230;1092;1620231206.457460921;1092
1620231206.4521489143;1.1533605383;-1.5224220858;1.3045780320;0.6453551271;-0.0189590326;0.0011934557;0.7636464435;1620231206.4441881180;-0.0537111940;5.2450410305;1.4840663458;0.7067989601;0.0062625753;0.0071775087;-0.7073503329;1092;1620231206.457460921;1092
1620231206.4594049454;1.1519434018;-1.5222734182;1.3046519299;0.6455192233;-0.0185320386;0.0011458679;0.7635182924;1620231206.4521720409;-0.0537181697;5.2450373505;1.4840683582;0.7067980094;0.0062563550;0.0071749098;-0.7073513644;1093;1620231206.483432265;1093
1620231206.4765338898;1.1490882052;-1.5220760623;1.3045735814;0.6454932524;-0.0177510342;0.0019513435;0.7635571715;1620231206.4594318867;-0.0537214158;5.2450538449;1.4840713897;0.7067966128;0.0062690166;0.0071913193;-0.7073524811;1093;1620231206.483432265;1093
1620231206.4847779274;1.1476172780;-1.5219941036;1.3045704849;0.6454735539;-0.0174896108;0.0021604411;0.7635792934;1620231206.4765570164;-0.0537222822;5.2450464224;1.4840631551;0.7068012059;0.0062660970;0.0071853391;-0.7073479782;1093;1620231206.483432265;1093
1620231206.4929680824;1.1459904457;-1.5218683896;1.3044830544;0.6452393215;-0.0171274135;0.0028038982;0.7637833514;1620231206.4848001003;-0.0537267389;5.2450503774;1.4840614487;0.7068013692;0.0062673875;0.0071880063;-0.7073477765;1094;1620231206.535375001;1094
1620231206.5019629002;1.1446369958;-1.5217166887;1.3044195826;0.6454406178;-0.0171985918;0.0029279247;0.7636111868;1620231206.4930078983;-0.0537190209;5.2450488825;1.4840612974;0.7067993201;0.0062658837;0.0071852447;-0.7073498654;1094;1620231206.535375001;1094
1620231206.5101680756;1.1430858464;-1.5215994445;1.3043597281;0.6453771504;-0.0171259936;0.0032907824;0.7636649820;1620231206.5019860268;-0.0537215989;5.2450406798;1.4840607840;0.7068009984;0.0062583860;0.0071752413;-0.7073483563;1094;1620231206.535375001;1094
1620231206.5264840126;1.1402739330;-1.5213892738;1.3043119715;0.6456223852;-0.0171201997;0.0034917311;0.7634569027;1620231206.5101919174;-0.0537277908;5.2450575779;1.4840563477;0.7068017312;0.0062762632;0.0071993360;-0.7073472208;1094;1620231206.535375001;1094
1620231206.5353169441;1.1386548639;-1.5213235560;1.3043068468;0.6455780461;-0.0168056912;0.0036760627;0.7635005185;1620231206.5265059471;-0.0537339928;5.2450537001;1.4840636826;0.7067987708;0.0062657907;0.0071920615;-0.7073503459;1095;1620231206.561346361;1095
1620231206.5430979729;1.1372087919;-1.5212105499;1.3042291034;0.6456546174;-0.0166617791;0.0040331964;0.7634371182;1620231206.5353410244;-0.0537291305;5.2450486388;1.4840625330;0.7068012978;0.0062637791;0.0071851246;-0.7073479090;1095;1620231206.561346361;1095
1620231206.5515720844;1.1359363639;-1.5210840833;1.3042432154;0.6460880826;-0.0166031218;0.0039977629;0.7630717815;1620231206.5431199074;-0.0537277653;5.2450548711;1.4840706679;0.7067980069;0.0062614816;0.0071881888;-0.7073511866;1095;1620231206.561346361;1095
1620231206.5596930981;1.1344131691;-1.5209810797;1.3042135266;0.6459756664;-0.0164075614;0.0042531096;0.7631697985;1620231206.5515959263;-0.0537285999;5.2450617343;1.4840689580;0.7067998670;0.0062628305;0.0071920551;-0.7073492768;1095;1620231206.561346361;1095
1620231206.5768089294;1.1314654106;-1.5208112277;1.3041123649;0.6463670217;-0.0162928532;0.0045438995;0.7628391502;1620231206.5597159863;-0.0537320600;5.2450663055;1.4840717019;0.7068026452;0.0062731870;0.0071992224;-0.7073463360;1096;1620231206.613289081;1096
1620231206.5850360394;1.1299251857;-1.5206198914;1.3040309120;0.6461226591;-0.0164255540;0.0046246209;0.7630428058;1620231206.5768198967;-0.0537231103;5.2450572593;1.4840722951;0.7068018263;0.0062574731;0.0071765484;-0.7073475239;1096;1620231206.613289081;1096
1620231206.5934979916;1.1285546717;-1.5205197091;1.3038487147;0.6466511719;-0.0167838687;0.0049082131;0.7625853874;1620231206.5850579739;-0.0537300523;5.2450572777;1.4840734326;0.7068044357;0.0062583556;0.0071753440;-0.7073449209;1096;1620231206.613289081;1096
1620231206.6018769741;1.1271252434;-1.5203639167;1.3038515986;0.6466931747;-0.0170832765;0.0046489529;0.7625447440;1620231206.5935170650;-0.0537261891;5.2450653003;1.4840727214;0.7068058181;0.0062672097;0.0071814455;-0.7073433992;1097;1620231206.639260321;1097
1620231206.6093800068;1.1255696476;-1.5202926160;1.3037278520;0.6467883830;-0.0171740067;0.0049052183;0.7624603465;1620231206.6019001007;-0.0537332185;5.2450588044;1.4840712207;0.7068066267;0.0062613811;0.0071783004;-0.7073426748;1097;1620231206.639260321;1097
1620231206.6268639565;1.1226913131;-1.5200460319;1.3036178932;0.6471373932;-0.0175378459;0.0045822080;0.7621578719;1620231206.6093900204;-0.0537383312;5.2450679513;1.4840733518;0.7068059863;0.0062642316;0.0071838691;-0.7073432329;1097;1620231206.639260321;1097
1620231206.6346859932;1.1213061118;-1.5198675067;1.3035827670;0.6473453475;-0.0176464021;0.0043358767;0.7619801872;1620231206.6268889904;-0.0537372392;5.2450649349;1.4840719901;0.7068075888;0.0062676523;0.0071859816;-0.7073415798;1097;1620231206.639260321;1097
1620231206.6433229446;1.1198939942;-1.5197791621;1.3035888911;0.6475786132;-0.0175649081;0.0041787408;0.7617847149;1620231206.6347079277;-0.0537353211;5.2450588665;1.4840759031;0.7068075356;0.0062602459;0.0071783255;-0.7073417764;1098;1620231206.665231689;1098
1620231206.6517529488;1.1182697322;-1.5196721776;1.3034512074;0.6475525893;-0.0173538307;0.0045480134;0.7618095591;1620231206.6433520317;-0.0537443610;5.2450710181;1.4840760953;0.7068092235;0.0062688342;0.0071883426;-0.7073399119;1098;1620231206.665231689;1098
1620231206.6612699032;1.1168694550;-1.5195173052;1.3034224057;0.6477614075;-0.0173579004;0.0042093164;0.7616338647;1620231206.6517760754;-0.0537571037;5.2450663975;1.4840747975;0.7068082125;0.0062686521;0.0071887935;-0.7073409192;1098;1620231206.665231689;1098
1620231206.6689651012;1.1154371108;-1.5194381349;1.3033836741;0.6478231441;-0.0175632304;0.0039257790;0.7615781609;1620231206.6612930298;-0.0537299544;5.2450618519;1.4840706769;0.7068056823;0.0062666896;0.0071845365;-0.7073435081;1098;1620231206.665231689;1098
1620231206.6858999729;1.1124507118;-1.5191844240;1.3031377650;0.6477617313;-0.0181163358;0.0036670233;0.7616187306;1620231206.6689879894;-0.0537304047;5.2450704860;1.4840652854;0.7068047499;0.0062718580;0.0071920111;-0.7073443181;1099;1620231206.717174169;1099
1620231206.6946520805;1.1108829779;-1.5190880164;1.3030589750;0.6478604049;-0.0181898042;0.0035118361;0.7615337772;1620231206.6859219074;-0.0537322267;5.2450688958;1.4840664416;0.7068068557;0.0062685152;0.0071911342;-0.7073422524;1099;1620231206.717174169;1099
1620231206.7028260231;1.1094324691;-1.5190085945;1.3029102404;0.6481794617;-0.0184558083;0.0034268701;0.7612562152;1620231206.6946830750;-0.0537337541;5.2450759853;1.4840687198;0.7068077309;0.0062737058;0.0072005569;-0.7073412360;1099;1620231206.717174169;1099
1620231206.7111349106;1.1079429194;-1.5188784133;1.3029156652;0.6483286894;-0.0186150503;0.0029754340;0.7611271491;1620231206.7028479576;-0.0537383410;5.2450809374;1.4840691775;0.7068079064;0.0062764967;0.0072026472;-0.7073410146;1100;1620231206.743145801;1100
1620231206.7198429108;1.1065002191;-1.5187082205;1.3028442520;0.6485818980;-0.0185959196;0.0026752829;0.7609129754;1620231206.7111570835;-0.0537340014;5.2450788764;1.4840674930;0.7068092392;0.0062756432;0.0071962403;-0.7073397556;1100;1620231206.743145801;1100
1620231206.7360060215;1.1034761600;-1.5187783870;1.3022572817;0.6491942291;-0.0201403939;0.0045178644;0.7603425586;1620231206.7198970318;-0.0537233587;5.2450783941;1.4840685921;0.7068075402;0.0062666867;0.0071879143;-0.7073416173;1100;1620231206.743145801;1100
1620231206.7454369068;1.1020959877;-1.5187114846;1.3021431602;0.6493924584;-0.0202633056;0.0043097226;0.7601712042;1620231206.7360279560;-0.0537303219;5.2450854566;1.4840691362;0.7068082354;0.0062718090;0.0071949079;-0.7073408062;1100;1620231206.743145801;1100
1620231206.7520370483;1.1001228210;-1.5184522987;1.3025312219;0.6488849029;-0.0189894067;0.0033088086;0.7606423845;1620231206.7454600334;-0.0537310905;5.2450898202;1.4840751499;0.7068041360;0.0062721115;0.0071953063;-0.7073448957;1101;1620231206.795088505;1101
1620231206.7626121044;1.0986696953;-1.5182896735;1.3025170358;0.6488843358;-0.0191913066;0.0027478324;0.7606400344;1620231206.7520480156;-0.0537294483;5.2450862224;1.4840731234;0.7068063297;0.0062737242;0.0071918409;-0.7073427246;1101;1620231206.795088505;1101
1620231206.7683169842;1.0971621872;-1.5181755987;1.3024423388;0.6489698077;-0.0192838852;0.0026169086;0.7605652320;1620231206.7626340389;-0.0537319312;5.2450974222;1.4840749572;0.7068046951;0.0062827524;0.0072002420;-0.7073441924;1101;1620231206.795088505;1101
1620231206.7854969501;1.0940882459;-1.5179356666;1.3023141872;0.6490567652;-0.0194418900;0.0023378373;0.7604879112;1620231206.7683429718;-0.0537345127;5.2450924517;1.4840754025;0.7068039844;0.0062781319;0.0072009781;-0.7073449361;1101;1620231206.795088505;1101
1620231206.7941029072;1.0924264306;-1.5177896653;1.3022589779;0.6492265241;-0.0191665156;0.0025361415;0.7603493494;1620231206.7855379581;-0.0537272535;5.2450935326;1.4840784033;0.7068029103;0.0062716339;0.0071911186;-0.7073461673;1102;1620231206.821059809;1102
1620231206.8025000095;1.0908639313;-1.5176525860;1.3021864024;0.6493509927;-0.0192159195;0.0023785559;0.7602423161;1620231206.7941279411;-0.0537256924;5.2451008970;1.4840784444;0.7068060495;0.0062831470;0.0072015097;-0.7073428226;1102;1620231206.821059809;1102
1620231206.8103899956;1.0893403326;-1.5176767755;1.3020537843;0.6496436509;-0.0195230319;0.0025815905;0.7599837587;1620231206.8025219440;-0.0537235404;5.2450888544;1.4840861268;0.7068042170;0.0062676970;0.0071877640;-0.7073449306;1102;1620231206.821059809;1102
1620231206.8271000385;1.0862026697;-1.5174338689;1.3020497954;0.6497903891;-0.0191916254;0.0024853477;0.7598670639;1620231206.8104128838;-0.0537297367;5.2450957769;1.4840876782;0.7068024305;0.0062674862;0.0071917624;-0.7073466770;1103;1620231206.847031177;1103
1620231206.8352799416;1.0845731343;-1.5172388378;1.3020352730;0.6497561234;-0.0189040084;0.0023107194;0.7599041249;1620231206.8271219730;-0.0537217987;5.2450953605;1.4840889332;0.7068028642;0.0062699452;0.0071902814;-0.7073462368;1103;1620231206.847031177;1103
1620231206.8437631130;1.0829730416;-1.5171700673;1.3020612873;0.6498435593;-0.0188862825;0.0020823264;0.7598304553;1620231206.8353009224;-0.0537266081;5.2450818966;1.4840895323;0.7068065493;0.0062591651;0.0071788172;-0.7073427665;1103;1620231206.847031177;1103
1620231206.8516049385;1.0813617641;-1.5169837586;1.3020664064;0.6497781991;-0.0186589493;0.0018968894;0.7598924512;1620231206.8437850475;-0.0537412109;5.2450880101;1.4840906272;0.7068063820;0.0062696495;0.0071881547;-0.7073427460;1103;1620231206.847031177;1103
1620231206.8604609966;1.0797213194;-1.5168910360;1.3020477028;0.6497347299;-0.0184851495;0.0017734117;0.7599341650;1620231206.8516230583;-0.0537180535;5.2450873508;1.4840851041;0.7068033434;0.0062634713;0.0071852882;-0.7073458661;1104;1620231206.898973913;1104
1620231206.8770399094;1.0765510589;-1.5166631041;1.3020579967;0.6498965811;-0.0179563242;0.0020347275;0.7598077811;1620231206.8604800701;-0.0537164396;5.2450832114;1.4840859272;0.7068030697;0.0062620104;0.0071798383;-0.7073462079;1104;1620231206.898973913;1104
1620231206.8939499855;1.0732902106;-1.5164764453;1.3020517003;0.6499503984;-0.0175553584;0.0027566243;0.7597688398;1620231206.8770630360;-0.0537204240;5.2450861971;1.4840866355;0.7068059605;0.0062733398;0.0071897676;-0.7073431180;1104;1620231206.898973913;1104
1620231206.9016458988;1.0717178788;-1.5163044873;1.3020809457;0.6501087333;-0.0170165968;0.0028845781;0.7596451471;1620231206.8939740658;-0.0537187323;5.2450706979;1.4840857595;0.7068069805;0.0062534644;0.0071723034;-0.7073424521;1105;1620231206.924945281;1105
1620231206.9098460674;1.0701143098;-1.5162561825;1.3019762868;0.6501841300;-0.0171426931;0.0033460797;0.7595758875;1620231206.9016559124;-0.0537122666;5.2450766210;1.4840818014;0.7068082057;0.0062660151;0.0071811198;-0.7073410273;1105;1620231206.924945281;1105
1620231206.9181048870;1.0685272824;-1.5162251735;1.3018994948;0.6504031837;-0.0172396393;0.0039436594;0.7593832636;1620231206.9098699093;-0.0537151365;5.2450846096;1.4840805079;0.7068078207;0.0062735570;0.0071894345;-0.7073412607;1105;1620231206.924945281;1105
1620231206.9357869625;1.0652955219;-1.5159879788;1.3019418018;0.6503970019;-0.0171253651;0.0039534816;0.7593910928;1620231206.9181280136;-0.0537078609;5.2450791157;1.4840831837;0.7068050961;0.0062651311;0.0071797178;-0.7073441566;1106;1620231206.976887929;1106
1620231206.9447329044;1.0634652544;-1.5156921101;1.3021333320;0.6502198744;-0.0165018941;0.0037378549;0.7595576547;1620231206.9358088970;-0.0537104011;5.2450758078;1.4840829019;0.7068051889;0.0062654377;0.0071823428;-0.7073440346;1106;1620231206.976887929;1106
1620231206.9524168968;1.0618050170;-1.5156213008;1.3020397789;0.6501737339;-0.0166304885;0.0040709564;0.7595926342;1620231206.9447560310;-0.0537135709;5.2450867204;1.4840800421;0.7068034964;0.0062768949;0.0071961574;-0.7073454837;1106;1620231206.976887929;1106
1620231206.9610090256;1.0601006627;-1.5154970532;1.3019845654;0.6503928998;-0.0166946761;0.0049838381;0.7593981334;1620231206.9524400234;-0.0537047266;5.2450813826;1.4840743017;0.7068028745;0.0062719572;0.0071893637;-0.7073462180;1106;1620231206.976887929;1106
1620231206.9685640335;1.0585632611;-1.5154014183;1.3018875804;0.6506380587;-0.0166508514;0.0051324113;0.7591880689;1620231206.9610331059;-0.0537154261;5.2450811524;1.4840767883;0.7068058047;0.0062730426;0.0071900283;-0.7073432737;1107;1620231207.002859257;1107
1620231206.9843459129;1.0555593757;-1.5151723269;1.3018218998;0.6510202895;-0.0164539496;0.0054339833;0.7588625185;1620231206.9685869217;-0.0537153885;5.2450670165;1.4840739426;0.7068032935;0.0062579747;0.0071768142;-0.7073460507;1107;1620231207.002859257;1107
1620231206.9933500290;1.0539340499;-1.5150254088;1.3017453796;0.6510506580;-0.0164730646;0.0056450782;0.7588345090;1620231206.9843659401;-0.0537172076;5.2450714688;1.4840659165;0.7068060135;0.0062717933;0.0071888872;-0.7073430878;1107;1620231207.002859257;1107
1620231207.0019600391;1.0524507329;-1.5148460741;1.3017342017;0.6513144872;-0.0167881347;0.0053331373;0.7586034241;1620231206.9933729172;-0.0537191138;5.2450624780;1.4840703458;0.7068013587;0.0062582474;0.0071767035;-0.7073479827;1107;1620231207.002859257;1107
1620231207.0103249550;1.0507061066;-1.5147605365;1.3016723983;0.6512457863;-0.0168380214;0.0058087264;0.7586578053;1620231207.0019819736;-0.0537125506;5.2450587082;1.4840700732;0.7068047498;0.0062618235;0.0071774332;-0.7073445552;1108;1620231207.054802033;1108
1620231207.0268659592;1.0474355776;-1.5144979497;1.3016131834;0.6511383901;-0.0177068078;0.0055556690;0.7587321005;1620231207.0103490353;-0.0537105594;5.2450606158;1.4840718515;0.7068027451;0.0062639242;0.0071803229;-0.7073465104;1108;1620231207.054802033;1108
1620231207.0350089073;1.0456431469;-1.5144358555;1.3015361434;0.6511901160;-0.0179409771;0.0055988720;0.7586818877;1620231207.0268878937;-0.0537221320;5.2450604918;1.4840778945;0.7068045300;0.0062603607;0.0071821180;-0.7073447402;1108;1620231207.054802033;1108
1620231207.0432779789;1.0440817936;-1.5142880928;1.3015710710;0.6515248116;-0.0179594540;0.0053405243;0.7583959103;1620231207.0350320339;-0.0537236921;5.2450513383;1.4840772831;0.7068060703;0.0062540444;0.0071765760;-0.7073433131;1108;1620231207.054802033;1108
1620231207.0518159866;1.0424534606;-1.5141664797;1.3015622737;0.6516789395;-0.0179809843;0.0053168241;0.7582631307;1620231207.0433020592;-0.0537205053;5.2450495391;1.4840759880;0.7068037276;0.0062545305;0.0071727626;-0.7073456884;1109;1620231207.080773361;1109
1620231207.0608119965;1.0407934429;-1.5140761170;1.3015449240;0.6518621481;-0.0179931282;0.0052175444;0.7581060377;1620231207.0518260002;-0.0537259517;5.2450527354;1.4840793028;0.7068027531;0.0062574663;0.0071781813;-0.7073465812;1109;1620231207.080773361;1109
1620231207.0685660839;1.0392460247;-1.5139338259;1.3015591428;0.6521232465;-0.0180302310;0.0051093808;0.7578813076;1620231207.0608360767;-0.0537270860;5.2450530414;1.4840782378;0.7068011023;0.0062555488;0.0071766002;-0.7073482638;1109;1620231207.080773361;1109
1620231207.0858860016;1.0360164419;-1.5137072508;1.3015904674;0.6525280772;-0.0179991534;0.0048418588;0.7575352766;1620231207.0685770512;-0.0537228365;5.2450531967;1.4840771034;0.7068030380;0.0062610173;0.0071800151;-0.7073462465;1110;1620231207.132716097;1110
1620231207.0946490765;1.0342348695;-1.5135840163;1.3015088685;0.6525116641;-0.0184052865;0.0047817244;0.7575400377;1620231207.0859069824;-0.0537154596;5.2450546742;1.4840801956;0.7068006415;0.0062584658;0.0071802424;-0.7073486615;1110;1620231207.132716097;1110
1620231207.1028180122;1.0327382265;-1.5133949400;1.3014864492;0.6527716956;-0.0188624478;0.0043620614;0.7573072652;1620231207.0946729183;-0.0537225074;5.2450523169;1.4840773096;0.7068034663;0.0062648007;0.0071851728;-0.7073457327;1110;1620231207.132716097;1110
1620231207.1098968983;1.0310801588;-1.5132590099;1.3014496552;0.6530217927;-0.0190502475;0.0041512100;0.7570881018;1620231207.1028389931;-0.0537217172;5.2450473553;1.4840811083;0.7068009637;0.0062519746;0.0071724873;-0.7073484757;1110;1620231207.132716097;1110
1620231207.1267580986;1.0277080386;-1.5130389463;1.3013913245;0.6532681673;-0.0195491522;0.0036589074;0.7568653411;1620231207.1099150181;-0.0537344365;5.2450607149;1.4840797410;0.7068021948;0.0062683992;0.0071907082;-0.7073469151;1111;1620231207.158687505;1111
1620231207.1353058815;1.0259016949;-1.5130068606;1.3013589148;0.6534925381;-0.0194079341;0.0038467290;0.7566743272;1620231207.1267740726;-0.0537293702;5.2450434884;1.4840796028;0.7068000975;0.0062541970;0.0071779547;-0.7073492660;1111;1620231207.158687505;1111
1620231207.1516900063;1.0226218911;-1.5127406191;1.3012931707;0.6538700538;-0.0195976339;0.0032102574;0.7563462036;1620231207.1353380680;-0.0537268510;5.2450484324;1.4840768260;0.7068006024;0.0062611042;0.0071835022;-0.7073486441;1111;1620231207.158687505;1111
1620231207.1602089405;1.0209412244;-1.5126187125;1.3012903242;0.6540522666;-0.0194982004;0.0029363938;0.7561923236;1620231207.1517059803;-0.0537284575;5.2450512283;1.4840761241;0.7068020019;0.0062637661;0.0071876589;-0.7073471799;1112;1620231207.184658785;1112
1620231207.1679360867;1.0192560543;-1.5124652036;1.3012743175;0.6540721841;-0.0196099277;0.0024842572;0.7561738273;1620231207.1602230072;-0.0537231032;5.2450605338;1.4840764108;0.7068030714;0.0062724525;0.0071924032;-0.7073459860;1112;1620231207.184658785;1112
1620231207.1847159863;1.0158489973;-1.5122268873;1.3012264526;0.6543890434;-0.0197678389;0.0021356080;0.7558965879;1620231207.1679489613;-0.0537283505;5.2450621459;1.4840739874;0.7068029357;0.0062751762;0.0071964120;-0.7073460567;1112;1620231207.184658785;1112
1620231207.1933488846;1.0140377346;-1.5120785328;1.3011668027;0.6543486608;-0.0197501067;0.0021819049;0.7559318770;1620231207.1847379208;-0.0537237218;5.2450598351;1.4840713807;0.7068041288;0.0062711359;0.0071910263;-0.7073449551;1112;1620231207.184658785;1112
1620231207.2014980316;1.0124589803;-1.5119300852;1.3011606013;0.6545432715;-0.0199283805;0.0019149669;0.7557594183;1620231207.1933639050;-0.0537265888;5.2450684426;1.4840697109;0.7068062463;0.0062768721;0.0071989815;-0.7073427074;1113;1620231207.236601529;1113
1620231207.2099509239;1.0106196964;-1.5118187865;1.3011253322;0.6544380530;-0.0197484516;0.0020396645;0.7558549287;1620231207.2015190125;-0.0537233608;5.2450636516;1.4840738001;0.7068025621;0.0062671933;0.0071880517;-0.7073465857;1113;1620231207.236601529;1113
1620231207.2269129753;1.0071381640;-1.5116378217;1.3010858385;0.6547292902;-0.0195253895;0.0024012360;0.7556074045;1620231207.2099649906;-0.0537219707;5.2450614170;1.4840712375;0.7068040380;0.0062649238;0.0071873326;-0.7073451384;1113;1620231207.236601529;1113
1620231207.2348830700;1.0053938112;-1.5115060970;1.3010724223;0.6547960467;-0.0194060299;0.0023833010;0.7555526872;1620231207.2269279957;-0.0537168257;5.2450616813;1.4840756318;0.7068042373;0.0062576911;0.0071827870;-0.7073450495;1114;1620231207.262572897;1114
1620231207.2432808876;1.0036736370;-1.5113894726;1.3010874573;0.6548592486;-0.0194308646;0.0022738329;0.7554976080;1620231207.2348968983;-0.0537175137;5.2450626231;1.4840749653;0.7068070065;0.0062651237;0.0071861485;-0.7073421824;1114;1620231207.262572897;1114
1620231207.2513329983;1.0017673339;-1.5112960409;1.3011279847;0.6547577586;-0.0191622152;0.0022866716;0.7555923889;1620231207.2432949543;-0.0537202664;5.2450599194;1.4840738577;0.7068064086;0.0062590561;0.0071819782;-0.7073428759;1114;1620231207.262572897;1114
1620231207.2598559856;1.0000522946;-1.5111562145;1.3011720217;0.6549580942;-0.0191181496;0.0021389691;0.7554202910;1620231207.2513461113;-0.0537176045;5.2450593078;1.4840736459;0.7068017682;0.0062574252;0.0071826008;-0.7073475210;1114;1620231207.262572897;1114
1620231207.2680521011;0.9982553434;-1.5110328508;1.3012116817;0.6550057158;-0.0190474527;0.0020035974;0.7553811570;1620231207.2598710060;-0.0537140907;5.2450547519;1.4840769313;0.7068040439;0.0062582862;0.0071771267;-0.7073452949;1115;1620231207.314515545;1115
1620231207.2849578857;0.9947031717;-1.5106954120;1.3013620856;0.6552058335;-0.0186229281;0.0017545179;0.7552187921;1620231207.2680699825;-0.0537270955;5.2450596917;1.4840742536;0.7068015255;0.0062606682;0.0071845161;-0.7073477153;1115;1620231207.314515545;1115
1620231207.2933049202;0.9930513506;-1.5106041622;1.3014160278;0.6555681158;-0.0185254683;0.0018722058;0.7549064495;1620231207.2849709988;-0.0537340512;5.2450603723;1.4840764901;0.7067978587;0.0062604303;0.0071802976;-0.7073514242;1115;1620231207.314515545;1115
1620231207.3015220165;0.9911430932;-1.5104698686;1.3014873973;0.6554895153;-0.0181684910;0.0020159312;0.7549830046;1620231207.2933208942;-0.0537216222;5.2450547592;1.4840717812;0.7068007028;0.0062627679;0.0071818247;-0.7073485461;1115;1620231207.314515545;1115
1620231207.3098580837;0.9893613495;-1.5103636428;1.3015088054;0.6555942127;-0.0179643239;0.0024109647;0.7548958197;1620231207.3015348911;-0.0537192264;5.2450422802;1.4840746496;0.7067950856;0.0062441664;0.0071626196;-0.7073545181;1116;1620231207.340486873;1116
1620231207.3269760609;0.9858167078;-1.5101814449;1.3015314798;0.6559881262;-0.0176737996;0.0030664556;0.7545580243;1620231207.3098731041;-0.0537168750;5.2450518958;1.4840741226;0.7067963186;0.0062534591;0.0071698366;-0.7073531309;1116;1620231207.340486873;1116
1620231207.3350679874;0.9839951933;-1.5100351751;1.3015851929;0.6558901575;-0.0175492644;0.0031769562;0.7546456331;1620231207.3269910812;-0.0537272256;5.2450457132;1.4840759650;0.7068027230;0.0062523571;0.0071688911;-0.7073467507;1116;1620231207.340486873;1116
1620231207.3430960178;0.9821180701;-1.5099361518;1.3015798403;0.6559346634;-0.0176343251;0.0034732337;0.7546036606;1620231207.3350820541;-0.0537504229;5.2450479760;1.4840815675;0.7068031023;0.0062555403;0.0071706510;-0.7073463257;1116;1620231207.340486873;1116
1620231207.3513729572;0.9803313620;-1.5098227333;1.3016572389;0.6561167999;-0.0176296505;0.0033819477;0.7544458250;1620231207.3431100845;-0.0537252503;5.2450389500;1.4840771173;0.7068036107;0.0062528521;0.0071663531;-0.7073458851;1117;1620231207.392429569;1117
1620231207.3598670959;0.9784066030;-1.5097161157;1.3016625395;0.6560978234;-0.0174141268;0.0037873591;0.7544654069;1620231207.3513879776;-0.0537361566;5.2450461326;1.4840778654;0.7068048066;0.0062585331;0.0071739385;-0.7073445630;1117;1620231207.392429569;1117
1620231207.3765199184;0.9747313259;-1.5095570647;1.3017116347;0.6563303887;-0.0172337674;0.0042161809;0.7542649680;1620231207.3598809242;-0.0537285768;5.2450302338;1.4840768773;0.7068044189;0.0062390757;0.0071534757;-0.7073453295;1117;1620231207.392429569;1117
1620231207.3934760094;0.9711560086;-1.5092730367;1.3018245287;0.6561430547;-0.0168798073;0.0045557266;0.7544339661;1620231207.3765459061;-0.0537323447;5.2450354959;1.4840747359;0.7068076460;0.0062440218;0.0071634330;-0.7073419604;1118;1620231207.418400977;1118
1620231207.4016950130;0.9694168056;-1.5090692167;1.3020943179;0.6559410784;-0.0172316374;0.0037179709;0.7546062212;1620231207.3934879303;-0.0537311517;5.2450459285;1.4840752442;0.7068097344;0.0062531631;0.0071662939;-0.7073397639;1118;1620231207.418400977;1118
1620231207.4100511074;0.9675499372;-1.5089896728;1.3021294545;0.6559302379;-0.0169928281;0.0040478453;0.7546193622;1620231207.4017090797;-0.0537358539;5.2450598643;1.4840761323;0.7068078213;0.0062618862;0.0071799557;-0.7073414598;1118;1620231207.418400977;1118
1620231207.4264891148;0.9639214145;-1.5087973145;1.3022052545;0.6565044899;-0.0171320341;0.0044282698;0.7541145395;1620231207.4100649357;-0.0537652075;5.2450578370;1.4840806213;0.7068081776;0.0062620650;0.0071799781;-0.7073411019;1119;1620231207.444372273;1119
1620231207.4347720146;0.9620709878;-1.5086494920;1.3022296184;0.6564951511;-0.0174351555;0.0045471196;0.7541150149;1620231207.4265038967;-0.0537389320;5.2450655562;1.4840810255;0.7068064938;0.0062704712;0.0071841515;-0.7073426677;1119;1620231207.444372273;1119
1620231207.4432580471;0.9602197124;-1.5085086969;1.3022492004;0.6565082083;-0.0174370780;0.0047428164;0.7541023979;1620231207.4347860813;-0.0537388274;5.2450591298;1.4840769985;0.7068061310;0.0062680224;0.0071824074;-0.7073430696;1119;1620231207.444372273;1119
1620231207.4518809319;0.9584093420;-1.5084477170;1.3022330658;0.6566116314;-0.0177107161;0.0049394019;0.7540047071;1620231207.4432721138;-0.0537637289;5.2450533310;1.4840850867;0.7068046509;0.0062582512;0.0071778222;-0.7073446817;1119;1620231207.444372273;1119
1620231207.4600501060;0.9564138210;-1.5083296734;1.3022629481;0.6566450409;-0.0175910149;0.0052611620;0.7539762374;1620231207.4518959522;-0.0537365577;5.2450554617;1.4840780731;0.7068025587;0.0062646137;0.0071806390;-0.7073466873;1120;1620231207.496315065;1120
1620231207.4762630463;0.9527555416;-1.5081291429;1.3023570832;0.6568376731;-0.0178928402;0.0052545607;0.7538013711;1620231207.4600639343;-0.0537366903;5.2450561999;1.4840797389;0.7068002182;0.0062630439;0.0071828721;-0.7073490172;1120;1620231207.496315065;1120
1620231207.4851989746;0.9508869951;-1.5080244566;1.3023852314;0.6569559873;-0.0176111799;0.0055817013;0.7537025419;1620231207.4762771130;-0.0537552522;5.2450430494;1.4840838339;0.7067977693;0.0062495655;0.0071673558;-0.7073517408;1120;1620231207.496315065;1120
1620231207.4930028915;0.9490466565;-1.5078587314;1.3025003322;0.6569236814;-0.0175577837;0.0051932218;0.7537347222;1620231207.4852139950;-0.0537297409;5.2450357833;1.4840784891;0.7067984777;0.0062446051;0.0071573626;-0.7073511780;1120;1620231207.496315065;1120
1620231207.5016369820;0.9472146654;-1.5078379562;1.3025004773;0.6571550258;-0.0175547621;0.0055342119;0.7535306728;1620231207.4930169582;-0.0537360970;5.2450495147;1.4840754380;0.7068038908;0.0062616030;0.0071729733;-0.7073454607;1121;1620231207.522286369;1121
1620231207.5100328922;0.9453947728;-1.5077240591;1.3026003545;0.6574178145;-0.0174783082;0.0053590483;0.7533044581;1620231207.5016601086;-0.0537298179;5.2450431271;1.4840774792;0.7068010960;0.0062508941;0.0071622089;-0.7073484571;1121;1620231207.522286369;1121
1620231207.5276648998;0.9416094201;-1.5075512758;1.3026268642;0.6580307853;-0.0174041091;0.0056915137;0.7527683504;1620231207.5100579262;-0.0537358808;5.2450557377;1.4840782167;0.7068024398;0.0062630814;0.0071738608;-0.7073468885;1121;1620231207.522286369;1121
1620231207.5353250504;0.9397533232;-1.5073522371;1.3026630871;0.6578030748;-0.0174645160;0.0057161253;0.7529657571;1620231207.5276789665;-0.0537304581;5.2450513761;1.4840785323;0.7068049516;0.0062552370;0.0071682404;-0.7073445050;1122;1620231207.574229065;1122
1620231207.5443689823;0.9379003366;-1.5072519893;1.3026660686;0.6579048809;-0.0177084020;0.0056356318;0.7528717154;1620231207.5353391171;-0.0537266270;5.2450522387;1.4840759542;0.7068034541;0.0062560539;0.0071684323;-0.7073459921;1122;1620231207.574229065;1122
1620231207.5517289639;0.9359959220;-1.5071389385;1.3026080275;0.6579291429;-0.0179205484;0.0057617675;0.7528445384;1620231207.5443830490;-0.0537314296;5.2450606223;1.4840709006;0.7068052901;0.0062608327;0.0071775470;-0.7073440229;1122;1620231207.574229065;1122
1620231207.5610780716;0.9341792612;-1.5070168605;1.3026179956;0.6581399006;-0.0181090791;0.0056296405;0.7526567874;1620231207.5517430305;-0.0537593945;5.2450626869;1.4840707487;0.7068068001;0.0062606958;0.0071819309;-0.7073424707;1122;1620231207.574229065;1122
1620231207.5774750710;0.9304609322;-1.5067626152;1.3026281361;0.6584226652;-0.0181299749;0.0055114621;0.7524098097;1620231207.5610918999;-0.0537406449;5.2450630606;1.4840681531;0.7068089527;0.0062631451;0.0071839653;-0.7073402774;1123;1620231207.600200481;1123
1620231207.5856020451;0.9286547820;-1.5067479636;1.3026683193;0.6590670460;-0.0179518261;0.0056117886;0.7518489666;1620231207.5774900913;-0.0537225090;5.2450710131;1.4840663425;0.7068112983;0.0062668741;0.0071841213;-0.7073378990;1123;1620231207.600200481;1123
1620231207.6017110348;0.9249769778;-1.5064970458;1.3027022071;0.6592833000;-0.0177943527;0.0052867315;0.7516654454;1620231207.5856239796;-0.0537221550;5.2450720096;1.4840673252;0.7068126771;0.0062690564;0.0071873219;-0.7073364693;1123;1620231207.600200481;1123
1620231207.6106929779;0.9231289739;-1.5063785275;1.3026810547;0.6594130017;-0.0177920888;0.0052837651;0.7515517391;1620231207.6017239094;-0.0537256435;5.2450739595;1.4840672435;0.7068130907;0.0062638648;0.0071855541;-0.7073361200;1124;1620231207.652143233;1124
1620231207.6190729141;0.9212337638;-1.5062801618;1.3026484497;0.6594364274;-0.0178730654;0.0052378348;0.7515295848;1620231207.6107079983;-0.0537248319;5.2450797086;1.4840691810;0.7068147733;0.0062704523;0.0071886097;-0.7073343492;1124;1620231207.652143233;1124
1620231207.6352651119;0.9174613077;-1.5060459512;1.3025732181;0.6594901799;-0.0181809387;0.0052224116;0.7514751376;1620231207.6190950871;-0.0537300004;5.2450855471;1.4840672058;0.7068108269;0.0062783594;0.0071941438;-0.7073381662;1124;1620231207.652143233;1124
1620231207.6436870098;0.9155426667;-1.5058928538;1.3025945358;0.6595122661;-0.0182138607;0.0048718206;0.7514573118;1620231207.6352870464;-0.0537259190;5.2450746273;1.4840678115;0.7068040995;0.0062691677;0.0071823626;-0.7073450899;1124;1620231207.652143233;1124
1620231207.6518740654;0.9136292497;-1.5058189512;1.3025420440;0.6599309212;-0.0186749369;0.0053255175;0.7510752724;1620231207.6437020302;-0.0537170036;5.2450655983;1.4840701110;0.7067980592;0.0062609931;0.0071722939;-0.7073513000;1125;1620231207.678114553;1125
1620231207.6605479717;0.9118456909;-1.5056994140;1.3025371797;0.6602789879;-0.0189680474;0.0050643228;0.7507637604;1620231207.6518869400;-0.0537194838;5.2450677251;1.4840694782;0.7067980340;0.0062658376;0.0071758331;-0.7073512465;1125;1620231207.678114553;1125
1620231207.6777279377;0.9080233316;-1.5054609663;1.3025729050;0.6603811475;-0.0190538034;0.0045368318;0.7506751026;1620231207.6605648994;-0.0537436770;5.2450723475;1.4840778577;0.7067960354;0.0062618976;0.0071788843;-0.7073532474;1125;1620231207.678114553;1125
1620231207.6849000454;0.9061684540;-1.5053253700;1.3026576803;0.6605696985;-0.0190590862;0.0041062185;0.7505115347;1620231207.6777389050;-0.0537406972;5.2450802297;1.4840777046;0.7067993916;0.0062751809;0.0071940412;-0.7073496221;1126;1620231207.730057273;1126
1620231207.6944510937;0.9042949409;-1.5051938848;1.3026647339;0.6605642955;-0.0189224943;0.0038631220;0.7505210370;1620231207.6849129200;-0.0537483997;5.2450777798;1.4840756915;0.7068027197;0.0062739983;0.0071924167;-0.7073463236;1126;1620231207.730057273;1126
1620231207.7017819881;0.9023813858;-1.5051035375;1.3027019699;0.6609974594;-0.0188263886;0.0037301698;0.7501426608;1620231207.6944661140;-0.0537267426;5.2450683061;1.4840734836;0.7068016706;0.0062681552;0.0071834420;-0.7073475149;1126;1620231207.730057273;1126
1620231207.7102990150;0.9003524300;-1.5048812669;1.3027590507;0.6606218618;-0.0192577069;0.0030244845;0.7504656880;1620231207.7018320560;-0.0537435067;5.2450721868;1.4840810184;0.7068016039;0.0062722171;0.0071888890;-0.7073474902;1126;1620231207.730057273;1126
1620231207.7269799709;0.8965871408;-1.5046325237;1.3025659131;0.6611129505;-0.0195972204;0.0032269423;0.7500234680;1620231207.7103149891;-0.0537541217;5.2450703760;1.4840816070;0.7068011466;0.0062679353;0.0071895099;-0.7073479788;1127;1620231207.756028641;1127
1620231207.7441630363;0.8927545978;-1.5043201698;1.3025076670;0.6614522844;-0.0198276160;0.0031051203;0.7497186801;1620231207.7269949913;-0.0537248041;5.2450593405;1.4840824795;0.7067945043;0.0062529950;0.0071783927;-0.7073548610;1127;1620231207.756028641;1127
1620231207.7522370815;0.8907451402;-1.5042739315;1.3024268288;0.6615587810;-0.0200943343;0.0032109998;0.7496171600;1620231207.7441780567;-0.0537339803;5.2450548891;1.4840775980;0.7067955913;0.0062581659;0.0071862742;-0.7073536491;1128;1620231207.781999921;1128
1620231207.7610070705;0.8887871245;-1.5041127664;1.3024751638;0.6614891876;-0.0201110656;0.0029117652;0.7496793457;1620231207.7522740364;-0.0537286541;5.2450494741;1.4840777693;0.7067903291;0.0062523630;0.0071823681;-0.7073589981;1128;1620231207.781999921;1128
1620231207.7771201134;0.8848802691;-1.5039148365;1.3025179280;0.6619716451;-0.0200947781;0.0023241780;0.7492558570;1620231207.7610180378;-0.0537244132;5.2450490447;1.4840729051;0.7067929918;0.0062656476;0.0071884269;-0.7073561585;1128;1620231207.781999921;1128
1620231207.7849249840;0.8829567902;-1.5038071642;1.3025508955;0.6622187076;-0.0199092478;0.0020712262;0.7490431998;1620231207.7771339417;-0.0537573013;5.2450515135;1.4840791996;0.7067933926;0.0062654548;0.0071931309;-0.7073557119;1128;1620231207.781999921;1128
1620231207.7941548824;0.8811179145;-1.5036643722;1.3025710722;0.6624468823;-0.0199196458;0.0017496487;0.7488419557;1620231207.7849400043;-0.0537296540;5.2450564776;1.4840764378;0.7067916438;0.0062688385;0.0071937747;-0.7073574228;1129;1620231207.833942633;1129
1620231207.8017890453;0.8790966409;-1.5035800447;1.3026611490;0.6625412043;-0.0196625100;0.0016872012;0.7487654450;1620231207.7941689491;-0.0537209974;5.2450435361;1.4840777940;0.7067917842;0.0062573411;0.0071807854;-0.7073575163;1129;1620231207.833942633;1129
1620231207.8110499382;0.8771812729;-1.5034095548;1.3026189855;0.6626999455;-0.0197139385;0.0013940863;0.7486242044;1620231207.8018000126;-0.0537216402;5.2450550006;1.4840757221;0.7067965718;0.0062728319;0.0071944121;-0.7073524568;1129;1620231207.833942633;1129
1620231207.8190519810;0.8749337519;-1.5033383476;1.3025399069;0.6624632792;-0.0198111240;0.0015871019;0.7488306913;1620231207.8110640049;-0.0537229120;5.2450522422;1.4840791053;0.7067955098;0.0062657605;0.0071864818;-0.7073536612;1130;1620231207.859914025;1130
1620231207.8275420666;0.8731258652;-1.5031401818;1.3025322562;0.6623792638;-0.0203122466;0.0010984834;0.7488924601;1620231207.8190660477;-0.0537196475;5.2450518343;1.4840746483;0.7067965564;0.0062702132;0.0071907886;-0.7073525322;1130;1620231207.859914025;1130
1620231207.8439400196;0.8690583160;-1.5028833286;1.3024921178;0.6624317974;-0.0201530382;0.0013240251;0.7488499287;1620231207.8275558949;-0.0537311047;5.2450524659;1.4840800622;0.7067963179;0.0062641581;0.0071849641;-0.7073528833;1130;1620231207.859914025;1130
1620231207.8515160084;0.8671413180;-1.5027327961;1.3024909157;0.6624087089;-0.0202257774;0.0011535580;0.7488686731;1620231207.8439559937;-0.0537148643;5.2450454484;1.4840729623;0.7068003207;0.0062626867;0.0071827149;-0.7073489195;1130;1620231207.859914025;1130
1620231207.8606789112;0.8651539268;-1.5025944006;1.3024947882;0.6625439636;-0.0202619275;0.0009340543;0.7487483410;1620231207.8515260220;-0.0537130163;5.2450468298;1.4840731451;0.7067973525;0.0062595525;0.0071804064;-0.7073519367;1131;1620231207.885885313;1131
1620231207.8691558838;0.8629836242;-1.5025329876;1.3024859912;0.6627039056;-0.0199726622;0.0015158455;0.7486136043;1620231207.8607048988;-0.0537104259;5.2450462665;1.4840738725;0.7067995508;0.0062630184;0.0071804515;-0.7073497089;1131;1620231207.885885313;1131
1620231207.8851070404;0.8590295833;-1.5022875712;1.3025593333;0.6632923046;-0.0196539658;0.0015940358;0.7481005944;1620231207.8691709042;-0.0537055588;5.2450491400;1.4840729598;0.7067978020;0.0062651664;0.0071823873;-0.7073514177;1131;1620231207.885885313;1131
1620231207.8955481052;0.8570095989;-1.5021922331;1.3026222984;0.6634038151;-0.0195044421;0.0016550519;0.7480054917;1620231207.8851211071;-0.0537120956;5.2450524496;1.4840779855;0.7067996542;0.0062673851;0.0071833663;-0.7073495373;1131;1620231207.885885313;1131
1620231207.9024550915;0.8550388764;-1.5020627421;1.3027445515;0.6635573319;-0.0191889308;0.0012403640;0.7478782747;1620231207.8955841064;-0.0537122822;5.2450408373;1.4840751857;0.7068010516;0.0062577654;0.0071753781;-0.7073483073;1132;1620231207.937828137;1132
1620231207.9111800194;0.8528550806;-1.5020033744;1.3027480814;0.6630703106;-0.0193008143;0.0010534607;0.7483075116;1620231207.9024889469;-0.0537087513;5.2450542553;1.4840791493;0.7067996331;0.0062637665;0.0071816597;-0.7073496078;1132;1620231207.937828137;1132
1620231207.9270539284;0.8488838421;-1.5017457377;1.3029028613;0.6632972328;-0.0189734357;0.0009153377;0.7481149323;1620231207.9112079144;-0.0537412806;5.2450451331;1.4840836332;0.7068024368;0.0062550143;0.0071758616;-0.7073469426;1132;1620231207.937828137;1132
1620231207.9345750809;0.8467966191;-1.5016423477;1.3029473559;0.6636627265;-0.0187819979;0.0007361390;0.7477957476;1620231207.9270679951;-0.0537179549;5.2450527435;1.4840825715;0.7068023398;0.0062631705;0.0071829701;-0.7073468952;1133;1620231207.963799393;1133
1620231207.9435579777;0.8447558888;-1.5015559051;1.3030098777;0.6637503026;-0.0185900088;0.0007637366;0.7477227856;1620231207.9345889091;-0.0537223249;5.2450479836;1.4840811388;0.7068008220;0.0062545345;0.0071772567;-0.7073485462;1133;1620231207.963799393;1133
1620231207.9512519836;0.8426797813;-1.5014752957;1.3030415083;0.6635603422;-0.0183800401;0.0012442588;0.7478959141;1620231207.9435729980;-0.0537345574;5.2450543158;1.4840830462;0.7068017956;0.0062584371;0.0071813021;-0.7073474978;1133;1620231207.963799393;1133
1620231207.9604980946;0.8405296701;-1.5014115562;1.3030694747;0.6638206269;-0.0179798173;0.0015308893;0.7476740986;1620231207.9512660503;-0.0537180197;5.2450540221;1.4840762337;0.7068023246;0.0062599575;0.0071842536;-0.7073469258;1133;1620231207.963799393;1133
1620231207.9765961170;0.8362555351;-1.5012417729;1.3030485518;0.6638381507;-0.0174757246;0.0024975316;0.7476678882;1620231207.9605140686;-0.0537208794;5.2450593919;1.4840717495;0.7068046711;0.0062650145;0.0071890776;-0.7073444873;1134;1620231208.015742081;1134
1620231207.9847838879;0.8340252168;-1.5012002773;1.3030624774;0.6637088011;-0.0172273925;0.0029775526;0.7477867199;1620231207.9766070843;-0.0537155609;5.2450645911;1.4840731202;0.7068025931;0.0062655565;0.0071889418;-0.7073465602;1134;1620231208.015742081;1134
1620231207.9937601089;0.8320601463;-1.5010699638;1.3030486774;0.6639536040;-0.0171911289;0.0031879026;0.7475693373;1620231207.9847979546;-0.0537271750;5.2450546880;1.4840789569;0.7068025633;0.0062547771;0.0071806819;-0.7073467693;1134;1620231208.015742081;1134
1620231208.0013520718;0.8298968457;-1.5010317474;1.3029925631;0.6639185717;-0.0171854397;0.0036568986;0.7475984336;1620231207.9937739372;-0.0537283220;5.2450517823;1.4840798247;0.7068042177;0.0062550157;0.0071783894;-0.7073451374;1135;1620231208.041713529;1135
1620231208.0101590157;0.8278800182;-1.5009189455;1.3029950360;0.6640936024;-0.0173044577;0.0037309462;0.7474398458;1620231208.0013720989;-0.0537277789;5.2450503785;1.4840851769;0.7068004404;0.0062533158;0.0071767685;-0.7073489433;1135;1620231208.041713529;1135
1620231208.0266149044;0.8237478943;-1.5007898457;1.3030515131;0.6646228798;-0.0172631558;0.0040555866;0.7469685156;1620231208.0101730824;-0.0537229969;5.2450519386;1.4840864082;0.7067999059;0.0062550662;0.0071749410;-0.7073494804;1135;1620231208.041713529;1135
1620231208.0347349644;0.8216588278;-1.5007357551;1.3030697355;0.6646502808;-0.0171790666;0.0042454422;0.7469450181;1620231208.0266470909;-0.0537246768;5.2450735330;1.4840766776;0.7068007686;0.0062754120;0.0071943038;-0.7073482415;1135;1620231208.041713529;1135
1620231208.0433640480;0.8195136507;-1.5006709735;1.3030442509;0.6646425976;-0.0171434818;0.0045091638;0.7469511269;1620231208.0347490311;-0.0537481334;5.2450549306;1.4840823594;0.7067997274;0.0062535095;0.0071732264;-0.7073496899;1136;1620231208.067684857;1136
1620231208.0518240929;0.8173437424;-1.5006273418;1.3030801260;0.6647731926;-0.0168668612;0.0048551531;0.7468390315;1620231208.0433969498;-0.0537207590;5.2450848535;1.4840718117;0.7068009775;0.0062885125;0.0072073102;-0.7073477839;1136;1620231208.067684857;1136
1620231208.0603849888;0.8151769797;-1.5003420601;1.3031508033;0.6646644100;-0.0162348818;0.0048072600;0.7469501596;1620231208.0518391132;-0.0537276411;5.2450629283;1.4840747347;0.7067995255;0.0062666277;0.0071851605;-0.7073496545;1136;1620231208.067684857;1136
1620231208.0765020847;0.8110622731;-1.5002192647;1.3032830625;0.6650611437;-0.0158005143;0.0051153876;0.7466042136;1620231208.0604000092;-0.0537281068;5.2450689075;1.4840737023;0.7068030402;0.0062762069;0.0071945572;-0.7073459620;1137;1620231208.119627617;1137
1620231208.0846068859;0.8089288365;-1.5001521632;1.3032692207;0.6651320357;-0.0158286728;0.0052976357;0.7465391907;1620231208.0765159130;-0.0537183555;5.2450676921;1.4840745657;0.7068040907;0.0062760849;0.0071924927;-0.7073449343;1137;1620231208.119627617;1137
1620231208.0933411121;0.8067778682;-1.5000764314;1.3033565249;0.6651913819;-0.0156069635;0.0052955821;0.7464909946;1620231208.0846209526;-0.0537269013;5.2450690408;1.4840770254;0.7068059289;0.0062747764;0.0071923997;-0.7073431101;1137;1620231208.119627617;1137
1620231208.1012818813;0.8047193932;-1.5000090816;1.3032789063;0.6653519510;-0.0158924481;0.0056186426;0.7463394953;1620231208.0933630466;-0.0537213419;5.2450681101;1.4840759743;0.7068051659;0.0062764237;0.0071911888;-0.7073438703;1137;1620231208.119627617;1137
1620231208.1099410057;0.8026098793;-1.4999072049;1.3032251937;0.6654741011;-0.0160414922;0.0058339285;0.7462257410;1620231208.1013040543;-0.0537124159;5.2450701089;1.4840780724;0.7068019571;0.0062720713;0.0071878603;-0.7073471491;1138;1620231208.145598849;1138
1620231208.1185638905;0.8003461141;-1.4998928256;1.3031249997;0.6654160407;-0.0163808686;0.0061290155;0.7462677770;1620231208.1099560261;-0.0537206710;5.2450771340;1.4840713572;0.7068070319;0.0062850107;0.0072041756;-0.7073417972;1138;1620231208.145598849;1138
1620231208.1267089844;0.7982335827;-1.4998225611;1.3031387818;0.6656564778;-0.0166388233;0.0064109012;0.7460452422;1620231208.1185779572;-0.0537172685;5.2450732776;1.4840732731;0.7068049505;0.0062797044;0.0071967302;-0.7073440000;1138;1620231208.145598849;1138
1620231208.1436920166;0.7940466310;-1.4996071665;1.3030585484;0.6660701062;-0.0169477739;0.0064286123;0.7456688672;1620231208.1267230511;-0.0537260893;5.2450723340;1.4840742021;0.7068059997;0.0062816398;0.0071967937;-0.7073429337;1139;1620231208.171570233;1139
1620231208.1518449783;0.7918014968;-1.4995742520;1.3030227245;0.6661649946;-0.0168346162;0.0064756484;0.7455862536;1620231208.1437079906;-0.0537239961;5.2450553629;1.4840703051;0.7068068707;0.0062610251;0.0071816637;-0.7073423999;1139;1620231208.171570233;1139
1620231208.1599490643;0.7898892817;-1.4994528290;1.3030608972;0.6664182641;-0.0170126235;0.0060987918;0.7453590226;1620231208.1518599987;-0.0537301830;5.2450566269;1.4840717600;0.7068076600;0.0062618161;0.0071842409;-0.7073415781;1139;1620231208.171570233;1139
1620231208.1765599251;0.7856807036;-1.4993245434;1.3030329971;0.6668167422;-0.0168725910;0.0060345763;0.7450062630;1620231208.1599709988;-0.0537285026;5.2450645827;1.4840756634;0.7068064659;0.0062633310;0.0071914847;-0.7073426843;1139;1620231208.171570233;1139
1620231208.1848208904;0.7834600654;-1.4992473616;1.3029610259;0.6667732482;-0.0167423907;0.0062845100;0.7450460609;1620231208.1765930653;-0.0537277681;5.2450618930;1.4840746275;0.7068054395;0.0062664767;0.0071918751;-0.7073436781;1140;1620231208.223512921;1140
1620231208.1933999062;0.7813566412;-1.4991628150;1.3028903494;0.6669410675;-0.0167334626;0.0064172013;0.7448949075;1620231208.1848530769;-0.0537278637;5.2450667400;1.4840701932;0.7068027581;0.0062762179;0.0071986530;-0.7073462021;1140;1620231208.223512921;1140
1620231208.2013990879;0.7793351232;-1.4990207406;1.3028077243;0.6670157079;-0.0171489970;0.0061206779;0.7448211159;1620231208.1934330463;-0.0537283257;5.2450631658;1.4840716950;0.7068018882;0.0062635558;0.0071915107;-0.7073472562;1140;1620231208.223512921;1140
1620231208.2101299763;0.7771322222;-1.4990007073;1.3027172140;0.6671941278;-0.0174019383;0.0063221526;0.7446537442;1620231208.2014389038;-0.0537354615;5.2450679738;1.4840707978;0.7068067998;0.0062753814;0.0072008172;-0.7073421489;1140;1620231208.223512921;1140
1620231208.2264420986;0.7730128360;-1.4987980422;1.3025239610;0.6676268436;-0.0182868920;0.0060273141;0.7442470415;1620231208.2101418972;-0.0537281201;5.2450647327;1.4840748465;0.7068015551;0.0062684031;0.0071962535;-0.7073474979;1141;1620231208.249484329;1141
1620231208.2348990440;0.7708236598;-1.4986449343;1.3024791637;0.6678267538;-0.0185331314;0.0056957483;0.7440641829;1620231208.2264571190;-0.0537342049;5.2450606871;1.4840674480;0.7068043804;0.0062766594;0.0072006308;-0.7073445570;1141;1620231208.249484329;1141
1620231208.2435810566;0.7687245082;-1.4985267292;1.3023608297;0.6679907628;-0.0187380614;0.0056889414;0.7439118643;1620231208.2349150181;-0.0537333933;5.2450518187;1.4840705341;0.7067976072;0.0062597797;0.0071889734;-0.7073515931;1141;1620231208.249484329;1141
1620231208.2512609959;0.7665883244;-1.4984314478;1.3023253196;0.6681904098;-0.0190063443;0.0052193335;0.7437291803;1620231208.2436048985;-0.0537264606;5.2450614357;1.4840636731;0.7068014829;0.0062751222;0.0071999256;-0.7073474731;1142;1620231208.301427017;1142
1620231208.2599380016;0.7645591288;-1.4983118848;1.3023201542;0.6685454177;-0.0190686571;0.0049109404;0.7434105820;1620231208.2512760162;-0.0537286648;5.2450566259;1.4840681078;0.7068009436;0.0062699541;0.0071931322;-0.7073481269;1142;1620231208.301427017;1142
1620231208.2764899731;0.7601949458;-1.4981739024;1.3021677900;0.6688469082;-0.0191860260;0.0046625871;0.7431379213;1620231208.2599780560;-0.0537281654;5.2450625165;1.4840672749;0.7068020988;0.0062660114;0.0071918732;-0.7073470204;1142;1620231208.301427017;1142
1620231208.2933270931;0.7559347467;-1.4979111392;1.3020121255;0.6691351241;-0.0193825738;0.0042665616;0.7428756948;1620231208.2765018940;-0.0537262631;5.2450581540;1.4840656793;0.7068042179;0.0062639875;0.0071861541;-0.7073449789;1143;1620231208.327398329;1143
1620231208.3013610840;0.7537764605;-1.4977842315;1.3018988970;0.6692501340;-0.0197210215;0.0039288538;0.7427650393;1620231208.2933421135;-0.0537302193;5.2450612628;1.4840638855;0.7068020084;0.0062735143;0.0071928675;-0.7073470341;1143;1620231208.327398329;1143
1620231208.3103499413;0.7514621947;-1.4977173169;1.3017446235;0.6692566635;-0.0198642161;0.0040211263;0.7427548464;1620231208.3013761044;-0.0537297834;5.2450579557;1.4840659018;0.7068001133;0.0062689390;0.0071897060;-0.7073490004;1143;1620231208.327398329;1143
1620231208.3267319202;0.7472433811;-1.4974376250;1.3015595768;0.6696756675;-0.0204630224;0.0035410786;0.7423632708;1620231208.3103749752;-0.0537360310;5.2450542991;1.4840701892;0.7067990322;0.0062657400;0.0071877712;-0.7073501286;1144;1620231208.353369681;1144
1620231208.3350460529;0.7453583640;-1.4972664532;1.3015024801;0.6701316834;-0.0207330870;0.0028116339;0.7419472763;1620231208.3267660141;-0.0537401376;5.2450466805;1.4840726331;0.7067998130;0.0062538332;0.0071815929;-0.7073495166;1144;1620231208.353369681;1144
1620231208.3432459831;0.7433105564;-1.4971304758;1.3014391087;0.6704547491;-0.0206511426;0.0028753490;0.7416573954;1620231208.3350598812;-0.0537568669;5.2450499953;1.4840792234;0.7067988315;0.0062523944;0.0071809291;-0.7073505168;1144;1620231208.353369681;1144
1620231208.3515980244;0.7410598489;-1.4970426211;1.3013484374;0.6704868164;-0.0206194492;0.0026972468;0.7416299564;1620231208.3432700634;-0.0537446607;5.2450550995;1.4840790213;0.7068022024;0.0062633378;0.0071882616;-0.7073469772;1144;1620231208.353369681;1144
1620231208.3603041172;0.7389776021;-1.4968813202;1.3013832928;0.6707712400;-0.0204569910;0.0022223470;0.7413787941;1620231208.3516130447;-0.0537339368;5.2450447484;1.4840747220;0.7068026642;0.0062607503;0.0071840152;-0.7073465818;1145;1620231208.405312441;1145
1620231208.3767940998;0.7344563047;-1.4967026711;1.3012456990;0.6709605473;-0.0200517295;0.0020945319;0.7412189184;1620231208.3603160381;-0.0537307500;5.2450439400;1.4840765386;0.7068016832;0.0062586560;0.0071801693;-0.7073476197;1145;1620231208.405312441;1145
1620231208.3939239979;0.7300068694;-1.4965162786;1.3012147982;0.6713180858;-0.0196994481;0.0015085553;0.7409059884;1620231208.3768260479;-0.0537354483;5.2450466696;1.4840717779;0.7068037726;0.0062649888;0.0071865007;-0.7073454115;1146;1620231208.431283809;1146
1620231208.4014620781;0.7277512873;-1.4963759617;1.3011087052;0.6712925982;-0.0196649500;0.0013556456;0.7409302934;1620231208.3939580917;-0.0537367022;5.2450434216;1.4840714572;0.7068030124;0.0062621517;0.0071772849;-0.7073462898;1146;1620231208.431283809;1146
1620231208.4098329544;0.7255556335;-1.4962538541;1.3010646403;0.6715222258;-0.0194345451;0.0013614072;0.7407282533;1620231208.4014759064;-0.0537443027;5.2450415988;1.4840780466;0.7067988758;0.0062545372;0.0071777053;-0.7073504863;1146;1620231208.431283809;1146
1620231208.4267890453;0.7209450959;-1.4960388106;1.3008607103;0.6715234019;-0.0189758631;0.0016278156;0.7407385420;1620231208.4098479748;-0.0537486888;5.2450469266;1.4840745611;0.7068020181;0.0062633105;0.0071850987;-0.7073471938;1146;1620231208.431283809;1146
1620231208.4347710609;0.7188689676;-1.4958661195;1.3008471516;0.6717924976;-0.0188356684;0.0014683193;0.7404984145;1620231208.4268009663;-0.0537183616;5.2450423188;1.4840678445;0.7068000469;0.0062592653;0.0071792862;-0.7073492583;1147;1620231208.457255113;1147
1620231208.4436929226;0.7164936378;-1.4957774877;1.3007480920;0.6716953816;-0.0186126438;0.0017126814;0.7405916220;1620231208.4347848892;-0.0537428520;5.2450607749;1.4840701919;0.7068008294;0.0062749600;0.0071988198;-0.7073481388;1147;1620231208.457255113;1147
1620231208.4513900280;0.7142821728;-1.4956677501;1.3006650578;0.6720241184;-0.0183936022;0.0018665341;0.7402984369;1620231208.4437088966;-0.0537203278;5.2450601594;1.4840639739;0.7068027157;0.0062749428;0.0071955435;-0.7073462874;1147;1620231208.457255113;1147
1620231208.4597549438;0.7118918432;-1.4955736550;1.3006389852;0.6720261304;-0.0181594299;0.0021083901;0.7403017425;1620231208.4514110088;-0.0537402046;5.2450642392;1.4840631263;0.7068005591;0.0062795353;0.0072018871;-0.7073483370;1148;1620231208.509197841;1148
1620231208.4771919250;0.7072617984;-1.4953764087;1.3005142000;0.6719480030;-0.0179271777;0.0022229690;0.7403779819;1620231208.4597721100;-0.0537232069;5.2450589528;1.4840607170;0.7068011433;0.0062718366;0.0071949073;-0.7073478927;1148;1620231208.509197841;1148
1620231208.4847030640;0.7050650744;-1.4951810142;1.3006100516;0.6722071318;-0.0179431435;0.0013092507;0.7401445138;1620231208.4772069454;-0.0537451851;5.2450614192;1.4840624241;0.7068018775;0.0062705234;0.0072007472;-0.7073471112;1148;1620231208.509197841;1148
1620231208.4934549332;0.7027285411;-1.4951376946;1.3005056256;0.6722235301;-0.0177538190;0.0018113888;0.7401331275;1620231208.4847180843;-0.0537224105;5.2450600698;1.4840619576;0.7068028739;0.0062674694;0.0071934809;-0.7073462166;1148;1620231208.509197841;1148
1620231208.5019049644;0.7002908966;-1.4950524064;1.3004951915;0.6724045016;-0.0173320707;0.0019160275;0.7399784553;1620231208.4934949875;-0.0537378533;5.2450512303;1.4840693908;0.7068034217;0.0062594579;0.0071835791;-0.7073458408;1149;1620231208.535169249;1149
1620231208.5097880363;0.6981721281;-1.4949580206;1.3005027709;0.6728494042;-0.0170221208;0.0019232635;0.7395811164;1620231208.5019159317;-0.0537415643;5.2450541945;1.4840659862;0.7068014911;0.0062656400;0.0071891799;-0.7073476582;1149;1620231208.535169249;1149
1620231208.5264968872;0.6934857205;-1.4946706130;1.3004933464;0.6725448025;-0.0164347861;0.0024517230;0.7398698368;1620231208.5098040104;-0.0537183847;5.2450665972;1.4840663195;0.7067995659;0.0062758954;0.0071982480;-0.7073493988;1149;1620231208.535169249;1149
1620231208.5349400043;0.6913210617;-1.4945373793;1.3004563365;0.6727284723;-0.0162706470;0.0026444030;0.7397058035;1620231208.5265069008;-0.0537554987;5.2450632115;1.4840737470;0.7068028655;0.0062718472;0.0071957801;-0.7073461628;1150;1620231208.561140585;1150
1620231208.5432150364;0.6888700687;-1.4945020070;1.3003756437;0.6726064907;-0.0160303232;0.0032372506;0.7398196116;1620231208.5349550247;-0.0537176446;5.2450541760;1.4840649086;0.7068032771;0.0062693910;0.0071860494;-0.7073458722;1150;1620231208.561140585;1150
1620231208.5517930984;0.6867062685;-1.4943336518;1.3003412728;0.6729464847;-0.0161837431;0.0031392822;0.7395074442;1620231208.5432300568;-0.0537469784;5.2450498904;1.4840732561;0.7068034078;0.0062594241;0.0071788404;-0.7073459031;1150;1620231208.561140585;1150
1620231208.5598978996;0.6843342250;-1.4942251135;1.3002740054;0.6728457706;-0.0163286758;0.0032256008;0.7395955238;1620231208.5518140793;-0.0537268382;5.2450310077;1.4840710410;0.7068029240;0.0062464750;0.0071649375;-0.7073466419;1150;1620231208.561140585;1150
1620231208.5684518814;0.6819668620;-1.4940980794;1.3002643869;0.6728477279;-0.0162264063;0.0033161981;0.7395955933;1620231208.5599129200;-0.0537463089;5.2450297892;1.4840747184;0.7068028541;0.0062423516;0.0071620486;-0.7073467774;1151;1620231208.613083321;1151
1620231208.5856039524;0.6772399057;-1.4939241497;1.3002145486;0.6730722090;-0.0158760395;0.0037042358;0.7393970729;1620231208.5684680939;-0.0537284282;5.2450252830;1.4840672306;0.7068051708;0.0062444541;0.0071597557;-0.7073444671;1151;1620231208.613083321;1151
1620231208.5935139656;0.6749828948;-1.4937844195;1.3001962860;0.6733037161;-0.0157475210;0.0038046364;0.7391885052;1620231208.5856189728;-0.0537454975;5.2450348242;1.4840697427;0.7068069258;0.0062455196;0.0071678030;-0.7073426226;1151;1620231208.613083321;1151
1620231208.6015369892;0.6725270350;-1.4937211498;1.3001677910;0.6734717601;-0.0153899557;0.0041767478;0.7390409274;1620231208.5935380459;-0.0537316221;5.2450278881;1.4840658261;0.7068119999;0.0062454744;0.0071649392;-0.7073375817;1151;1620231208.613083321;1151
1620231208.6098659039;0.6702133848;-1.4936038332;1.3001632132;0.6733751798;-0.0153151896;0.0043703829;0.7391293608;1620231208.6015510559;-0.0537330983;5.2450308443;1.4840658552;0.7068110557;0.0062507190;0.0071736271;-0.7073383908;1152;1620231208.639054649;1152
1620231208.6182410717;0.6678975647;-1.4934821946;1.3001023737;0.6734498332;-0.0153121741;0.0045928212;0.7390600554;1620231208.6098771095;-0.0537422871;5.2450391053;1.4840676280;0.7068110347;0.0062631582;0.0071866013;-0.7073381701;1152;1620231208.639054649;1152
1620231208.6348679066;0.6633731814;-1.4933385862;1.2999261638;0.6736480358;-0.0158463663;0.0051538924;0.7388644354;1620231208.6182639599;-0.0537387411;5.2450391764;1.4840671249;0.7068085046;0.0062691629;0.0071897664;-0.7073406129;1152;1620231208.639054649;1152
1620231208.6438419819;0.6610602193;-1.4932241806;1.2998638144;0.6738122748;-0.0160412791;0.0052902316;0.7387094890;1620231208.6348829269;-0.0537371144;5.2450457288;1.4840700741;0.7068008885;0.0062645205;0.0071860207;-0.7073483024;1153;1620231208.690997305;1153
1620231208.6513528824;0.6586546533;-1.4931732927;1.2996875078;0.6741550577;-0.0163401104;0.0055513271;0.7383882053;1620231208.6438729763;-0.0537318578;5.2450468629;1.4840751448;0.7067983605;0.0062596543;0.0071807504;-0.7073509251;1153;1620231208.690997305;1153
1620231208.6598269939;0.6562872211;-1.4930789219;1.2996382422;0.6740949603;-0.0165380945;0.0056704821;0.7384377574;1620231208.6513679028;-0.0537288538;5.2450452076;1.4840727593;0.7067955279;0.0062622252;0.0071779828;-0.7073537608;1153;1620231208.690997305;1153
1620231208.6773669720;0.6516961254;-1.4929099004;1.2995204287;0.6746307699;-0.0169366943;0.0055360927;0.7379402580;1620231208.6598420143;-0.0537370921;5.2450669578;1.4840750335;0.7067963055;0.0062744241;0.0071961719;-0.7073526908;1153;1620231208.690997305;1153
1620231208.6850609779;0.6493179812;-1.4927878822;1.2994979551;0.6747919281;-0.0167337984;0.0056334338;0.7377967865;1620231208.6773920059;-0.0537300198;5.2450682049;1.4840756763;0.7067973801;0.0062772585;0.0071915100;-0.7073516393;1154;1620231208.716968753;1154
1620231208.6935150623;0.6470391996;-1.4926668922;1.2994745948;0.6749907204;-0.0167241551;0.0055795850;0.7376155491;1620231208.6850960255;-0.0537244423;5.2450722901;1.4840740369;0.7067981666;0.0062761885;0.0071905992;-0.7073508722;1154;1620231208.716968753;1154
1620231208.7022631168;0.6446606300;-1.4926013802;1.2993766308;0.6751892691;-0.0167319484;0.0057600142;0.7374322443;1620231208.6935451031;-0.0537517790;5.2450753876;1.4840789232;0.7068007482;0.0062732985;0.0071920297;-0.7073483038;1154;1620231208.716968753;1154
1620231208.7109138966;0.6423616849;-1.4925120444;1.2993695964;0.6752508918;-0.0168089887;0.0055394549;0.7373757560;1620231208.7022769451;-0.0537311648;5.2450665416;1.4840753607;0.7068000819;0.0062639431;0.0071788426;-0.7073491864;1155;1620231208.742940041;1155
1620231208.7268528938;0.6377409045;-1.4923157323;1.2990892435;0.6756811989;-0.0175081963;0.0055609103;0.7369650309;1620231208.7109289169;-0.0537213610;5.2450790683;1.4840769673;0.7068014518;0.0062764689;0.0071873415;-0.7073476202;1155;1620231208.742940041;1155
1620231208.7436690331;0.6328752739;-1.4920857192;1.2989065452;0.6758328664;-0.0179007061;0.0054373614;0.7368174377;1620231208.7268750668;-0.0537265432;5.2450648484;1.4840772332;0.7068055313;0.0062696214;0.0071777233;-0.7073437023;1155;1620231208.742940041;1155
1620231208.7515499592;0.6307483180;-1.4919652768;1.2988498656;0.6763457633;-0.0183905808;0.0050566218;0.7363373042;1620231208.7436840534;-0.0537256954;5.2450681013;1.4840783018;0.7068061422;0.0062668726;0.0071777607;-0.7073431158;1156;1620231208.794882737;1156
1620231208.7601690292;0.6282649832;-1.4918446223;1.2988082654;0.6764370149;-0.0183957764;0.0049421696;0.7362541241;1620231208.7515649796;-0.0537273636;5.2450595119;1.4840830824;0.7068071161;0.0062594618;0.0071708811;-0.7073422780;1156;1620231208.794882737;1156
1620231208.7769629955;0.6236090556;-1.4916265778;1.2987464169;0.6771048557;-0.0185812943;0.0044195123;0.7356386462;1620231208.7601840496;-0.0537257970;5.2450642013;1.4840815641;0.7068073941;0.0062664038;0.0071792313;-0.7073418540;1156;1620231208.794882737;1156
1620231208.7848489285;0.6214097951;-1.4915515654;1.2987247682;0.6774168606;-0.0187862385;0.0045257108;0.7353454917;1620231208.7769739628;-0.0537311135;5.2450673918;1.4840766207;0.7068118434;0.0062719422;0.0071857958;-0.7073372923;1156;1620231208.794882737;1156
1620231208.7935590744;0.6190749799;-1.4914562876;1.2986832330;0.6775888112;-0.0189468963;0.0042467482;0.7351845912;1620231208.7848629951;-0.0537307436;5.2450692784;1.4840771590;0.7068083975;0.0062678504;0.0071874184;-0.7073407554;1157;1620231208.820854121;1157
1620231208.8017339706;0.6165349217;-1.4913828867;1.2986303533;0.6775651068;-0.0188641841;0.0042382644;0.7352086137;1620231208.7935810089;-0.0537285816;5.2450645522;1.4840793095;0.7068122108;0.0062679017;0.0071847844;-0.7073369713;1157;1620231208.820854121;1157
1620231208.8101670742;0.6141932661;-1.4912499174;1.2985903352;0.6777661138;-0.0191183146;0.0038021538;0.7350191349;1620231208.8017480373;-0.0537320918;5.2450603209;1.4840801734;0.7068132656;0.0062637134;0.0071826224;-0.7073359763;1157;1620231208.820854121;1157
1620231208.8263330460;0.6093801791;-1.4910121716;1.2984733370;0.6779528219;-0.0195349539;0.0032243837;0.7348387308;1620231208.8101789951;-0.0537309701;5.2450551221;1.4840855002;0.7068093384;0.0062572579;0.0071755640;-0.7073400294;1158;1620231208.846825457;1158
1620231208.8434579372;0.6045808133;-1.4907509063;1.2982840839;0.6785183457;-0.0198260623;0.0029306762;0.7343100115;1620231208.8263480663;-0.0537307121;5.2450507179;1.4840841137;0.7068102136;0.0062538058;0.0071713852;-0.7073392277;1158;1620231208.846825457;1158
1620231208.8518140316;0.6021085301;-1.4906402029;1.2982742003;0.6784882054;-0.0197003969;0.0027272669;0.7343420262;1620231208.8434820175;-0.0537391743;5.2450519811;1.4840816139;0.7068100492;0.0062608128;0.0071761313;-0.7073392818;1158;1620231208.846825457;1158
1620231208.8598530293;0.5997132053;-1.4905247118;1.2982151226;0.6786302600;-0.0197992640;0.0026194734;0.7342084838;1620231208.8518280983;-0.0537605550;5.2450595585;1.4840848613;0.7068109970;0.0062624721;0.0071797136;-0.7073382838;1159;1620231208.898768185;1159
1620231208.8770890236;0.5949409000;-1.4903312410;1.2981465563;0.6790798435;-0.0196835159;0.0023744857;0.7337966252;1620231208.8598680496;-0.0537410475;5.2450541283;1.4840819629;0.7068091787;0.0062552271;0.0071726314;-0.7073402366;1159;1620231208.898768185;1159
1620231208.8851149082;0.5924398328;-1.4902173361;1.2981600119;0.6790830052;-0.0193751393;0.0023141336;0.7338020993;1620231208.8771100044;-0.0537400464;5.2450522646;1.4840789875;0.7068116090;0.0062544804;0.0071727275;-0.7073378138;1159;1620231208.898768185;1159
1620231208.8933360577;0.5899626186;-1.4901001515;1.2981599865;0.6791591846;-0.0193251215;0.0021380926;0.7337334463;1620231208.8851308823;-0.0537416206;5.2450643059;1.4840807603;0.7068100672;0.0062599154;0.0071767858;-0.7073392652;1160;1620231208.924739577;1160
1620231208.9012770653;0.5874037706;-1.4899980491;1.2982039858;0.6792390524;-0.0190487611;0.0019109624;0.7336673651;1620231208.8933510780;-0.0537525933;5.2450489693;1.4840865268;0.7068109646;0.0062463817;0.0071678406;-0.7073385788;1160;1620231208.924739577;1160
1620231208.9100370407;0.5849985396;-1.4898745723;1.2981763247;0.6794722136;-0.0189063355;0.0017797975;0.7334554477;1620231208.9012908936;-0.0537445511;5.2450647212;1.4840830547;0.7068114384;0.0062619098;0.0071816279;-0.7073378282;1160;1620231208.924739577;1160
1620231208.9182140827;0.5825247008;-1.4897505977;1.2982231289;0.6794770639;-0.0187187848;0.0014863769;0.7334564182;1620231208.9100530148;-0.0537475695;5.2450640664;1.4840832573;0.7068140128;0.0062661253;0.0071829748;-0.7073352048;1160;1620231208.924739577;1160
1620231208.9349589348;0.5778022830;-1.4895648039;1.2981674783;0.6802294151;-0.0183259318;0.0017993791;0.7327679477;1620231208.9182291031;-0.0537356654;5.2450584598;1.4840835404;0.7068124193;0.0062600720;0.0071789967;-0.7073368910;1161;1620231208.976682185;1161
1620231208.9433369637;0.5752132753;-1.4894557066;1.2981863973;0.6802232281;-0.0178679356;0.0019332014;0.7327846611;1620231208.9349720478;-0.0537397803;5.2450644284;1.4840780540;0.7068131078;0.0062683334;0.0071866049;-0.7073360526;1161;1620231208.976682185;1161
1620231208.9524729252;0.5727213950;-1.4893419754;1.2981399815;0.6803473636;-0.0175551066;0.0023830815;0.7326756472;1620231208.9433739185;-0.0537474504;5.2450634080;1.4840769236;0.7068130070;0.0062674407;0.0071854091;-0.7073361734;1161;1620231208.976682185;1161
1620231208.9604899883;0.5702190763;-1.4892408532;1.2981272000;0.6804369481;-0.0172624904;0.0026796876;0.7325983793;1620231208.9524989128;-0.0537657553;5.2450607659;1.4840809783;0.7068115492;0.0062602855;0.0071810168;-0.7073377381;1161;1620231208.976682185;1161
1620231208.9764990807;0.5650869035;-1.4890109632;1.2981443485;0.6804669282;-0.0167770010;0.0029963571;0.7325805851;1620231208.9605228901;-0.0537330481;5.2450544678;1.4840757812;0.7068091599;0.0062571782;0.0071737271;-0.7073402271;1162;1620231209.002653553;1162
1620231208.9846971035;0.5626786987;-1.4888835586;1.2981454118;0.6807123563;-0.0168171637;0.0029046682;0.7323519877;1620231208.9765141010;-0.0537595817;5.2450571820;1.4840795463;0.7068100446;0.0062618163;0.0071806147;-0.7073392321;1162;1620231209.002653553;1162
1620231208.9931790829;0.5601385536;-1.4887813093;1.2981340489;0.6807020135;-0.0166213832;0.0032351918;0.7323646851;1620231208.9847118855;-0.0537611606;5.2450545085;1.4840831788;0.7068086962;0.0062536861;0.0071763289;-0.7073406949;1162;1620231209.002653553;1162
1620231209.0014100075;0.5576183404;-1.4886794955;1.2981498302;0.6808289247;-0.0164190093;0.0033512830;0.7322507496;1620231208.9931941032;-0.0537369039;5.2450587144;1.4840758358;0.7068097683;0.0062678841;0.0071849793;-0.7073394101;1163;1620231209.028624897;1163
1620231209.0103480816;0.5551776214;-1.4885845785;1.2981785131;0.6810168097;-0.0162317670;0.0035174274;0.7320794099;1620231209.0014228821;-0.0537649000;5.2450696035;1.4840835398;0.7068075200;0.0062723951;0.0071944125;-0.7073415209;1163;1620231209.028624897;1163
1620231209.0261700153;0.5499093119;-1.4885131345;1.2980295865;0.6809268470;-0.0161100520;0.0044070366;0.7321609613;1620231209.0103619099;-0.0537345062;5.2450562143;1.4840737199;0.7068076019;0.0062695229;0.0071854079;-0.7073415561;1163;1620231209.028624897;1163
1620231209.0347609520;0.5474561289;-1.4884154730;1.2980840792;0.6810888025;-0.0159030494;0.0045548215;0.7320139273;1620231209.0261859894;-0.0537325519;5.2450559583;1.4840718803;0.7068069101;0.0062664089;0.0071835176;-0.7073422941;1163;1620231209.028624897;1163
1620231209.0433290005;0.5448919189;-1.4883273300;1.2980218779;0.6811584759;-0.0157200471;0.0049978534;0.7319501570;1620231209.0347919464;-0.0537349229;5.2450487421;1.4840708131;0.7068075312;0.0062638907;0.0071811258;-0.7073417201;1164;1620231209.080567665;1164
1620231209.0514330864;0.5422497285;-1.4882670642;1.2980089211;0.6811069691;-0.0155044300;0.0053189851;0.7320004219;1620231209.0433540344;-0.0537350224;5.2450436734;1.4840746172;0.7068059649;0.0062585387;0.0071779035;-0.7073433653;1164;1620231209.080567665;1164
1620231209.0599730015;0.5398460054;-1.4882089561;1.2979510654;0.6815225362;-0.0154545037;0.0056867761;0.7316118175;1620231209.0514481068;-0.0537599185;5.2450438493;1.4840780899;0.7068028908;0.0062567309;0.0071805676;-0.7073464260;1164;1620231209.080567665;1164
1620231209.0763659477;0.5346151790;-1.4880060256;1.2978878379;0.6816095383;-0.0154742146;0.0063498132;0.7315248908;1620231209.0600080490;-0.0537375509;5.2450397736;1.4840783842;0.7068026986;0.0062566539;0.0071767067;-0.7073466579;1164;1620231209.080567665;1164
1620231209.0852549076;0.5321239859;-1.4878822419;1.2978669493;0.6817862804;-0.0155750343;0.0065045775;0.7313566686;1620231209.0763819218;-0.0537365798;5.2450347750;1.4840846728;0.7068025362;0.0062467206;0.0071672349;-0.7073470040;1165;1620231209.106538993;1165
1620231209.0936300755;0.5295552419;-1.4878112261;1.2978804256;0.6818926103;-0.0157185781;0.0066302897;0.7312533306;1620231209.0852699280;-0.0537315265;5.2450367283;1.4840807429;0.7068031657;0.0062533789;0.0071714690;-0.7073462733;1165;1620231209.106538993;1165
1620231209.1015069485;0.5271242646;-1.4876963304;1.2977824286;0.6821875699;-0.0161035679;0.0066681047;0.7309694460;1620231209.0936551094;-0.0537345888;5.2450492257;1.4840825750;0.7068039608;0.0062638526;0.0071825572;-0.7073452735;1165;1620231209.106538993;1165
1620231209.1099359989;0.5248150675;-1.4875855013;1.2976065025;0.6826836335;-0.0167885990;0.0063530897;0.7304935576;1620231209.1015210152;-0.0537391031;5.2450447798;1.4840826210;0.7068031979;0.0062591168;0.0071792282;-0.7073461115;1166;1620231209.158481745;1166
1620231209.1180450916;0.5223195838;-1.4874714579;1.2975657093;0.6828061382;-0.0170520985;0.0062391219;0.7303739295;1620231209.1099479198;-0.0537253423;5.2450475914;1.4840782053;0.7068031409;0.0062587929;0.0071768450;-0.7073461956;1166;1620231209.158481745;1166
1620231209.1348369122;0.5171856466;-1.4873319238;1.2976602739;0.6831677299;-0.0167417296;0.0060572708;0.7300444348;1620231209.1180560589;-0.0537281749;5.2450535887;1.4840759520;0.7068028325;0.0062670439;0.0071857032;-0.7073463407;1166;1620231209.158481745;1166
1620231209.1437211037;0.5146404901;-1.4872179409;1.2976868228;0.6833008904;-0.0170121246;0.0054483597;0.7299183490;1620231209.1348500252;-0.0537587444;5.2450495413;1.4840780827;0.7068067538;0.0062556617;0.0071804386;-0.7073425767;1166;1620231209.158481745;1166
1620231209.1513309479;0.5121469724;-1.4871330306;1.2976015638;0.6836560653;-0.0173795317;0.0053445519;0.7295778040;1620231209.1437380314;-0.0537309906;5.2450561147;1.4840741092;0.7068068304;0.0062606587;0.0071830411;-0.7073424295;1167;1620231209.184453105;1167
1620231209.1601009369;0.5095537581;-1.4870701013;1.2975711518;0.6838047180;-0.0175446332;0.0052453553;0.7294352471;1620231209.1513490677;-0.0537287325;5.2450553424;1.4840707441;0.7068078475;0.0062610810;0.0071814696;-0.7073414253;1167;1620231209.184453105;1167
1620231209.1765010357;0.5044027608;-1.4868707937;1.2975255991;0.6841484208;-0.0180248434;0.0049329754;0.7291033597;1620231209.1601181030;-0.0537277314;5.2450440887;1.4840701144;0.7068067318;0.0062515524;0.0071731272;-0.7073427092;1167;1620231209.184453105;1167
1620231209.1847670078;0.5019066446;-1.4867250739;1.2975085156;0.6842278989;-0.0183214836;0.0045641800;0.7290237814;1620231209.1765279770;-0.0537230002;5.2450378070;1.4840751969;0.7068075520;0.0062491422;0.0071661280;-0.7073419819;1168;1620231209.210424385;1168
1620231209.1932489872;0.4993681476;-1.4865961725;1.2975177306;0.6843119806;-0.0183684317;0.0043735376;0.7289448444;1620231209.1847820282;-0.0537505812;5.2450459653;1.4840793803;0.7068056694;0.0062542404;0.0071749452;-0.7073437286;1168;1620231209.210424385;1168
1620231209.2020559311;0.4967846010;-1.4864914988;1.2974749546;0.6844101553;-0.0184951533;0.0042619355;0.7288501249;1620231209.1932830811;-0.0537274539;5.2450375931;1.4840718294;0.7068072651;0.0062509153;0.0071697675;-0.7073422160;1168;1620231209.210424385;1168
1620231209.2098720074;0.4941981950;-1.4864016828;1.2974584532;0.6845040020;-0.0183996365;0.0043717249;0.7287637564;1620231209.2020699978;-0.0537285077;5.2450428828;1.4840755546;0.7068064924;0.0062548862;0.0071730828;-0.7073429194;1168;1620231209.210424385;1168
1620231209.2264430523;0.4889648680;-1.4862092728;1.2975278325;0.6846156866;-0.0181605446;0.0042296677;0.7286656752;1620231209.2098839283;-0.0537281910;5.2450430048;1.4840741547;0.7068044654;0.0062468377;0.0071731010;-0.7073450158;1169;1620231209.262367113;1169
1620231209.2347650528;0.4865218860;-1.4860820442;1.2975082253;0.6849312682;-0.0182736060;0.0039601913;0.7283677300;1620231209.2264580727;-0.0537275907;5.2450435003;1.4840720144;0.7068070061;0.0062481205;0.0071712993;-0.7073424839;1169;1620231209.262367113;1169
1620231209.2430629730;0.4838696244;-1.4860170319;1.2974257118;0.6852022306;-0.0181865091;0.0040292003;0.7281146335;1620231209.2347810268;-0.0537312934;5.2450335212;1.4840663089;0.7068086996;0.0062411480;0.0071656028;-0.7073409110;1169;1620231209.262367113;1169
1620231209.2513809204;0.4814812179;-1.4859199708;1.2974637269;0.6855627231;-0.0181051729;0.0038249343;0.7277783490;1620231209.2430961132;-0.0537255300;5.2450486765;1.4840709679;0.7068057671;0.0062516944;0.0071726991;-0.7073436762;1169;1620231209.262367113;1169
1620231209.2598230839;0.4788677943;-1.4858554345;1.2974619963;0.6856682960;-0.0180781008;0.0035752178;0.7276808283;1620231209.2513980865;-0.0537339816;5.2450377925;1.4840707659;0.7068082971;0.0062408058;0.0071638852;-0.7073413336;1170;1620231209.288338441;1170
1620231209.2766480446;0.4735677357;-1.4857836846;1.2974119307;0.6860405629;-0.0178283344;0.0039216739;0.7273342540;1620231209.2598559856;-0.0537364236;5.2450405970;1.4840705127;0.7068075993;0.0062409088;0.0071664929;-0.7073420036;1170;1620231209.288338441;1170
1620231209.2933330536;0.4683706254;-1.4856846777;1.2974253581;0.6861300180;-0.0174472019;0.0042302916;0.7272573810;1620231209.2766659260;-0.0537347562;5.2450434860;1.4840751397;0.7068072820;0.0062474106;0.0071674672;-0.7073422534;1170;1620231209.288338441;1170
1620231209.3014550209;0.4655661656;-1.4855677147;1.2973333470;0.6859933586;-0.0171719439;0.0046058600;0.7273905570;1620231209.2933499813;-0.0537405653;5.2450441606;1.4840764416;0.7068073986;0.0062442504;0.0071693860;-0.7073421454;1171;1620231209.340281209;1171
1620231209.3102478981;0.4628770974;-1.4854896378;1.2973690765;0.6858471991;-0.0170219840;0.0046933401;0.7275313355;1620231209.3014669418;-0.0537306256;5.2450462804;1.4840764096;0.7068068544;0.0062496549;0.0071672533;-0.7073426630;1171;1620231209.340281209;1171
1620231209.3183789253;0.4603427981;-1.4853798210;1.2973098010;0.6859494019;-0.0171996085;0.0047449002;0.7274304623;1620231209.3102838993;-0.0537562316;5.2450515731;1.4840809618;0.7068083112;0.0062569168;0.0071763533;-0.7073410508;1171;1620231209.340281209;1171
1620231209.3349149227;0.4550367576;-1.4852751119;1.2973727131;0.6863367966;-0.0168761625;0.0049599902;0.7270711074;1620231209.3183960915;-0.0537562333;5.2450526362;1.4840812591;0.7068074708;0.0062539602;0.0071756118;-0.7073419242;1172;1620231209.366252577;1172
1620231209.3433890343;0.4523282494;-1.4851197732;1.2972882451;0.6860880577;-0.0169923954;0.0050813018;0.7273022865;1620231209.3349390030;-0.0537634892;5.2450556428;1.4840857343;0.7068103035;0.0062574689;0.0071806469;-0.7073390115;1172;1620231209.366252577;1172
1620231209.3510880470;0.4501117974;-1.4850273218;1.2973887664;0.6866773887;-0.0173853317;0.0044615220;0.7267406751;1620231209.3434050083;-0.0537597046;5.2450413806;1.4840826765;0.7068107106;0.0062461350;0.0071661287;-0.7073388522;1172;1620231209.366252577;1172
1620231209.3600950241;0.4474536775;-1.4849279351;1.2973940646;0.6867292473;-0.0172037798;0.0045556822;0.7266954085;1620231209.3511040211;-0.0537546825;5.2450478400;1.4840824254;0.7068091921;0.0062498234;0.0071718440;-0.7073402791;1172;1620231209.366252577;1172
1620231209.3767910004;0.4421007395;-1.4847274245;1.2973601786;0.6867301617;-0.0166560334;0.0050651385;0.7267039328;1620231209.3601100445;-0.0537624975;5.2450491691;1.4840875771;0.7068101852;0.0062545355;0.0071777921;-0.7073391847;1173;1620231209.418195305;1173
1620231209.3846740723;0.4394645935;-1.4846550446;1.2973537980;0.6868030311;-0.0166484324;0.0051640200;0.7266345430;1620231209.3768069744;-0.0537369002;5.2450319357;1.4840840138;0.7068103383;0.0062410681;0.0071603695;-0.7073393272;1173;1620231209.418195305;1173
1620231209.3937189579;0.4369140772;-1.4845869400;1.2974378503;0.6870752540;-0.0164542907;0.0052362995;0.7263810520;1620231209.3847041130;-0.0537399399;5.2450417652;1.4840785830;0.7068137475;0.0062547165;0.0071742347;-0.7073356595;1173;1620231209.418195305;1173
1620231209.4013800621;0.4343336879;-1.4845005293;1.2974050214;0.6873214314;-0.0164910704;0.0053825013;0.7261462133;1620231209.3937339783;-0.0537439117;5.2450311670;1.4840855703;0.7068135122;0.0062428137;0.0071654832;-0.7073360885;1173;1620231209.418195305;1173
1620231209.4099109173;0.4316960472;-1.4843992737;1.2974479020;0.6874485094;-0.0166410304;0.0052972496;0.7260231141;1620231209.4013960361;-0.0537340090;5.2450426491;1.4840797723;0.7068138517;0.0062532374;0.0071761833;-0.7073355487;1174;1620231209.444166649;1174
1620231209.4262371063;0.4263500650;-1.4842498397;1.2974255835;0.6877758466;-0.0171374034;0.0055509663;0.7256995804;1620231209.4099431038;-0.0537391332;5.2450338402;1.4840817494;0.7068124933;0.0062475601;0.0071696411;-0.7073370226;1174;1620231209.444166649;1174
1620231209.4348840714;0.4237141243;-1.4841307596;1.2974026254;0.6879406520;-0.0172516704;0.0054679246;0.7255412745;1620231209.4262490273;-0.0537441846;5.2450435454;1.4840824974;0.7068110181;0.0062543355;0.0071797010;-0.7073383347;1174;1620231209.444166649;1174
1620231209.4428429604;0.4210872668;-1.4840045158;1.2974085058;0.6880864734;-0.0171728810;0.0055538227;0.7254041993;1620231209.4348978996;-0.0537446761;5.2450388606;1.4840807051;0.7068156799;0.0062499010;0.0071770127;-0.7073337429;1175;1620231209.470138001;1175
1620231209.4515140057;0.4184688441;-1.4838674792;1.2974074541;0.6881853031;-0.0172802515;0.0054183924;0.7253089153;1620231209.4428579807;-0.0537386673;5.2450499906;1.4840820550;0.7068147145;0.0062615548;0.0071860629;-0.7073345126;1175;1620231209.470138001;1175
1620231209.4603700638;0.4157522035;-1.4838468317;1.2973304126;0.6885079855;-0.0173339114;0.0060685974;0.7249961803;1620231209.4515290260;-0.0537486556;5.2450466296;1.4840819997;0.7068157153;0.0062522314;0.0071812788;-0.7073336436;1175;1620231209.470138001;1175
1620231209.4770491123;0.4106836276;-1.4835494714;1.2974927532;0.6887852616;-0.0170533081;0.0054290749;0.7247444883;1620231209.4603919983;-0.0537382728;5.2450546129;1.4840847079;0.7068161173;0.0062561854;0.0071825761;-0.7073331938;1175;1620231209.470138001;1175
1620231209.4847149849;0.4080644138;-1.4834094447;1.2974741756;0.6889916129;-0.0173315392;0.0054694651;0.7245414137;1620231209.4770710468;-0.0537716058;5.2450459310;1.4840880508;0.7068166374;0.0062464290;0.0071789315;-0.7073327974;1176;1620231209.522080657;1176
1620231209.4941549301;0.4052974083;-1.4833463426;1.2973457129;0.6890824070;-0.0175356323;0.0054570167;0.7244502460;1620231209.4847290516;-0.0537431522;5.2450494325;1.4840829688;0.7068163200;0.0062531487;0.0071812167;-0.7073330319;1176;1620231209.522080657;1176
1620231209.5015430450;0.4026141785;-1.4833154832;1.2973097039;0.6893871254;-0.0177145629;0.0056945199;0.7241540983;1620231209.4941709042;-0.0537701468;5.2450577418;1.4840851423;0.7068164703;0.0062592297;0.0071889686;-0.7073327492;1176;1620231209.522080657;1176
1620231209.5100190639;0.3999957049;-1.4830868099;1.2972812562;0.6894552615;-0.0179756776;0.0054071402;0.7240849952;1620231209.5015549660;-0.0537366453;5.2450567275;1.4840801875;0.7068174376;0.0062630637;0.0071855856;-0.7073317830;1176;1620231209.522080657;1176
1620231209.5179610252;0.3973924960;-1.4829898436;1.2972154439;0.6897929710;-0.0182595867;0.0053680142;0.7237564709;1620231209.5100419521;-0.0537716678;5.2450560060;1.4840822932;0.7068187532;0.0062620061;0.0071914555;-0.7073304181;1177;1620231209.548052025;1177
1620231209.5349779129;0.3920140582;-1.4827536049;1.2971508729;0.6901164648;-0.0187165091;0.0049969181;0.7234390009;1620231209.5179750919;-0.0537443459;5.2450600423;1.4840823424;0.7068155048;0.0062650104;0.0071937332;-0.7073336144;1177;1620231209.548052025;1177
1620231209.5436360836;0.3893433256;-1.4826623919;1.2971151550;0.6904745984;-0.0187341089;0.0049252586;0.7230972300;1620231209.5349910259;-0.0537436368;5.2450532671;1.4840833332;0.7068143796;0.0062556393;0.0071827192;-0.7073349336;1177;1620231209.548052025;1177
1620231209.5514609814;0.3866681175;-1.4825566291;1.2970698187;0.6907057911;-0.0186608154;0.0053257424;0.7228754531;1620231209.5436520576;-0.0537622857;5.2450477597;1.4840813228;0.7068158855;0.0062565295;0.0071813437;-0.7073334349;1178;1620231209.599994713;1178
1620231209.5601029396;0.3840051265;-1.4824376380;1.2971068584;0.6907839670;-0.0187724166;0.0049051054;0.7228008352;1620231209.5514841080;-0.0537553122;5.2450576968;1.4840806846;0.7068171684;0.0062691114;0.0071916900;-0.7073319365;1178;1620231209.599994713;1178
1620231209.5765919685;0.3784790444;-1.4822339370;1.2971944218;0.6909542614;-0.0187832102;0.0039544728;0.7226435925;1620231209.5601189137;-0.0537428872;5.2450532435;1.4840793872;0.7068148465;0.0062588605;0.0071843767;-0.7073344217;1178;1620231209.599994713;1178
1620231209.5846331120;0.3758042625;-1.4820628143;1.2972260412;0.6911787497;-0.0186900581;0.0036321560;0.7224329900;1620231209.5766079426;-0.0537384111;5.2450491398;1.4840774787;0.7068130378;0.0062611974;0.0071828006;-0.7073362244;1178;1620231209.599994713;1178
1620231209.5932788849;0.3730923691;-1.4819930188;1.2972415521;0.6913785865;-0.0187820535;0.0033659782;0.7222406489;1620231209.5846469402;-0.0537410791;5.2450542378;1.4840802263;0.7068125824;0.0062626580;0.0071866643;-0.7073366273;1179;1620231209.625966041;1179
1620231209.6019051075;0.3702812849;-1.4819513885;1.2970846302;0.6911778550;-0.0190496930;0.0036223230;0.7224245017;1620231209.5932939053;-0.0537402734;5.2450563438;1.4840776471;0.7068139079;0.0062699356;0.0071910659;-0.7073351936;1179;1620231209.625966041;1179
1620231209.6099720001;0.3677916482;-1.4819006498;1.2970485288;0.6917881145;-0.0193053847;0.0036717749;0.7218331004;1620231209.6019270420;-0.0537575602;5.2450487628;1.4840833322;0.7068112954;0.0062532266;0.0071800957;-0.7073380635;1179;1620231209.625966041;1179
1620231209.6180260181;0.3650399305;-1.4817106966;1.2970807339;0.6918780358;-0.0189260438;0.0035653259;0.7217574917;1620231209.6099870205;-0.0537393346;5.2450444585;1.4840805559;0.7068096641;0.0062483684;0.0071739251;-0.7073397991;1179;1620231209.625966041;1179
1620231209.6347029209;0.3596510826;-1.4815497290;1.2971055711;0.6923995546;-0.0189345025;0.0037045741;0.7212562773;1620231209.6180500984;-0.0537594160;5.2450486501;1.4840791194;0.7068087008;0.0062541946;0.0071794425;-0.7073406543;1180;1620231209.651937369;1180
1620231209.6438961029;0.3568280473;-1.4814191063;1.2971496396;0.6923555301;-0.0186033015;0.0037598469;0.7213068700;1620231209.6347169876;-0.0537397840;5.2450565146;1.4840738968;0.7068100075;0.0062650945;0.0071863997;-0.7073391814;1180;1620231209.651937369;1180
1620231209.6517989635;0.3541272903;-1.4813411691;1.2971307181;0.6926811983;-0.0184253541;0.0038525104;0.7209982122;1620231209.6439130306;-0.0537452403;5.2450541941;1.4840736290;0.7068100873;0.0062624677;0.0071848337;-0.7073391409;1180;1620231209.651937369;1180
1620231209.6597559452;0.3514913550;-1.4811958249;1.2971507794;0.6930180622;-0.0184112951;0.0032394768;0.7206778028;1620231209.6518139839;-0.0537350563;5.2450630535;1.4840777034;0.7068083998;0.0062681059;0.0071887995;-0.7073407368;1181;1620231209.703880097;1181
1620231209.6761820316;0.3459435332;-1.4809768329;1.2972697552;0.6934155355;-0.0181018659;0.0031029228;0.7203038174;1620231209.6597719193;-0.0537587565;5.2450699091;1.4840778632;0.7068108844;0.0062723069;0.0071917541;-0.7073381868;1181;1620231209.703880097;1181
1620231209.6847798824;0.3432025708;-1.4808764805;1.2973210132;0.6935650778;-0.0179438399;0.0032244588;0.7201632484;1620231209.6761989594;-0.0537437234;5.2450540432;1.4840808370;0.7068081029;0.0062499161;0.0071748150;-0.7073413365;1181;1620231209.703880097;1181
1620231209.6935930252;0.3403661464;-1.4807385225;1.2973326811;0.6934819683;-0.0177118149;0.0032343068;0.7202489781;1620231209.6847939491;-0.0537351033;5.2450606253;1.4840782253;0.7068104035;0.0062631165;0.0071829835;-0.7073388379;1181;1620231209.703880097;1181
1620231209.7013900280;0.3377298777;-1.4805893847;1.2974501231;0.6937767881;-0.0174561686;0.0030025786;0.7199722460;1620231209.6936080456;-0.0537355694;5.2450516186;1.4840768950;0.7068121853;0.0062550874;0.0071776922;-0.7073371822;1182;1620231209.729851545;1182
1620231209.7097721100;0.3349648776;-1.4804575885;1.2975161773;0.6937835933;-0.0172705112;0.0031002192;0.7199697520;1620231209.7014050484;-0.0537601623;5.2450547303;1.4840793476;0.7068100621;0.0062502671;0.0071780740;-0.7073393426;1182;1620231209.729851545;1182
1620231209.7266459465;0.3292989042;-1.4802463698;1.2975523510;0.6937509137;-0.0166987748;0.0035821148;0.7200124924;1620231209.7097880840;-0.0537345715;5.2450429794;1.4840734852;0.7068115513;0.0062494786;0.0071698051;-0.7073379453;1182;1620231209.729851545;1182
1620231209.7350239754;0.3265860293;-1.4801328586;1.2975745985;0.6939302536;-0.0165203321;0.0037890319;0.7198427086;1620231209.7266709805;-0.0537310816;5.2450404306;1.4840681487;0.7068125273;0.0062513973;0.0071679588;-0.7073369718;1183;1620231209.781794217;1183
1620231209.7434709072;0.3238666991;-1.4800017961;1.2976675032;0.6940582334;-0.0162717144;0.0039348647;0.7197241950;1620231209.7350380421;-0.0537384676;5.2450473261;1.4840733653;0.7068089093;0.0062481338;0.0071690135;-0.7073406053;1183;1620231209.781794217;1183
1620231209.7513160706;0.3209858123;-1.4798998192;1.2976302430;0.6940289110;-0.0159142469;0.0044641519;0.7197573749;1620231209.7434868813;-0.0537276827;5.2450655053;1.4840733078;0.7068085337;0.0062729293;0.0071896573;-0.7073405515;1183;1620231209.781794217;1183
1620231209.7602000237;0.3182153046;-1.4797731862;1.2976499762;0.6941665059;-0.0157322002;0.0046968454;0.7196271949;1620231209.7513298988;-0.0537403331;5.2450654573;1.4840749719;0.7068096574;0.0062714704;0.0071889913;-0.7073394484;1183;1620231209.781794217;1183
1620231209.7771599293;0.3126816803;-1.4795607812;1.2976756996;0.6944875729;-0.0156239773;0.0051312660;0.7193167400;1620231209.7602291107;-0.0537296800;5.2450851209;1.4840748855;0.7068074096;0.0062918611;0.0072057109;-0.7073413433;1184;1620231209.807765553;1184
1620231209.7848041058;0.3099852393;-1.4794500466;1.2978165023;0.6947300129;-0.0153484591;0.0050379370;0.7190891830;1620231209.7771749496;-0.0537335641;5.2450810505;1.4840736672;0.7068041217;0.0062893870;0.0072023824;-0.7073446846;1184;1620231209.807765553;1184
1620231209.7934460640;0.3072395024;-1.4793202166;1.2978638184;0.6948616690;-0.0153124660;0.0051963771;0.7189616033;1620231209.7848188877;-0.0537363357;5.2450718606;1.4840735245;0.7068023096;0.0062807716;0.0071964755;-0.7073466320;1184;1620231209.807765553;1184
1620231209.8015999794;0.3045310629;-1.4791891865;1.2979004013;0.6949099570;-0.0154297686;0.0053419985;0.7189113554;1620231209.7934629917;-0.0537584845;5.2450752089;1.4840762126;0.7068062779;0.0062768637;0.0071941292;-0.7073427253;1184;1620231209.807765553;1184
1620231209.8098459244;0.3017410996;-1.4790913761;1.2979338364;0.6950432110;-0.0153656718;0.0052678311;0.7187844468;1620231209.8016140461;-0.0537453070;5.2450711445;1.4840770999;0.7068071079;0.0062674972;0.0071879236;-0.7073420420;1185;1620231209.833736945;1185
1620231209.8265149593;0.2962682047;-1.4789144149;1.2980349648;0.6956720224;-0.0153078497;0.0053776147;0.7181762933;1620231209.8098618984;-0.0537386377;5.2450697597;1.4840800609;0.7068090141;0.0062677332;0.0071840915;-0.7073401742;1185;1620231209.833736945;1185
1620231209.8350729942;0.2934771043;-1.4788102410;1.2980480162;0.6958487723;-0.0151694376;0.0057600864;0.7180050108;1620231209.8265309334;-0.0537345549;5.2450539953;1.4840824437;0.7068080153;0.0062517935;0.0071680716;-0.7073414757;1185;1620231209.833736945;1185
1620231209.8428308964;0.2907063847;-1.4786503663;1.2980487617;0.6959879062;-0.0152097804;0.0058813233;0.7178683076;1620231209.8350970745;-0.0537412581;5.2450594354;1.4840861095;0.7068086299;0.0062513419;0.0071673789;-0.7073408727;1186;1620231209.885679633;1186
1620231209.8516221046;0.2879098201;-1.4785118128;1.2980889839;0.6962103630;-0.0151710508;0.0060796512;0.7176517314;1620231209.8428421021;-0.0537426226;5.2450796797;1.4840848020;0.7068122955;0.0062726718;0.0071900806;-0.7073367905;1186;1620231209.885679633;1186
1620231209.8598549366;0.2850471140;-1.4784021793;1.2980331669;0.6962913651;-0.0154119294;0.0063097917;0.7175660205;1620231209.8516359329;-0.0537413623;5.2450757795;1.4840871539;0.7068131624;0.0062685191;0.0071863756;-0.7073359987;1186;1620231209.885679633;1186
1620231209.8681240082;0.2822604812;-1.4782833342;1.2979967042;0.6965786471;-0.0155972815;0.0066208808;0.7172803337;1620231209.8598709106;-0.0537421316;5.2450696620;1.4840844128;0.7068130593;0.0062656173;0.0071824620;-0.7073361672;1186;1620231209.885679633;1186
1620231209.8849859238;0.2768656098;-1.4780488249;1.2978938270;0.6971570031;-0.0165557553;0.0065799494;0.7166970938;1620231209.8681368828;-0.0537478595;5.2450744163;1.4840855491;0.7068127238;0.0062675683;0.0071886461;-0.7073364224;1187;1620231209.911650969;1187
1620231209.8935229778;0.2741059751;-1.4779179782;1.2979050242;0.6974701597;-0.0166389552;0.0064419961;0.7163916682;1620231209.8849990368;-0.0537490039;5.2450662846;1.4840825552;0.7068138835;0.0062580787;0.0071859185;-0.7073353753;1187;1620231209.911650969;1187
1620231209.9013550282;0.2712808775;-1.4778331476;1.2979099321;0.6976724011;-0.0168883008;0.0062457765;0.7161906145;1620231209.8935561180;-0.0537433675;5.2450673447;1.4840803927;0.7068094572;0.0062567969;0.0071842863;-0.7073398262;1187;1620231209.911650969;1187
1620231209.9101040363;0.2684955068;-1.4776695825;1.2979839742;0.6977842421;-0.0167990730;0.0060218268;0.7160856655;1620231209.9013690948;-0.0537472910;5.2450672376;1.4840790661;0.7068082820;0.0062600131;0.0071864173;-0.7073409504;1187;1620231209.911650969;1187
1620231209.9272899628;0.2631245012;-1.4773943021;1.2979695622;0.6983297297;-0.0172736567;0.0055874455;0.7155459383;1620231209.9101359844;-0.0537332982;5.2450700313;1.4840718880;0.7068048567;0.0062679620;0.0071891303;-0.7073442752;1188;1620231209.963593689;1188
1620231209.9349589348;0.2602690641;-1.4772944817;1.2979587152;0.6984482121;-0.0173513171;0.0053286221;0.7154303828;1620231209.9273140430;-0.0537339245;5.2450574107;1.4840784583;0.7068019523;0.0062454596;0.0071710342;-0.7073475600;1188;1620231209.963593689;1188
1620231209.9435698986;0.2573412712;-1.4772023853;1.2979223932;0.6983068011;-0.0176977215;0.0052120028;0.7155607851;1620231209.9349730015;-0.0537388693;5.2450582197;1.4840789779;0.7068056309;0.0062507455;0.0071736253;-0.7073438113;1188;1620231209.963593689;1188
1620231209.9514889717;0.2545416849;-1.4770608602;1.2979023574;0.6984631939;-0.0180813992;0.0048990727;0.7154007471;1620231209.9435870647;-0.0537627842;5.2450669814;1.4840857306;0.7068056715;0.0062587628;0.0071850255;-0.7073435842;1189;1620231209.989565009;1189
1620231209.9605278969;0.2517662579;-1.4769434215;1.2978066604;0.6986697140;-0.0183763791;0.0048803516;0.7151916678;1620231209.9515030384;-0.0537381303;5.2450548758;1.4840832866;0.7068045159;0.0062551578;0.0071767245;-0.7073448550;1189;1620231209.989565009;1189
1620231209.9683260918;0.2489686597;-1.4767952618;1.2977851255;0.6987477396;-0.0186061098;0.0046977073;0.7151107191;1620231209.9605419636;-0.0537338405;5.2450480831;1.4840843022;0.7068051729;0.0062466788;0.0071683644;-0.7073443582;1189;1620231209.989565009;1189
1620231209.9847590923;0.2433676923;-1.4765447555;1.2978701189;0.6990465723;-0.0187756146;0.0039856429;0.7148184950;1620231209.9683399200;-0.0537348912;5.2450413281;1.4840834844;0.7068078739;0.0062453048;0.0071662210;-0.7073416931;1189;1620231209.989565009;1189
1620231209.9935851097;0.2405874475;-1.4764213314;1.2979356039;0.6993889465;-0.0186168721;0.0036742382;0.7144893376;1620231209.9847819805;-0.0537547129;5.2450426572;1.4840840694;0.7068081069;0.0062419333;0.0071625379;-0.7073415274;1190;1620231210.015536377;1190
1620231210.0017809868;0.2376776436;-1.4763063279;1.2978618655;0.6992915721;-0.0187650781;0.0036828349;0.7145807202;1620231209.9935998917;-0.0537313736;5.2450481165;1.4840807315;0.7068113961;0.0062470809;0.0071657233;-0.7073381630;1190;1620231210.015536377;1190
1620231210.0096929073;0.2349033523;-1.4761645303;1.2978934423;0.6994989812;-0.0186849732;0.0034991118;0.7143807131;1620231210.0017929077;-0.0537371624;5.2450418706;1.4840814834;0.7068101189;0.0062419847;0.0071625757;-0.7073395161;1190;1620231210.015536377;1190
1620231210.0263979435;0.2291682168;-1.4759534011;1.2979320151;0.6997943086;-0.0187067128;0.0031782781;0.7140923492;1620231210.0097088814;-0.0537596995;5.2450390402;1.4840878832;0.7068114584;0.0062394368;0.0071610193;-0.7073382158;1191;1620231210.067479121;1191
1620231210.0350520611;0.2263717761;-1.4758267784;1.2979775866;0.6999476750;-0.0186852227;0.0030154994;0.7139432901;1620231210.0264129639;-0.0537322458;5.2450428176;1.4840862772;0.7068087697;0.0062411963;0.0071564878;-0.7073409328;1191;1620231210.067479121;1191
1620231210.0434501171;0.2234070331;-1.4757108347;1.2980071875;0.6999487395;-0.0184021580;0.0030612784;0.7139494039;1620231210.0350940228;-0.0537642431;5.2450503852;1.4840903624;0.7068093982;0.0062492905;0.0071683579;-0.7073401131;1191;1620231210.067479121;1191
1620231210.0512750149;0.2206155722;-1.4754655946;1.2980663235;0.7002167634;-0.0180202734;0.0027024815;0.7136977305;1620231210.0434761047;-0.0537312878;5.2450464205;1.4840821466;0.7068080027;0.0062512482;0.0071639699;-0.7073415348;1191;1620231210.067479121;1191
1620231210.0598480701;0.2177932600;-1.4753562904;1.2980893678;0.7002179603;-0.0181362592;0.0027249141;0.7136935330;1620231210.0512909889;-0.0537352521;5.2450531028;1.4840818438;0.7068049470;0.0062583651;0.0071738042;-0.7073444256;1192;1620231210.093450457;1192
1620231210.0682010651;0.2149562476;-1.4752356622;1.2981309647;0.7003544957;-0.0178907212;0.0029101112;0.7135650171;1620231210.0598649979;-0.0537289284;5.2450537929;1.4840808220;0.7068060673;0.0062581700;0.0071722194;-0.7073433239;1192;1620231210.093450457;1192
1620231210.0847558975;0.2092399254;-1.4749522059;1.2981772056;0.7004332320;-0.0177297908;0.0031847570;0.7134905741;1620231210.0682160854;-0.0537303373;5.2450551758;1.4840804824;0.7068025753;0.0062538563;0.0071710308;-0.7073468634;1192;1620231210.093450457;1192
1620231210.0934109688;0.2064775623;-1.4747878634;1.2983354356;0.7008086899;-0.0173751222;0.0029183366;0.7131316628;1620231210.0847690105;-0.0537293513;5.2450510779;1.4840841521;0.7068004705;0.0062476044;0.0071698047;-0.7073490342;1192;1620231210.093450457;1192
1620231210.1018381119;0.2035408235;-1.4746323577;1.2983321622;0.7007534168;-0.0174258533;0.0030518184;0.7131841802;1620231210.0934250355;-0.0537348230;5.2450502329;1.4840865390;0.7068045639;0.0062514407;0.0071728084;-0.7073448797;1193;1620231210.145393145;1193
1620231210.1107070446;0.2006391553;-1.4744920502;1.2983856051;0.7009386196;-0.0172457816;0.0033056705;0.7130054047;1620231210.1018509865;-0.0537327575;5.2450515829;1.4840843672;0.7067992669;0.0062497384;0.0071721656;-0.7073501941;1193;1620231210.145393145;1193
1620231210.1275429726;0.1948600639;-1.4741895289;1.2984849693;0.7009628472;-0.0172821751;0.0032731561;0.7129808551;1620231210.1107239723;-0.0537310391;5.2450654828;1.4840812467;0.7068003996;0.0062649444;0.0071868139;-0.7073487791;1193;1620231210.145393145;1193
1620231210.1362099648;0.1921518993;-1.4740847088;1.2985036475;0.7013199909;-0.0174276283;0.0032731896;0.7126260130;1620231210.1275579929;-0.0537317287;5.2450762847;1.4840750201;0.7067999048;0.0062784155;0.0071987668;-0.7073490325;1194;1620231210.171364489;1194
1620231210.1444799900;0.1892446926;-1.4739347010;1.2985988523;0.7015896109;-0.0169177345;0.0033179861;0.7123726547;1620231210.1362259388;-0.0537356157;5.2450729365;1.4840778930;0.7068014554;0.0062758155;0.0071949600;-0.7073475449;1194;1620231210.171364489;1194
1620231210.1522779465;0.1863321352;-1.4738222230;1.2986979766;0.7016566449;-0.0165869790;0.0033293785;0.7123143548;1620231210.1444950104;-0.0537323830;5.2450674357;1.4840797058;0.7068037177;0.0062723468;0.0071884140;-0.7073453817;1194;1620231210.171364489;1194
1620231210.1621088982;0.1833099304;-1.4737186290;1.2987277371;0.7014862885;-0.0162937133;0.0035894356;0.7124876265;1620231210.1522879601;-0.0537323095;5.2450691765;1.4840758531;0.7068061114;0.0062712909;0.0071887020;-0.7073429963;1194;1620231210.171364489;1194
1620231210.1689341068;0.1805923041;-1.4735689451;1.2987496642;0.7018932335;-0.0161755983;0.0035969938;0.7120893907;1620231210.1621310711;-0.0537333241;5.2450677149;1.4840781334;0.7068098897;0.0062608284;0.0071778199;-0.7073394240;1195;1620231210.197335857;1195
1620231210.1850309372;0.1747974940;-1.4732827396;1.2987467701;0.7021256706;-0.0159761069;0.0040543350;0.7118622543;1620231210.1689488888;-0.0537349373;5.2450715513;1.4840791975;0.7068110397;0.0062599850;0.0071811421;-0.7073382486;1195;1620231210.197335857;1195
1620231210.1935279369;0.1719631681;-1.4731014343;1.2987305669;0.7022832296;-0.0160722498;0.0041357219;0.7117041829;1620231210.1850440502;-0.0537348142;5.2450620477;1.4840808649;0.7068078465;0.0062509521;0.0071691255;-0.7073416412;1195;1620231210.197335857;1195
1620231210.2018029690;0.1690653129;-1.4730125391;1.2986524230;0.7025375458;-0.0163282663;0.0045740424;0.7114446307;1620231210.1935439110;-0.0537432788;5.2450636240;1.4840772113;0.7068081059;0.0062553382;0.0071756852;-0.7073412767;1196;1620231210.249278529;1196
1620231210.2102138996;0.1662708391;-1.4728540978;1.2986365593;0.7027823054;-0.0166351232;0.0044480806;0.7111965400;1620231210.2018260956;-0.0537477920;5.2450567882;1.4840777076;0.7068086506;0.0062571657;0.0071776111;-0.7073406967;1196;1620231210.249278529;1196
1620231210.2271139622;0.1605417799;-1.4725668896;1.2985681714;0.7033478956;-0.0170075673;0.0045684468;0.7106276168;1620231210.2102301121;-0.0537527091;5.2450660023;1.4840755545;0.7068095000;0.0062676953;0.0071870743;-0.7073396587;1196;1620231210.249278529;1196
1620231210.2352340221;0.1576234437;-1.4723993530;1.2985421112;0.7034287245;-0.0170354917;0.0048367148;0.7105451623;1620231210.2271289825;-0.0537470866;5.2450754782;1.4840749371;0.7068091755;0.0062732666;0.0071930615;-0.7073398726;1196;1620231210.249278529;1196
1620231210.2436470985;0.1547597851;-1.4722692578;1.2984698851;0.7037246380;-0.0172549969;0.0049572718;0.7102459605;1620231210.2352480888;-0.0537520647;5.2450699120;1.4840772111;0.7068103063;0.0062671436;0.0071904266;-0.7073388238;1197;1620231210.275249977;1197
1620231210.2517089844;0.1519524002;-1.4721062101;1.2984880529;0.7041424130;-0.0174425278;0.0045851823;0.7098296954;1620231210.2436800003;-0.0537435033;5.2450735644;1.4840750393;0.7068073391;0.0062663862;0.0071900784;-0.7073417989;1197;1620231210.275249977;1197
1620231210.2601549625;0.1491288106;-1.4719630065;1.2984435423;0.7044768815;-0.0176753399;0.0044821498;0.7094926470;1620231210.2517230511;-0.0537501786;5.2450642952;1.4840743882;0.7068054945;0.0062576124;0.0071778983;-0.7073438436;1197;1620231210.275249977;1197
1620231210.2683899403;0.1462165568;-1.4718163854;1.2984962560;0.7047355587;-0.0176094949;0.0043334710;0.7092382667;1620231210.2601699829;-0.0537398070;5.2450661698;1.4840744301;0.7068043499;0.0062623224;0.0071787694;-0.7073449368;1197;1620231210.275249977;1197
1620231210.2851479053;0.1403172692;-1.4715614973;1.2984478282;0.7051610809;-0.0178565485;0.0039963815;0.7088109921;1620231210.2684240341;-0.0537435241;5.2450747884;1.4840757288;0.7068065100;0.0062649458;0.0071831297;-0.7073427108;1198;1620231210.301221273;1198
1620231210.2934761047;0.1374588348;-1.4713705256;1.2983978667;0.7053537664;-0.0181312497;0.0041265568;0.7086115251;1620231210.2851610184;-0.0537433617;5.2450744341;1.4840784386;0.7068087140;0.0062596349;0.0071828966;-0.7073405579;1198;1620231210.301221273;1198
1620231210.3018620014;0.1346033106;-1.4712469359;1.2984261635;0.7057181945;-0.0184444095;0.0038710615;0.7082419421;1620231210.2934920788;-0.0537781071;5.2450790779;1.4840778805;0.7068130540;0.0062700661;0.0071960399;-0.7073359951;1198;1620231210.301221273;1198
1620231210.3098819256;0.1315966673;-1.4711080104;1.2983296431;0.7057593468;-0.0186528251;0.0038721152;0.7081954696;1620231210.3018870354;-0.0537574723;5.2450643060;1.4840769130;0.7068135850;0.0062528017;0.0071794668;-0.7073357858;1199;1620231210.353164017;1199
1620231210.3271799088;0.1256132000;-1.4707876917;1.2981559730;0.7060074107;-0.0190141639;0.0039697685;0.7079380188;1620231210.3098990917;-0.0537466654;5.2450714388;1.4840779197;0.7068118598;0.0062579040;0.0071822938;-0.7073374358;1199;1620231210.353164017;1199
1620231210.3349649906;0.1228004060;-1.4706106076;1.2982433048;0.7063656412;-0.0190790005;0.0032421709;0.7075825471;1620231210.3271949291;-0.0537449033;5.2450753769;1.4840767110;0.7068180050;0.0062600790;0.0071807474;-0.7073312916;1199;1620231210.353164017;1199
1620231210.3437900543;0.1198715835;-1.4704909597;1.2981533345;0.7066653083;-0.0191210389;0.0033183785;0.7072817800;1620231210.3349800110;-0.0537411099;5.2450752063;1.4840757126;0.7068181489;0.0062574882;0.0071786879;-0.7073311917;1199;1620231210.353164017;1199
1620231210.3520820141;0.1169738748;-1.4703553188;1.2981905570;0.7069637844;-0.0191471808;0.0029248225;0.7069844683;1620231210.3438069820;-0.0537396604;5.2450770127;1.4840725714;0.7068198173;0.0062622672;0.0071797957;-0.7073294709;1200;1620231210.379135345;1200
1620231210.3604769707;0.1139388908;-1.4702463256;1.2981345083;0.7068702329;-0.0193291202;0.0027619577;0.7070737094;1620231210.3520970345;-0.0537737376;5.2450698926;1.4840794024;0.7068217955;0.0062507201;0.0071748281;-0.7073276467;1200;1620231210.379135345;1200
1620231210.3765680790;0.1079222718;-1.4699282598;1.2981169023;0.7071025647;-0.0191634661;0.0025956271;0.7068465090;1620231210.3604929447;-0.0537474869;5.2450694560;1.4840767853;0.7068202536;0.0062571531;0.0071769316;-0.7073291093;1200;1620231210.379135345;1200
1620231210.3851780891;0.1049626199;-1.4697427682;1.2981182220;0.7071049689;-0.0192162579;0.0025134404;0.7068429677;1620231210.3766019344;-0.0537629296;5.2450671373;1.4840832318;0.7068207884;0.0062516428;0.0071736683;-0.7073286567;1200;1620231210.379135345;1200
1620231210.3938939571;0.1020102100;-1.4694890029;1.2981612080;0.7073894101;-0.0189737419;0.0022039653;0.7065658936;1620231210.3851990700;-0.0537627107;5.2450688584;1.4840861731;0.7068199049;0.0062468676;0.0071722981;-0.7073295956;1201;1620231210.431078073;1201
1620231210.4019849300;0.0990121787;-1.4693738003;1.2980808658;0.7074542191;-0.0191272094;0.0023910865;0.7064962565;1620231210.3939099312;-0.0537335522;5.2450797159;1.4840806088;0.7068198116;0.0062657598;0.0071847440;-0.7073293954;1201;1620231210.431078073;1201
1620231210.4103980064;0.0959517974;-1.4692124779;1.2980862135;0.7073538779;-0.0190256375;0.0025301562;0.7065989773;1620231210.4019989967;-0.0537553683;5.2450755277;1.4840814956;0.7068191280;0.0062604405;0.0071849899;-0.7073301231;1201;1620231210.431078073;1201
1620231210.4191060066;0.0930818362;-1.4690568219;1.2979940582;0.7076448009;-0.0191296750;0.0025585254;0.7063047113;1620231210.4104139805;-0.0537551728;5.2450719196;1.4840827253;0.7068165403;0.0062586225;0.0071802083;-0.7073327736;1201;1620231210.431078073;1201
1620231210.4358448982;0.0870859797;-1.4687304123;1.2981173291;0.7079058487;-0.0187290459;0.0022399770;0.7060548950;1620231210.4191200733;-0.0537468026;5.2450741438;1.4840818917;0.7068161796;0.0062682511;0.0071851181;-0.7073329989;1202;1620231210.457049377;1202
1620231210.4449601173;0.0840637003;-1.4685473014;1.2981058879;0.7081329891;-0.0185077886;0.0022823100;0.7058327865;1620231210.4358589649;-0.0537519260;5.2450648563;1.4840810940;0.7068137336;0.0062660748;0.0071841115;-0.7073354726;1202;1620231210.457049377;1202
1620231210.4622480869;0.0780905199;-1.4682058596;1.2982986174;0.7086349226;-0.0178355845;0.0021008402;0.7053467408;1620231210.4449748993;-0.0537493682;5.2450618109;1.4840811605;0.7068118942;0.0062602304;0.0071781764;-0.7073374227;1202;1620231210.457049377;1202
1620231210.4768950939;0.0717705193;-1.4680385769;1.2981929645;0.7086507050;-0.0177735295;0.0026945791;0.7053304326;1620231210.4622619152;-0.0537259023;5.2450522486;1.4840782476;0.7068121439;0.0062566010;0.0071730299;-0.7073372575;1203;1620231210.508992113;1203
1620231210.4851100445;0.0687182510;-1.4678856950;1.2983489732;0.7088680534;-0.0171977131;0.0029664134;0.7051251817;1620231210.4769070148;-0.0537259505;5.2450643639;1.4840795027;0.7068090367;0.0062669465;0.0071871096;-0.7073401279;1203;1620231210.508992113;1203
1620231210.4938991070;0.0656153627;-1.4676956161;1.2983783337;0.7089087426;-0.0168549688;0.0032419640;0.7050913376;1620231210.4851200581;-0.0537294960;5.2450587471;1.4840780586;0.7068093384;0.0062645945;0.0071835818;-0.7073398831;1203;1620231210.508992113;1203
1620231210.5021688938;0.0626960509;-1.4675192455;1.2984231262;0.7092313661;-0.0166675890;0.0032761049;0.7047711174;1620231210.4939150810;-0.0537448640;5.2450504950;1.4840801410;0.7068091644;0.0062529596;0.0071709972;-0.7073402876;1203;1620231210.508992113;1203
1620231210.5105950832;0.0596526708;-1.4673241778;1.2984853164;0.7093561489;-0.0162543756;0.0036381636;0.7046533993;1620231210.5022020340;-0.0537474203;5.2450615674;1.4840773683;0.7068063757;0.0062637731;0.0071865588;-0.7073428206;1204;1620231210.534963425;1204
1620231210.5180459023;0.0566287153;-1.4672453040;1.2983839189;0.7095189886;-0.0163222160;0.0040435189;0.7044856564;1620231210.5106060505;-0.0537210924;5.2450531200;1.4840739368;0.7068078947;0.0062588353;0.0071773370;-0.7073414400;1204;1620231210.534963425;1204
1620231210.5353209972;0.0504411633;-1.4669509381;1.2984279702;0.7096217923;-0.0159764951;0.0044288985;0.7043877117;1620231210.5180609226;-0.0537411841;5.2450608036;1.4840768864;0.7068083751;0.0062690685;0.0071878871;-0.7073407622;1204;1620231210.534963425;1204
1620231210.5443890095;0.0474972431;-1.4667770453;1.2984153023;0.7099427678;-0.0158076620;0.0046646287;0.7040664922;1620231210.5353319645;-0.0537532718;5.2450602394;1.4840811975;0.7068041758;0.0062617209;0.0071852414;-0.7073450504;1205;1620231210.586906177;1205
1620231210.5532341003;0.0444837933;-1.4666291999;1.2984557563;0.7101121843;-0.0155992452;0.0048555245;0.7038989793;1620231210.5444030762;-0.0537183343;5.2450444300;1.4840755723;0.7068032388;0.0062518587;0.0071675320;-0.7073462535;1205;1620231210.586906177;1205
1620231210.5610070229;0.0414449899;-1.4664658290;1.2984004992;0.7103218661;-0.0156014696;0.0050227476;0.7036861606;1620231210.5532441139;-0.0537545145;5.2450521124;1.4840864962;0.7068074798;0.0062581506;0.0071761864;-0.7073418723;1205;1620231210.586906177;1205
1620231210.5775179863;0.0352199469;-1.4661664424;1.2984236510;0.7104809791;-0.0149930306;0.0053203569;0.7035365528;1620231210.5610430241;-0.0537534901;5.2450546016;1.4840827454;0.7068063501;0.0062587447;0.0071792633;-0.7073429647;1205;1620231210.586906177;1205
1620231210.5851709843;0.0321570855;-1.4660055454;1.2984501159;0.7105977465;-0.0146822256;0.0053549846;0.7034249064;1620231210.5775330067;-0.0537228671;5.2450600841;1.4840773278;0.7068057546;0.0062643553;0.0071811349;-0.7073434911;1206;1620231210.612877593;1206
1620231210.5952639580;0.0291144679;-1.4658683915;1.2984538981;0.7108827670;-0.0143995513;0.0055893331;0.7031408848;1620231210.5851850510;-0.0537287615;5.2450563397;1.4840761440;0.7068075609;0.0062626981;0.0071807088;-0.7073417051;1206;1620231210.612877593;1206
1620231210.6025450230;0.0261023030;-1.4657581058;1.2984000084;0.7111295176;-0.0144901890;0.0057330578;0.7028883095;1620231210.5952770710;-0.0537249127;5.2450534890;1.4840792604;0.7068066965;0.0062555789;0.0071749651;-0.7073426902;1206;1620231210.612877593;1206
1620231210.6121261120;0.0230370228;-1.4656126935;1.2983637265;0.7110845889;-0.0144404061;0.0060687062;0.7029319689;1620231210.6025679111;-0.0537481569;5.2450659868;1.4840853255;0.7068067246;0.0062671297;0.0071855922;-0.7073424520;1206;1620231210.612877593;1206
1620231210.6188149452;0.0198865564;-1.4654652409;1.2982838426;0.7111886639;-0.0144136386;0.0064484234;0.7028238394;1620231210.6121399403;-0.0537272721;5.2450514096;1.4840795992;0.7068071626;0.0062533310;0.0071715251;-0.7073422792;1207;1620231210.664820273;1207
1620231210.6352310181;0.0137240035;-1.4651913423;1.2982101514;0.7116544136;-0.0145418885;0.0069268750;0.7023450345;1620231210.6188459396;-0.0537281581;5.2450625452;1.4840781607;0.7068097156;0.0062656621;0.0071837612;-0.7073394948;1207;1620231210.664820273;1207
1620231210.6448891163;0.0106797760;-1.4650320682;1.2981594346;0.7118951771;-0.0147833311;0.0069719232;0.7020955079;1620231210.6352419853;-0.0537278956;5.2450585263;1.4840733088;0.7068081910;0.0062623073;0.0071795980;-0.7073410903;1207;1620231210.664820273;1207
1620231210.6517519951;0.0075850766;-1.4647924436;1.2981608710;0.7120841842;-0.0147932461;0.0069535139;0.7019037848;1620231210.6449050903;-0.0537283832;5.2450568113;1.4840753320;0.7068064179;0.0062572345;0.0071772893;-0.7073429303;1208;1620231210.690791649;1208
1620231210.6603639126;0.0046412627;-1.4647506673;1.2979749271;0.7124652051;-0.0154273235;0.0071959569;0.7015009247;1620231210.6517789364;-0.0537284492;5.2450570455;1.4840744873;0.7068043844;0.0062588736;0.0071805927;-0.7073449143;1208;1620231210.690791649;1208
1620231210.6772570610;-0.0014917047;-1.4644323526;1.2979546710;0.7130086711;-0.0153652480;0.0068419790;0.7009534446;1620231210.6603920460;-0.0537262543;5.2450515210;1.4840747707;0.7068065869;0.0062563803;0.0071752549;-0.7073427897;1208;1620231210.690791649;1208
1620231210.6854128838;-0.0047694526;-1.4643269321;1.2978722473;0.7130151901;-0.0152418555;0.0070770911;0.7009471730;1620231210.6772680283;-0.0537254924;5.2450530197;1.4840777768;0.7068054872;0.0062576971;0.0071780777;-0.7073438483;1208;1620231210.690791649;1208
1620231210.6937000751;-0.0078151599;-1.4642225973;1.2976638238;0.7133246654;-0.0157217401;0.0069146849;0.7006232481;1620231210.6854240894;-0.0537265206;5.2450528314;1.4840740231;0.7068076533;0.0062574262;0.0071748247;-0.7073417192;1209;1620231210.716762913;1209
1620231210.7023820877;-0.0107330866;-1.4640604081;1.2975442548;0.7137636469;-0.0159718526;0.0068569498;0.7001709352;1620231210.6937110424;-0.0537313221;5.2450456914;1.4840802527;0.7068076813;0.0062511822;0.0071712471;-0.7073417827;1209;1620231210.716762913;1209
1620231210.7106471062;-0.0138930861;-1.4639480542;1.2974193990;0.7139221828;-0.0162304130;0.0068442836;0.7000034617;1620231210.7024159431;-0.0537494350;5.2450548848;1.4840808743;0.7068063725;0.0062576717;0.0071795211;-0.7073429493;1209;1620231210.716762913;1209
1620231210.7202920914;-0.0168583094;-1.4637654416;1.2973854751;0.7142489426;-0.0164873897;0.0065975087;0.6996664111;1620231210.7106618881;-0.0537292491;5.2450476293;1.4840737121;0.7068094012;0.0062591538;0.0071765940;-0.7073399393;1209;1620231210.716762913;1209
1620231210.7366709709;-0.0232495925;-1.4634273193;1.2971615472;0.7140969057;-0.0171620512;0.0065575791;0.6998057384;1620231210.7203140259;-0.0537209437;5.2450508316;1.4840762084;0.7068074318;0.0062554202;0.0071710573;-0.7073419965;1210;1620231210.768705633;1210
1620231210.7436070442;-0.0262408459;-1.4632910901;1.2970298486;0.7146178110;-0.0174090522;0.0065089579;0.6992681479;1620231210.7366850376;-0.0537257606;5.2450399176;1.4840729664;0.7068071500;0.0062500593;0.0071646600;-0.7073423903;1210;1620231210.768705633;1210
1620231210.7513821125;-0.0293094064;-1.4631752275;1.2969692144;0.7149357941;-0.0175950726;0.0062744133;0.6989405235;1620231210.7436399460;-0.0537333723;5.2450518860;1.4840753090;0.7068092317;0.0062577937;0.0071751552;-0.7073401354;1210;1620231210.768705633;1210
1620231210.7605330944;-0.0324640546;-1.4630650818;1.2969159141;0.7151002897;-0.0175950717;0.0061094540;0.6987736856;1620231210.7513968945;-0.0537351157;5.2450554517;1.4840730305;0.7068112744;0.0062618335;0.0071805893;-0.7073380034;1210;1620231210.768705633;1210
1620231210.7764229774;-0.0386829983;-1.4627077654;1.2967786778;0.7154181190;-0.0178224542;0.0053851822;0.6984484770;1620231210.7605450153;-0.0537338397;5.2450560889;1.4840717805;0.7068100276;0.0062626159;0.0071824135;-0.7073392238;1211;1620231210.794677001;1211
1620231210.7846438885;-0.0417820494;-1.4625358513;1.2966835598;0.7154835264;-0.0179624776;0.0052272582;0.6983790866;1620231210.7764499187;-0.0537580017;5.2450651226;1.4840729788;0.7068125082;0.0062729644;0.0071912771;-0.7073365632;1211;1620231210.794677001;1211
1620231210.7934119701;-0.0449037955;-1.4623812123;1.2965819592;0.7156358256;-0.0180079198;0.0051664497;0.6982223054;1620231210.7846601009;-0.0537649297;5.2450709212;1.4840754332;0.7068119846;0.0062775044;0.0071974398;-0.7073369835;1211;1620231210.794677001;1211
1620231210.8009209633;-0.0479910214;-1.4621753785;1.2965577084;0.7157466709;-0.0181771559;0.0048292378;0.6981067057;1620231210.7934370041;-0.0537391388;5.2450658847;1.4840738816;0.7068108807;0.0062709206;0.0071891732;-0.7073382291;1212;1620231210.846619689;1212
1620231210.8090391159;-0.0510699881;-1.4619816506;1.2964150856;0.7159973940;-0.0182375376;0.0048768959;0.6978476480;1620231210.8009350300;-0.0537445893;5.2450697202;1.4840717028;0.7068129666;0.0062744145;0.0071959812;-0.7073360445;1212;1620231210.846619689;1212
1620231210.8177618980;-0.0542372663;-1.4618246813;1.2962558021;0.7161997763;-0.0183564582;0.0050534444;0.6976355665;1620231210.8090701103;-0.0537650163;5.2450667039;1.4840769642;0.7068129696;0.0062642883;0.0071884556;-0.7073362077;1212;1620231210.846619689;1212
1620231210.8340790272;-0.0606138825;-1.4614436311;1.2961403731;0.7163679207;-0.0182788310;0.0048060123;0.6974666937;1620231210.8177731037;-0.0537680417;5.2450713322;1.4840724037;0.7068136063;0.0062688336;0.0071934046;-0.7073354809;1212;1620231210.846619689;1212
1620231210.8424580097;-0.0637365427;-1.4612761782;1.2960930180;0.7164207271;-0.0184184671;0.0044347943;0.6974112377;1620231210.8340899944;-0.0537351063;5.2450734265;1.4840674980;0.7068110798;0.0062701297;0.0071898062;-0.7073380307;1213;1620231210.872591009;1213
1620231210.8506100178;-0.0668284061;-1.4611209028;1.2960479739;0.7168261789;-0.0184621059;0.0042763037;0.6969943279;1620231210.8424808979;-0.0537366979;5.2450693728;1.4840716088;0.7068115619;0.0062654232;0.0071831959;-0.7073376578;1213;1620231210.872591009;1213
1620231210.8590059280;-0.0699713079;-1.4609627665;1.2960349421;0.7170449809;-0.0182574637;0.0041265051;0.6967755251;1620231210.8506219387;-0.0537393371;5.2450702344;1.4840675677;0.7068128294;0.0062711404;0.0071901867;-0.7073362695;1213;1620231210.872591009;1213
1620231210.8757081032;-0.0760755337;-1.4606429764;1.2958663298;0.7175773672;-0.0185201803;0.0035979120;0.6962232257;1620231210.8590168953;-0.0537655022;5.2450717283;1.4840752047;0.7068144999;0.0062681498;0.0071930946;-0.7073345972;1213;1620231210.872591009;1213
1620231210.8840410709;-0.0791102097;-1.4604126268;1.2957310768;0.7179638264;-0.0187971286;0.0031670822;0.6958193599;1620231210.8757190704;-0.0537485403;5.2450729876;1.4840798263;0.7068118718;0.0062632295;0.0071907303;-0.7073372910;1214;1620231210.924533737;1214
1620231210.8925600052;-0.0824393629;-1.4602675101;1.2956494884;0.7179696940;-0.0185590786;0.0036071081;0.6958175535;1620231210.8840520382;-0.0537432058;5.2450740185;1.4840785167;0.7068116905;0.0062633782;0.0071890439;-0.7073374880;1214;1620231210.924533737;1214
1620231210.9007689953;-0.0855930824;-1.4600872169;1.2955668743;0.7178956897;-0.0187515783;0.0033130859;0.6958902072;1620231210.8925940990;-0.0537585592;5.2450756642;1.4840845654;0.7068088767;0.0062648452;0.0071917800;-0.7073402589;1214;1620231210.924533737;1214
1620231210.9174969196;-0.0919439607;-1.4596561147;1.2954984641;0.7183295620;-0.0183474556;0.0035469776;0.6954519611;1620231210.9007799625;-0.0537430367;5.2450725254;1.4840791838;0.7068128358;0.0062666337;0.0071922075;-0.7073362825;1215;1620231210.950505145;1215
1620231210.9256560802;-0.0950354309;-1.4595018465;1.2954639432;0.7185139674;-0.0182974131;0.0031739237;0.6952645608;1620231210.9175090790;-0.0537271255;5.2450752343;1.4840740378;0.7068102452;0.0062713018;0.0071882859;-0.7073388697;1215;1620231210.950505145;1215
1620231210.9343130589;-0.0982707032;-1.4592926207;1.2953781561;0.7187223563;-0.0181141947;0.0032726088;0.6950534804;1620231210.9256670475;-0.0537265406;5.2450539630;1.4840780192;0.7068104823;0.0062537807;0.0071671357;-0.7073390025;1215;1620231210.950505145;1215
1620231210.9423110485;-0.1014540836;-1.4591068804;1.2952726738;0.7189366314;-0.0180615753;0.0034104021;0.6948325472;1620231210.9343259335;-0.0537368499;5.2450634458;1.4840859098;0.7068091206;0.0062630681;0.0071778838;-0.7073401721;1215;1620231210.950505145;1215
1620231210.9508850574;-0.1047070130;-1.4589304759;1.2952795543;0.7190473004;-0.0177689397;0.0033497085;0.6947258625;1620231210.9423260689;-0.0537317941;5.2450528296;1.4840861069;0.7068085043;0.0062566561;0.0071689156;-0.7073409356;1216;1620231210.976476449;1216
1620231210.9674489498;-0.1111970735;-1.4585156107;1.2952536784;0.7193801897;-0.0171933047;0.0033728473;0.6943955334;1620231210.9508960247;-0.0537584954;5.2450481825;1.4840978911;0.7068043162;0.0062392451;0.0071610705;-0.7073453537;1216;1620231210.976476449;1216
1620231210.9762289524;-0.1144666033;-1.4583439540;1.2952107283;0.7193598972;-0.0169100260;0.0034569540;0.6944230978;1620231210.9674599171;-0.0537337871;5.2450293936;1.4840938448;0.7068070281;0.0062264912;0.0071475954;-0.7073428926;1216;1620231210.976476449;1216
1620231210.9841399193;-0.1176613009;-1.4581333598;1.2952159476;0.7195904677;-0.0167444840;0.0035937741;0.6941874861;1620231210.9762549400;-0.0537539220;5.2450406335;1.4840881760;0.7068133290;0.0062413608;0.0071621374;-0.7073363183;1217;1620231211.028419217;1217
1620231210.9921989441;-0.1209765990;-1.4579101242;1.2952310596;0.7195879525;-0.0163540446;0.0036040556;0.6941993479;1620231210.9841508865;-0.0537303701;5.2450333709;1.4840826100;0.7068125720;0.0062366206;0.0071525513;-0.7073372136;1217;1620231211.028419217;1217
1620231211.0007829666;-0.1241566563;-1.4577297494;1.2951974765;0.7197657071;-0.0162610104;0.0037043574;0.6940167031;1620231210.9922089577;-0.0537251387;5.2450385209;1.4840776370;0.7068148643;0.0062462375;0.0071592099;-0.7073347707;1217;1620231211.028419217;1217
1620231211.0104300976;-0.1272996438;-1.4575148412;1.2951199350;0.7200346790;-0.0163073375;0.0037764188;0.6937361678;1620231211.0007948875;-0.0537531737;5.2450484059;1.4840841447;0.7068119894;0.0062495571;0.0071700115;-0.7073375048;1217;1620231211.028419217;1217
1620231211.0188350677;-0.1305072868;-1.4573535136;1.2951424170;0.7202684625;-0.0160055623;0.0038783220;0.6934999081;1620231211.0104539394;-0.0537224354;5.2450449655;1.4840793144;0.7068130670;0.0062527626;0.0071644137;-0.7073364563;1218;1620231211.054390521;1218
1620231211.0354769230;-0.1370478310;-1.4569009214;1.2950838834;0.7204846408;-0.0155814047;0.0039571668;0.6932845326;1620231211.0188579559;-0.0537296851;5.2450537702;1.4840793934;0.7068096481;0.0062531456;0.0071708389;-0.7073398042;1218;1620231211.054390521;1218
1620231211.0446150303;-0.1402868033;-1.4566969532;1.2950586621;0.7206121762;-0.0153640863;0.0040707206;0.6931561625;1620231211.0355000496;-0.0537351493;5.2450418561;1.4840801206;0.7068107911;0.0062418402;0.0071592616;-0.7073388792;1218;1620231211.054390521;1218
1620231211.0522549152;-0.1435503616;-1.4564958068;1.2949929524;0.7207999866;-0.0151274706;0.0046395348;0.6929624908;1620231211.0446369648;-0.0537324953;5.2450438252;1.4840772807;0.7068096354;0.0062490404;0.0071632472;-0.7073399301;1218;1620231211.054390521;1218
1620231211.0600159168;-0.1467611686;-1.4562805096;1.2950008982;0.7208447684;-0.0147977860;0.0044082560;0.6929245361;1620231211.0522789955;-0.0537338428;5.2450548570;1.4840758169;0.7068089439;0.0062565115;0.0071704703;-0.7073404818;1219;1620231211.106333297;1219
1620231211.0683240891;-0.1499556120;-1.4560640204;1.2950190920;0.7210163879;-0.0144762788;0.0044025169;0.6927527867;1620231211.0600430965;-0.0537364988;5.2450481188;1.4840750884;0.7068093694;0.0062526717;0.0071667727;-0.7073401281;1219;1620231211.106333297;1219
1620231211.0849881172;-0.1563539051;-1.4557076318;1.2949173781;0.7215469813;-0.0142208494;0.0051692830;0.6922001154;1620231211.0683488846;-0.0537352454;5.2450458320;1.4840748234;0.7068107476;0.0062515163;0.0071644878;-0.7073387842;1219;1620231211.106333297;1219
1620231211.0937790871;-0.1596484554;-1.4555225511;1.2947063734;0.7215245789;-0.0143029823;0.0055536992;0.6922187972;1620231211.0850129128;-0.0537335917;5.2450403314;1.4840759325;0.7068110599;0.0062448769;0.0071589755;-0.7073385867;1220;1620231211.132304593;1220
1620231211.1014959812;-0.1628707622;-1.4553834166;1.2946475097;0.7216046392;-0.0144501882;0.0055884073;0.6921320008;1620231211.0937929153;-0.0537403681;5.2450408429;1.4840724394;0.7068118888;0.0062468358;0.0071619678;-0.7073377108;1220;1620231211.132304593;1220
1620231211.1102991104;-0.1661465720;-1.4551016275;1.2946062251;0.7218495957;-0.0144424677;0.0059454338;0.6918737082;1620231211.1015179157;-0.0537383714;5.2450465436;1.4840748965;0.7068114046;0.0062505661;0.0071676599;-0.7073381040;1220;1620231211.132304593;1220
1620231211.1272130013;-0.1726594144;-1.4547170319;1.2944542095;0.7220589071;-0.0144869646;0.0065740980;0.6916486418;1620231211.1103229523;-0.0537411876;5.2450511278;1.4840776618;0.7068120918;0.0062517225;0.0071742990;-0.7073373398;1220;1620231211.132304593;1220
1620231211.1352989674;-0.1758669048;-1.4545402695;1.2944531347;0.7222100611;-0.0143621785;0.0066746532;0.6914924471;1620231211.1272370815;-0.0537373887;5.2450661945;1.4840731336;0.7068086432;0.0062611895;0.0071824253;-0.7073406197;1221;1620231211.158275913;1221
1620231211.1443738937;-0.1790018877;-1.4543915893;1.2945379622;0.7225807917;-0.0141030935;0.0067798636;0.6911093514;1620231211.1353220940;-0.0537344043;5.2450711358;1.4840699315;0.7068105371;0.0062664500;0.0071871421;-0.7073386326;1221;1620231211.158275913;1221
1620231211.1517519951;-0.1823408118;-1.4541618776;1.2944674976;0.7226076969;-0.0140797253;0.0069775413;0.6910797288;1620231211.1443989277;-0.0537386648;5.2450569514;1.4840686479;0.7068113362;0.0062546060;0.0071753014;-0.7073380592;1221;1620231211.158275913;1221
1620231211.1603610516;-0.1855554399;-1.4539896732;1.2944495444;0.7228454522;-0.0139867066;0.0070268706;0.6908324308;1620231211.1517739296;-0.0537456834;5.2450748592;1.4840721228;0.7068084707;0.0062682136;0.0071931254;-0.7073406211;1221;1620231211.158275913;1221
1620231211.1687231064;-0.1887461051;-1.4537857970;1.2944903108;0.7230864038;-0.0137074096;0.0070125919;0.6905859709;1620231211.1603810787;-0.0537662423;5.2450711120;1.4840752541;0.7068084839;0.0062639261;0.0071906609;-0.7073406709;1222;1620231211.210218625;1222
1620231211.1854000092;-0.1952671884;-1.4534085688;1.2943804256;0.7234443671;-0.0136550763;0.0074235134;0.6902077064;1620231211.1687450409;-0.0537641004;5.2450744815;1.4840766893;0.7068070029;0.0062651674;0.0071941854;-0.7073421039;1222;1620231211.210218625;1222
1620231211.1945369244;-0.1984599807;-1.4532292688;1.2942933909;0.7235615865;-0.0139231547;0.0074346410;0.6900793450;1620231211.1854228973;-0.0537375971;5.2450679611;1.4840754554;0.7068094719;0.0062619068;0.0071866384;-0.7073397424;1222;1620231211.210218625;1222
1620231211.2020800114;-0.2016109519;-1.4530073503;1.2942003498;0.7239104777;-0.0142349285;0.0073851228;0.6897075084;1620231211.1945550442;-0.0537298321;5.2450709676;1.4840707359;0.7068106273;0.0062712054;0.0071937347;-0.7073384334;1223;1620231211.236190057;1223
1620231211.2105700970;-0.2049202288;-1.4528852929;1.2940416845;0.7238591466;-0.0146187289;0.0074843412;0.6897522840;1620231211.2021019459;-0.0537336130;5.2450667899;1.4840760555;0.7068089881;0.0062640884;0.0071893378;-0.7073401791;1223;1620231211.236190057;1223
1620231211.2197289467;-0.2080090858;-1.4526543154;1.2940923528;0.7243850528;-0.0147582051;0.0075699785;0.6891960433;1620231211.2106270790;-0.0537338382;5.2450642279;1.4840759130;0.7068089283;0.0062659304;0.0071907583;-0.7073402080;1223;1620231211.236190057;1223
1620231211.2355680466;-0.2145450499;-1.4522770068;1.2938201570;0.7246186277;-0.0157969039;0.0074988842;0.6889282030;1620231211.2197389603;-0.0537361601;5.2450668243;1.4840757866;0.7068083821;0.0062648161;0.0071907470;-0.7073407639;1223;1620231211.236190057;1223
1620231211.2440299988;-0.2177678821;-1.4521063992;1.2937751056;0.7249064064;-0.0157709858;0.0073001394;0.6886281187;1620231211.2356228828;-0.0537553914;5.2450669327;1.4840750172;0.7068101255;0.0062751211;0.0072014527;-0.7073388216;1224;1620231211.288132713;1224
1620231211.2540299892;-0.2209226404;-1.4520238507;1.2937477202;0.7251497243;-0.0161445231;0.0072813084;0.6883634319;1620231211.2440528870;-0.0537295529;5.2450548099;1.4840772336;0.7068101364;0.0062638206;0.0071856202;-0.7073390718;1224;1620231211.288132713;1224
1620231211.2620680332;-0.2241229255;-1.4518198555;1.2936988458;0.7253093612;-0.0164169590;0.0070473406;0.6881912154;1620231211.2540578842;-0.0537237644;5.2450497036;1.4840796274;0.7068093210;0.0062524181;0.0071744365;-0.7073401010;1224;1620231211.288132713;1224
1620231211.2707200050;-0.2270490647;-1.4515879973;1.2937302693;0.7260811580;-0.0162115544;0.0067243300;0.6873849874;1620231211.2620899677;-0.0537235439;5.2450540015;1.4840807231;0.7068070714;0.0062569696;0.0071762156;-0.7073422906;1225;1620231211.314104121;1225
1620231211.2874200344;-0.2333715696;-1.4512202502;1.2935738021;0.7265388288;-0.0166801776;0.0064497110;0.6868926431;1620231211.2707440853;-0.0537264943;5.2450560894;1.4840745866;0.7068096739;0.0062615280;0.0071792352;-0.7073396191;1225;1620231211.314104121;1225
1620231211.2958290577;-0.2364612392;-1.4511054632;1.2935519599;0.7268446494;-0.0169299917;0.0062367516;0.6865648797;1620231211.2874529362;-0.0537214737;5.2450588569;1.4840776530;0.7068063713;0.0062607269;0.0071769564;-0.7073429494;1225;1620231211.314104121;1225
1620231211.3024051189;-0.2398295931;-1.4507955559;1.2933348866;0.7270455122;-0.0172262793;0.0064146269;0.6863431584;1620231211.2958540916;-0.0537109689;5.2450456430;1.4840791269;0.7068059012;0.0062480341;0.0071603776;-0.7073436994;1225;1620231211.314104121;1225
1620231211.3116669655;-0.2430975772;-1.4506017064;1.2932201309;0.7270854950;-0.0175788709;0.0064243401;0.6862917704;1620231211.3024230003;-0.0537210016;5.2450462984;1.4840786867;0.7068036148;0.0062417254;0.0071565766;-0.7073460782;1226;1620231211.340075481;1226
1620231211.3192350864;-0.2463433343;-1.4503644318;1.2931087875;0.7271740282;-0.0178119260;0.0062196130;0.6861938388;1620231211.3116910458;-0.0537396422;5.2450350012;1.4840848471;0.7068070783;0.0062326249;0.0071471833;-0.7073427926;1226;1620231211.340075481;1226
1620231211.3360900879;-0.2527962542;-1.4498705677;1.2930050349;0.7277303020;-0.0177937530;0.0055972554;0.6856097000;1620231211.3192579746;-0.0537391225;5.2450386245;1.4840791182;0.7068078194;0.0062369559;0.0071494722;-0.7073419907;1226;1620231211.340075481;1226
1620231211.3436529636;-0.2559703956;-1.4496412916;1.2929926481;0.7280770118;-0.0176962100;0.0053479975;0.6852460200;1620231211.3361120224;-0.0537482704;5.2450590277;1.4840719412;0.7068102640;0.0062655880;0.0071830112;-0.7073389552;1226;1620231211.340075481;1226
1620231211.3518838882;-0.2591557568;-1.4494243212;1.2929650444;0.7283629434;-0.0176604005;0.0052036016;0.6849441258;1620231211.3436789513;-0.0537341804;5.2450620032;1.4840645708;0.7068132621;0.0062701441;0.0071877977;-0.7073358703;1227;1620231211.392018209;1227
1620231211.3604629040;-0.2624046202;-1.4492176729;1.2929087508;0.7286132058;-0.0176533661;0.0050292902;0.6846793857;1620231211.3518989086;-0.0537260344;5.2450563979;1.4840706582;0.7068104082;0.0062629286;0.0071755126;-0.7073389107;1227;1620231211.392018209;1227
1620231211.3686120510;-0.2656776326;-1.4489584221;1.2928450493;0.7287006764;-0.0176422844;0.0047278731;0.6845887241;1620231211.3604741096;-0.0537576323;5.2450544940;1.4840797753;0.7068081918;0.0062465065;0.0071698543;-0.7073413280;1227;1620231211.392018209;1227
1620231211.3848268986;-0.2723138149;-1.4485306001;1.2927551664;0.7288633295;-0.0177413490;0.0047745212;0.6844126645;1620231211.3686280251;-0.0537374003;5.2450492428;1.4840783862;0.7068100898;0.0062467114;0.0071643261;-0.7073394857;1228;1620231211.417989513;1228
1620231211.3936090469;-0.2755220402;-1.4483840712;1.2926696698;0.7290086104;-0.0182489165;0.0048749511;0.6842438585;1620231211.3848431110;-0.0537292429;5.2450559275;1.4840737463;0.7068090622;0.0062532752;0.0071742989;-0.7073403534;1228;1620231211.417989513;1228
1620231211.4020030499;-0.2787336707;-1.4481751473;1.2926563270;0.7291795322;-0.0182796634;0.0047104337;0.6840620408;1620231211.3936231136;-0.0537256816;5.2450475984;1.4840718715;0.7068035126;0.0062470272;0.0071701211;-0.7073459964;1228;1620231211.417989513;1228
1620231211.4100039005;-0.2819773895;-1.4479551364;1.2926189186;0.7294084084;-0.0183880738;0.0046683253;0.6838153692;1620231211.4020259380;-0.0537365354;5.2450485749;1.4840670873;0.7068049373;0.0062558063;0.0071774451;-0.7073444209;1228;1620231211.417989513;1228
1620231211.4270029068;-0.2883831877;-1.4475235812;1.2926634082;0.7298611557;-0.0178702954;0.0044175485;0.6833475186;1620231211.4100379944;-0.0537416448;5.2450430846;1.4840673333;0.7068062961;0.0062490755;0.0071723259;-0.7073431746;1229;1620231211.443960817;1229
1620231211.4351260662;-0.2916098056;-1.4473044628;1.2926681244;0.7300056270;-0.0178844509;0.0042941356;0.6831935973;1620231211.4270188808;-0.0537380701;5.2450522286;1.4840819207;0.7068068052;0.0062478109;0.0071654330;-0.7073427469;1229;1620231211.443960817;1229
1620231211.4515008926;-0.2983170535;-1.4468162412;1.2927333021;0.7302422640;-0.0169729603;0.0041285104;0.6829649405;1620231211.4351410866;-0.0537370878;5.2450513837;1.4840886141;0.7068073725;0.0062497107;0.0071610671;-0.7073422074;1229;1620231211.443960817;1229
1620231211.4597120285;-0.3016031668;-1.4466116860;1.2927304597;0.7303006036;-0.0170275201;0.0039992670;0.6829019679;1620231211.4515171051;-0.0537435773;5.2450493212;1.4840930595;0.7068076899;0.0062497346;0.0071639827;-0.7073418605;1230;1620231211.495903593;1230
1620231211.4688150883;-0.3048439023;-1.4463765795;1.2928060057;0.7304993742;-0.0166378949;0.0039414803;0.6826992819;1620231211.4597399235;-0.0537627815;5.2450538906;1.4840963697;0.7068068598;0.0062508539;0.0071707024;-0.7073426121;1230;1620231211.495903593;1230
1620231211.4855639935;-0.3113239386;-1.4459583587;1.2929016866;0.7309121590;-0.0164486873;0.0039459627;0.6822618895;1620231211.4688301086;-0.0537663936;5.2450540682;1.4840933069;0.7068073991;0.0062530952;0.0071750388;-0.7073420093;1230;1620231211.495903593;1230
1620231211.4935679436;-0.3146027341;-1.4457066751;1.2929898917;0.7309209135;-0.0161033884;0.0039972079;0.6822604498;1620231211.4855799675;-0.0537618956;5.2450756715;1.4840875934;0.7068036037;0.0062613607;0.0071951857;-0.7073455241;1231;1620231211.521874969;1231
1620231211.5018570423;-0.3178579558;-1.4454944745;1.2930457045;0.7311067889;-0.0158238223;0.0040262922;0.6820676351;1620231211.4936039448;-0.0537707458;5.2450703713;1.4840895340;0.7068016644;0.0062523662;0.0071905108;-0.7073475890;1231;1620231211.521874969;1231
1620231211.5102269650;-0.3210453844;-1.4453450218;1.2931428651;0.7311218072;-0.0156073250;0.0041702377;0.6820556602;1620231211.5018939972;-0.0537567448;5.2450485072;1.4840930706;0.7068039110;0.0062298439;0.0071657654;-0.7073457939;1231;1620231211.521874969;1231
1620231211.5272319317;-0.3278430233;-1.4448777297;1.2931446832;0.7311706214;-0.0151522346;0.0051007334;0.6820072688;1620231211.5102450848;-0.0537470796;5.2450535276;1.4840901018;0.7068058680;0.0062419985;0.0071706527;-0.7073436817;1231;1620231211.521874969;1231
1620231211.5350739956;-0.3311792784;-1.4446629648;1.2931889607;0.7313403159;-0.0149946464;0.0052950372;0.6818272989;1620231211.5272428989;-0.0537754626;5.2450760799;1.4841010840;0.7068044050;0.0062650317;0.0071975859;-0.7073446664;1232;1620231211.573817665;1232
1620231211.5436439514;-0.3344599590;-1.4444032077;1.2932220849;0.7315063347;-0.0150184076;0.0052856405;0.6816487304;1620231211.5350840092;-0.0537626760;5.2450708224;1.4841011781;0.7068024370;0.0062566145;0.0071921800;-0.7073467625;1232;1620231211.573817665;1232
1620231211.5522758961;-0.3377758394;-1.4442304416;1.2933127977;0.7315677456;-0.0147811003;0.0053967324;0.6815871390;1620231211.5436830521;-0.0537452559;5.2450594300;1.4840976365;0.7068029707;0.0062492695;0.0071777061;-0.7073464411;1232;1620231211.573817665;1232
1620231211.5598359108;-0.3410704633;-1.4440946856;1.2934922419;0.7315968088;-0.0146016263;0.0054172793;0.6815596488;1620231211.5522921085;-0.0537495109;5.2450620633;1.4840945412;0.7068051844;0.0062518171;0.0071794820;-0.7073441886;1232;1620231211.573817665;1232
1620231211.5762670040;-0.3474809984;-1.4436907831;1.2936598594;0.7321376121;-0.0142839830;0.0053290802;0.6809861127;1620231211.5598700047;-0.0537668050;5.2450627692;1.4840920162;0.7068052758;0.0062529674;0.0071758414;-0.7073441241;1233;1620231211.599788953;1233
1620231211.5854530334;-0.3508645621;-1.4433707819;1.2937065339;0.7323229765;-0.0137109027;0.0055480295;0.6807968042;1620231211.5762839317;-0.0537385584;5.2450681163;1.4840924996;0.7068076572;0.0062522526;0.0071747033;-0.7073417623;1233;1620231211.599788953;1233
1620231211.5935180187;-0.3540079724;-1.4432213022;1.2938226155;0.7324922534;-0.0135689458;0.0056374622;0.6806167802;1620231211.5854690075;-0.0537416641;5.2450681396;1.4840885526;0.7068107705;0.0062542703;0.0071752623;-0.7073386279;1233;1620231211.599788953;1233
1620231211.6021609306;-0.3571521065;-1.4430230117;1.2938715056;0.7327729591;-0.0135507582;0.0056972971;0.6803144186;1620231211.5935659409;-0.0537708713;5.2450655768;1.4840946479;0.7068093070;0.0062496880;0.0071784383;-0.7073400985;1234;1620231211.651731705;1234
1620231211.6100289822;-0.3604506474;-1.4427981737;1.2938943794;0.7328538579;-0.0134527050;0.0059494923;0.6802270586;1620231211.6021978855;-0.0537416054;5.2450553903;1.4840864719;0.7068124385;0.0062456774;0.0071672349;-0.7073371184;1234;1620231211.651731705;1234
1620231211.6266419888;-0.3671605575;-1.4423620206;1.2939112020;0.7331095432;-0.0133528061;0.0068297141;0.6799451855;1620231211.6100831032;-0.0537460719;5.2450693765;1.4840851589;0.7068140869;0.0062628843;0.0071855671;-0.7073351331;1234;1620231211.651731705;1234
1620231211.6356689930;-0.3704979456;-1.4421549395;1.2939557499;0.7332841519;-0.0134055317;0.0069850991;0.6797542590;1620231211.6266760826;-0.0537431117;5.2450838029;1.4840855016;0.7068140300;0.0062712883;0.0071959533;-0.7073350099;1234;1620231211.651731705;1234
1620231211.6422300339;-0.3738927324;-1.4419476658;1.2939709031;0.7333323881;-0.0136331492;0.0069023782;0.6796985383;1620231211.6356849670;-0.0537413493;5.2450670960;1.4840832337;0.7068147989;0.0062511270;0.0071740961;-0.7073346420;1235;1620231211.677703089;1235
1620231211.6515638828;-0.3770802982;-1.4417660183;1.2939923104;0.7337375454;-0.0138208691;0.0068973205;0.6792574070;1620231211.6422400475;-0.0537657118;5.2450687206;1.4840889401;0.7068123234;0.0062496727;0.0071788126;-0.7073370807;1235;1620231211.677703089;1235
1620231211.6677360535;-0.3836202249;-1.4413595234;1.2940076161;0.7340547535;-0.0141837237;0.0066617343;0.6789094654;1620231211.6515750885;-0.0537450026;5.2450713332;1.4840832710;0.7068112394;0.0062551031;0.0071853053;-0.7073380500;1235;1620231211.677703089;1235
1620231211.6760799885;-0.3868227970;-1.4411951703;1.2940432883;0.7343955360;-0.0141474283;0.0067248827;0.6785409515;1620231211.6677470207;-0.0537656392;5.2450697311;1.4840900626;0.7068101907;0.0062518590;0.0071850818;-0.7073391288;1236;1620231211.703674425;1236
1620231211.6842041016;-0.3900481327;-1.4409968831;1.2939756398;0.7347186098;-0.0146024498;0.0064479843;0.6781841611;1620231211.6761000156;-0.0537452799;5.2450774652;1.4840851255;0.7068100564;0.0062668659;0.0071978866;-0.7073390000;1236;1620231211.703674425;1236
1620231211.6924669743;-0.3931870039;-1.4408542569;1.2939366910;0.7350604646;-0.0149093412;0.0062753733;0.6778085604;1620231211.6842150688;-0.0537358422;5.2450790073;1.4840804433;0.7068082776;0.0062696226;0.0071967948;-0.7073407642;1236;1620231211.703674425;1236
1620231211.7021939754;-0.3963605209;-1.4406560747;1.2939388277;0.7354424374;-0.0150397545;0.0062103265;0.6773918060;1620231211.6925001144;-0.0537386995;5.2450794665;1.4840807161;0.7068104395;0.0062694946;0.0072000491;-0.7073385719;1236;1620231211.703674425;1236
1620231211.7109949589;-0.3996707495;-1.4404597090;1.2939404599;0.7357057913;-0.0152491669;0.0060173769;0.6771028303;1620231211.7022130489;-0.0537472797;5.2450741164;1.4840814590;0.7068090006;0.0062630894;0.0071961718;-0.7073401060;1237;1620231211.755617097;1237
1620231211.7191739082;-0.4029456407;-1.4402451890;1.2938762354;0.7358566465;-0.0155327052;0.0058538257;0.6769338695;1620231211.7110159397;-0.0537610195;5.2450768295;1.4840883646;0.7068089565;0.0062693192;0.0071991343;-0.7073400647;1237;1620231211.755617097;1237
1620231211.7356760502;-0.4095668173;-1.4398283424;1.2937292405;0.7361283869;-0.0160744116;0.0059844304;0.6766245620;1620231211.7192039490;-0.0537703508;5.2450807532;1.4840876132;0.7068060582;0.0062702739;0.0072052846;-0.7073428897;1237;1620231211.755617097;1237
1620231211.7442300320;-0.4128027395;-1.4396286117;1.2937212558;0.7362875740;-0.0163525723;0.0056591607;0.6764474670;1620231211.7357039452;-0.0537459575;5.2450698253;1.4840867701;0.7068065476;0.0062628237;0.0071899076;-0.7073426231;1237;1620231211.755617097;1237
1620231211.7530529499;-0.4161471424;-1.4394018955;1.2936881964;0.7365368294;-0.0163308291;0.0058573865;0.6761748989;1620231211.7443029881;-0.0537420017;5.2450709852;1.4840882414;0.7068044011;0.0062613534;0.0071879449;-0.7073448010;1238;1620231211.781588513;1238
1620231211.7611620426;-0.4193599644;-1.4392241339;1.2936365915;0.7367836512;-0.0165670725;0.0057492200;0.6759011244;1620231211.7530820370;-0.0537359184;5.2450717873;1.4840848996;0.7068040252;0.0062642022;0.0071882403;-0.7073451483;1238;1620231211.781588513;1238
1620231211.7699849606;-0.4225685891;-1.4390478984;1.2936103269;0.7370496321;-0.0167782117;0.0055523970;0.6756075062;1620231211.7611789703;-0.0537353970;5.2450660534;1.4840851407;0.7068045556;0.0062641280;0.0071850485;-0.7073446515;1238;1620231211.781588513;1238
1620231211.7861239910;-0.4291309058;-1.4386936573;1.2936287856;0.7374611537;-0.0170482396;0.0049843424;0.6751559528;1620231211.7700130939;-0.0537287263;5.2450522945;1.4840823607;0.7068062208;0.0062507457;0.0071691783;-0.7073432669;1239;1620231211.833531201;1239
1620231211.7933940887;-0.4325223393;-1.4384751615;1.2936515277;0.7375805911;-0.0169222761;0.0048547377;0.6750295843;1620231211.7861518860;-0.0537300397;5.2450656505;1.4840812992;0.7068045895;0.0062603370;0.0071833894;-0.7073446680;1239;1620231211.833531201;1239
1620231211.8019111156;-0.4357928999;-1.4383004099;1.2936400967;0.7376434452;-0.0171955987;0.0045975820;0.6749557921;1620231211.7934238911;-0.0537246553;5.2450634071;1.4840780313;0.7068058222;0.0062640617;0.0071848743;-0.7073433882;1239;1620231211.833531201;1239
1620231211.8097660542;-0.4390839658;-1.4381351540;1.2936480604;0.7379930590;-0.0170028648;0.0047016497;0.6745776767;1620231211.8019390106;-0.0537299281;5.2450582136;1.4840789805;0.7068066336;0.0062586649;0.0071807549;-0.7073426670;1239;1620231211.833531201;1239
1620231211.8273100853;-0.4457230993;-1.4377795442;1.2937146438;0.7382890717;-0.0164716096;0.0046240840;0.6742674176;1620231211.8097910881;-0.0537251037;5.2450467745;1.4840756968;0.7068058863;0.0062531533;0.0071741037;-0.7073435300;1240;1620231211.859502561;1240
1620231211.8360400200;-0.4489788163;-1.4375316478;1.2937395924;0.7382828008;-0.0164437143;0.0044178083;0.6742763479;1620231211.8273329735;-0.0537216678;5.2450496331;1.4840687658;0.7068053969;0.0062683445;0.0071859896;-0.7073437639;1240;1620231211.859502561;1240
1620231211.8537850380;-0.4555887968;-1.4371245800;1.2937583183;0.7385329817;-0.0160271307;0.0046138486;0.6740110374;1620231211.8360691071;-0.0537187070;5.2450419134;1.4840739017;0.7068045931;0.0062553402;0.0071725032;-0.7073448190;1240;1620231211.859502561;1240
1620231211.8614408970;-0.4588868864;-1.4369237727;1.2937684900;0.7386032428;-0.0160760028;0.0045839742;0.6739330820;1620231211.8538119793;-0.0537284948;5.2450518380;1.4840820848;0.7068030197;0.0062576005;0.0071826989;-0.7073462678;1241;1620231211.885473817;1241
1620231211.8687739372;-0.4621104488;-1.4367669549;1.2937859038;0.7389565484;-0.0160772178;0.0046540818;0.6735451597;1620231211.8614580631;-0.0537248331;5.2450526356;1.4840836994;0.7068026979;0.0062564749;0.0071795416;-0.7073466314;1241;1620231211.885473817;1241
1620231211.8770430088;-0.4655096468;-1.4365324489;1.2938076887;0.7390145478;-0.0159992709;0.0046802049;0.6734831974;1620231211.8688030243;-0.0537184020;5.2450519799;1.4840819594;0.7067997613;0.0062609705;0.0071836088;-0.7073494847;1241;1620231211.885473817;1241
1620231211.8859550953;-0.4687827108;-1.4363389545;1.2938692755;0.7392924632;-0.0158805511;0.0045633349;0.6731817273;1620231211.8770840168;-0.0537208294;5.2450333545;1.4840831438;0.7068003126;0.0062460344;0.0071656896;-0.7073492476;1242;1620231211.937416609;1242
1620231211.9025518894;-0.4754712424;-1.4359438172;1.2939507191;0.7395798851;-0.0153392471;0.0048288163;0.6728766481;1620231211.8859820366;-0.0537105299;5.2450417736;1.4840808980;0.7068024037;0.0062554509;0.0071692137;-0.7073470392;1242;1620231211.937416609;1242
1620231211.9106578827;-0.4786484944;-1.4357676394;1.2939677104;0.7397453635;-0.0152535636;0.0047885242;0.6726969570;1620231211.9025619030;-0.0537206215;5.2450490893;1.4840841256;0.7068034834;0.0062606710;0.0071820422;-0.7073457840;1242;1620231211.937416609;1242
1620231211.9275801182;-0.4852944713;-1.4353994362;1.2939830277;0.7400203621;-0.0149872245;0.0053253263;0.6723963769;1620231211.9107079506;-0.0537127619;5.2450492957;1.4840794608;0.7068038146;0.0062608556;0.0071817544;-0.7073454543;1242;1620231211.937416609;1242
1620231211.9359369278;-0.4887307766;-1.4350328107;1.2942583491;0.7400218557;-0.0141013521;0.0051412440;0.6724153275;1620231211.9276049137;-0.0537236091;5.2450549671;1.4840829353;0.7068010748;0.0062573044;0.0071822186;-0.7073482187;1243;1620231211.963387961;1243
1620231211.9438569546;-0.4919982626;-1.4348397589;1.2942296475;0.7401109475;-0.0141742638;0.0053406587;0.6723141773;1620231211.9359641075;-0.0537218026;5.2450581765;1.4840820924;0.7068053200;0.0062594274;0.0071825704;-0.7073439544;1243;1620231211.963387961;1243
1620231211.9527099133;-0.4953190714;-1.4346244998;1.2942651828;0.7401966334;-0.0142423492;0.0054280016;0.6722177000;1620231211.9438679218;-0.0537236695;5.2450564166;1.4840865938;0.7068027509;0.0062566729;0.0071818448;-0.7073465533;1243;1620231211.963387961;1243
1620231211.9608321190;-0.4986863994;-1.4343911072;1.2942625304;0.7402905791;-0.0141401974;0.0056554450;0.6721145209;1620231211.9527380466;-0.0537179596;5.2450532499;1.4840815956;0.7068044310;0.0062601309;0.0071802296;-0.7073448603;1243;1620231211.963387961;1243
1620231211.9690639973;-0.5019784737;-1.4341615355;1.2943209685;0.7403971836;-0.0142538946;0.0055353821;0.6719956820;1620231211.9609169960;-0.0537229314;5.2450490004;1.4840839720;0.7068049567;0.0062529634;0.0071748100;-0.7073444534;1244;1620231211.989359329;1244
1620231211.9854800701;-0.5084367486;-1.4337809465;1.2943411319;0.7409350565;-0.0147076407;0.0051945623;0.6713955197;1620231211.9691009521;-0.0537167015;5.2450588392;1.4840770460;0.7068042825;0.0062628565;0.0071834462;-0.7073449519;1244;1620231211.989359329;1244
1620231212.0038568974;-0.5150552313;-1.4333006103;1.2944803756;0.7412886166;-0.0138363701;0.0056531693;0.6710199575;1620231211.9855089188;-0.0537165296;5.2450565932;1.4840808794;0.7068028665;0.0062571325;0.0071805657;-0.7073464467;1245;1620231212.041301969;1245
1620231212.0117409229;-0.5184214570;-1.4330645165;1.2945184979;0.7413846788;-0.0137713908;0.0057301851;0.6709145041;1620231212.0038840771;-0.0537233330;5.2450641758;1.4840789407;0.7068031066;0.0062665162;0.0071914801;-0.7073460128;1245;1620231212.041301969;1245
1620231212.0197560787;-0.5217221605;-1.4329788013;1.2944281640;0.7419284117;-0.0140063303;0.0063880587;0.6703023551;1620231212.0117700100;-0.0537186361;5.2450602622;1.4840751129;0.7068021644;0.0062619647;0.0071853119;-0.7073470574;1245;1620231212.041301969;1245
1620231212.0365540981;-0.5285147164;-1.4325155616;1.2945513256;0.7419969784;-0.0140959429;0.0063645049;0.6702247992;1620231212.0197849274;-0.0537485514;5.2450789148;1.4840781055;0.7068018055;0.0062730895;0.0072030849;-0.7073471366;1245;1620231212.041301969;1245
1620231212.0439069271;-0.5318216431;-1.4323142571;1.2945381994;0.7422288090;-0.0143802843;0.0065212929;0.6699605028;1620231212.0365869999;-0.0537396436;5.2450806166;1.4840719170;0.7068019233;0.0062713937;0.0071994916;-0.7073470705;1246;1620231212.067273345;1246
1620231212.0531458855;-0.5351479022;-1.4321189164;1.2945710550;0.7424727481;-0.0146679229;0.0063762628;0.6696853094;1620231212.0439279079;-0.0537063629;5.2450773706;1.4840653578;0.7068035319;0.0062710420;0.0071923351;-0.7073455391;1246;1620231212.067273345;1246
1620231212.0618801117;-0.5384631536;-1.4319087839;1.2946165628;0.7427381197;-0.0148457900;0.0061755067;0.6693889386;1620231212.0531749725;-0.0537197114;5.2450809145;1.4840681572;0.7068054086;0.0062775613;0.0071986406;-0.7073435418;1246;1620231212.067273345;1246
1620231212.0703730583;-0.5417391499;-1.4316880722;1.2946529453;0.7429757847;-0.0150083999;0.0059149474;0.6691238635;1620231212.0619089603;-0.0537130262;5.2450765746;1.4840687042;0.7068046949;0.0062681100;0.0071902369;-0.7073444242;1247;1620231212.119216049;1247
1620231212.0870180130;-0.5483304007;-1.4312811019;1.2947593714;0.7434883170;-0.0150649981;0.0056777934;0.6685551069;1620231212.0704081059;-0.0537182707;5.2450855581;1.4840708320;0.7068065299;0.0062795366;0.0071973087;-0.7073424174;1247;1620231212.119216049;1247
1620231212.1023130417;-0.5548631967;-1.4307726214;1.2948755259;0.7439819706;-0.0151505419;0.0052673635;0.6680071433;1620231212.0870349407;-0.0537194389;5.2450745563;1.4840751301;0.7068077489;0.0062641093;0.0071844170;-0.7073414672;1247;1620231212.119216049;1247
1620231212.1103150845;-0.5581736761;-1.4305578153;1.2948473028;0.7441802602;-0.0154135469;0.0052412231;0.6677804223;1620231212.1023240089;-0.0537156007;5.2450723272;1.4840741516;0.7068055533;0.0062607773;0.0071812243;-0.7073437230;1248;1620231212.145187401;1248
1620231212.1263790131;-0.5647582058;-1.4300871038;1.2948816046;0.7447359609;-0.0159891488;0.0049098271;0.6671496003;1620231212.1103539467;-0.0537481592;5.2450802643;1.4840782668;0.7068081372;0.0062693266;0.0071898065;-0.7073409782;1248;1620231212.145187401;1248
1620231212.1348209381;-0.5681427087;-1.4298206391;1.2948841783;0.7447879076;-0.0162115671;0.0048671347;0.6670865527;1620231212.1263940334;-0.0537421313;5.2450800445;1.4840824408;0.7068046679;0.0062686301;0.0071901907;-0.7073444471;1248;1620231212.145187401;1248
1620231212.1522679329;-0.5746031955;-1.4293929408;1.2948471545;0.7453899274;-0.0169146745;0.0044534890;0.6663992170;1620231212.1348330975;-0.0537211758;5.2450749429;1.4840773016;0.7068059743;0.0062672921;0.0071847493;-0.7073432088;1249;1620231212.171158817;1249
1620231212.1600859165;-0.5779671381;-1.4291187551;1.2948706909;0.7455982018;-0.0167812202;0.0043272640;0.6661703888;1620231212.1522850990;-0.0537242369;5.2450736407;1.4840816437;0.7068041338;0.0062626357;0.0071832937;-0.7073451040;1249;1620231212.171158817;1249
1620231212.1685979366;-0.5812316361;-1.4288912543;1.2949118475;0.7459066895;-0.0167973994;0.0041030071;0.6658259708;1620231212.1600959301;-0.0537294618;5.2450796689;1.4840790839;0.7068034035;0.0062671812;0.0071905471;-0.7073457198;1249;1620231212.171158817;1249
1620231212.1853160858;-0.5880833212;-1.4283488303;1.2950212942;0.7460360460;-0.0163667379;0.0038023463;0.6656935407;1620231212.1686089039;-0.0537270602;5.2450733541;1.4840767085;0.7068040384;0.0062627802;0.0071850338;-0.7073451804;1250;1620231212.223101473;1250
1620231212.1934819221;-0.5913431249;-1.4280994056;1.2949905452;0.7463273855;-0.0164413733;0.0037463776;0.6653653729;1620231212.1853320599;-0.0537247739;5.2450695275;1.4840772880;0.7068049643;0.0062626325;0.0071830084;-0.7073442770;1250;1620231212.223101473;1250
1620231212.2018289566;-0.5947664128;-1.4278910249;1.2949221059;0.7464682931;-0.0166465123;0.0038851690;0.6652013879;1620231212.1935091019;-0.0537314907;5.2450697922;1.4840750462;0.7068064467;0.0062637367;0.0071886267;-0.7073427290;1250;1620231212.223101473;1250
1620231212.2102739811;-0.5979921295;-1.4276932504;1.2949419561;0.7468892321;-0.0170559829;0.0035032613;0.6647204643;1620231212.2018458843;-0.0537566161;5.2450714178;1.4840835710;0.7068090659;0.0062608779;0.0071874415;-0.7073401491;1250;1620231212.223101473;1250
1620231212.2189559937;-0.6013904019;-1.4274259915;1.2949551292;0.7470215051;-0.0169947313;0.0034989635;0.6645734025;1620231212.2102940083;-0.0537272154;5.2450736267;1.4840808059;0.7068085761;0.0062613527;0.0071870696;-0.7073406381;1251;1620231212.249072825;1251
1620231212.2353041172;-0.6080145956;-1.4271661824;1.2948461501;0.7474653363;-0.0175449935;0.0034433829;0.6640601535;1620231212.2189719677;-0.0537332671;5.2450764508;1.4840809652;0.7068103918;0.0062629982;0.0071910953;-0.7073387682;1251;1620231212.249072825;1251
1620231212.2518060207;-0.6147760061;-1.4267039652;1.2948923921;0.7478091008;-0.0172343095;0.0033086580;0.6636818365;1620231212.2353200912;-0.0537279350;5.2450697444;1.4840822838;0.7068085129;0.0062587247;0.0071835444;-0.7073407603;1251;1620231212.249072825;1251
1620231212.2599399090;-0.6180696296;-1.4264681433;1.2949422748;0.7480499596;-0.0170339367;0.0030722862;0.6634166594;1620231212.2518229485;-0.0537310528;5.2450549199;1.4840805406;0.7068065094;0.0062509669;0.0071763589;-0.7073429038;1252;1620231212.301015481;1252
1620231212.2766458988;-0.6249385048;-1.4260083050;1.2949821862;0.7483190461;-0.0167200892;0.0030011459;0.6631214345;1620231212.2599549294;-0.0537243990;5.2450574038;1.4840760624;0.7068059128;0.0062593099;0.0071794541;-0.7073433948;1252;1620231212.301015481;1252
1620231212.2849171162;-0.6283305269;-1.4257653719;1.2949561885;0.7484521590;-0.0166874898;0.0029369310;0.6629722979;1620231212.2766780853;-0.0537284614;5.2450625980;1.4840802851;0.7068017590;0.0062599419;0.0071877667;-0.7073474554;1252;1620231212.301015481;1252
1620231212.2928891182;-0.6317519615;-1.4254914639;1.2950059826;0.7485256356;-0.0164957950;0.0027940190;0.6628947542;1620231212.2849280834;-0.0537314572;5.2450595327;1.4840811551;0.7068032584;0.0062647788;0.0071871457;-0.7073459206;1253;1620231212.326986937;1253
1620231212.3006689548;-0.6351615796;-1.4253410245;1.2949691437;0.7487843380;-0.0165657008;0.0029917948;0.6625999109;1620231212.2929239273;-0.0537357010;5.2450385248;1.4840806595;0.7068030772;0.0062460752;0.0071675307;-0.7073464661;1253;1620231212.326986937;1253
1620231212.3088579178;-0.6385690745;-1.4251574090;1.2949477252;0.7490410179;-0.0165812723;0.0034435519;0.6623071470;1620231212.3006799221;-0.0537279969;5.2450416002;1.4840788745;0.7068014524;0.0062460193;0.0071708914;-0.7073480560;1253;1620231212.326986937;1253
1620231212.3178579807;-0.6420023440;-1.4248937553;1.2951333319;0.7491160856;-0.0161517224;0.0028256839;0.6622357796;1620231212.3088750839;-0.0537546841;5.2450451575;1.4840839958;0.7068030259;0.0062519968;0.0071749535;-0.7073463898;1253;1620231212.326986937;1253
1620231212.3342339993;-0.6486243918;-1.4244185031;1.2952217560;0.7495345124;-0.0159641369;0.0026221149;0.6617675465;1620231212.3178689480;-0.0537315459;5.2450472742;1.4840765005;0.7068037298;0.0062596981;0.0071793135;-0.7073455741;1254;1620231212.378929641;1254
1620231212.3427479267;-0.6520386525;-1.4241785621;1.2952939664;0.7496156764;-0.0157221827;0.0025771554;0.6616815767;1620231212.3342449665;-0.0537280207;5.2450399492;1.4840718855;0.7068031190;0.0062490954;0.0071719814;-0.7073463525;1254;1620231212.378929641;1254
1620231212.3508920670;-0.6554150638;-1.4239760032;1.2953440705;0.7496122652;-0.0156829076;0.0026119312;0.6616862369;1620231212.3427588940;-0.0537336854;5.2450593136;1.4840721525;0.7068021724;0.0062690140;0.0071924799;-0.7073469140;1254;1620231212.378929641;1254
1620231212.3674108982;-0.6623147887;-1.4234278875;1.2955411685;0.7500447720;-0.0151468478;0.0023225023;0.6612095121;1620231212.3509039879;-0.0537339335;5.2450449986;1.4840739177;0.7068008849;0.0062518218;0.0071798695;-0.7073484808;1254;1620231212.378929641;1254
1620231212.3760669231;-0.6656941654;-1.4232729704;1.2956112737;0.7503852960;-0.0152785947;0.0022947186;0.6608201013;1620231212.3674221039;-0.0537567488;5.2450432952;1.4840817834;0.7068061934;0.0062571478;0.0071826617;-0.7073431009;1255;1620231212.404900897;1255
1620231212.3927240372;-0.6726612840;-1.4228261755;1.2957101581;0.7505334204;-0.0147420944;0.0025256277;0.6606632098;1620231212.3760778904;-0.0537377872;5.2450521047;1.4840844079;0.7068031643;0.0062587325;0.0071868102;-0.7073460716;1255;1620231212.404900897;1255
1620231212.4017150402;-0.6761085329;-1.4225617504;1.2959042981;0.7505119113;-0.0146991141;0.0021804762;0.6606898308;1620231212.3927350044;-0.0537369989;5.2450336572;1.4840878719;0.7068010484;0.0062448018;0.0071750442;-0.7073484284;1255;1620231212.404900897;1255
1620231212.4091179371;-0.6795290229;-1.4223499875;1.2959324279;0.7507072165;-0.0145881993;0.0024051510;0.6604695866;1620231212.4017400742;-0.0537529835;5.2450315419;1.4840941212;0.7068015104;0.0062407831;0.0071688686;-0.7073480649;1256;1620231212.430872297;1256
1620231212.4268031120;-0.6862429143;-1.4219265929;1.2960674797;0.7509432013;-0.0144546637;0.0025415536;0.6602036895;1620231212.4091289043;-0.0537292183;5.2450350604;1.4840870691;0.7067999448;0.0062499090;0.0071750530;-0.7073494860;1256;1620231212.430872297;1256
1620231212.4355289936;-0.6899246283;-1.4216092696;1.2961209714;0.7507273772;-0.0139937185;0.0028998148;0.6604575475;1620231212.4268140793;-0.0537470056;5.2450284410;1.4840838223;0.7068022355;0.0062450874;0.0071662404;-0.7073473290;1256;1620231212.430872297;1256
1620231212.4523010254;-0.6969334905;-1.4211840334;1.2961654288;0.7509756598;-0.0138529193;0.0035988917;0.6601747519;1620231212.4355549812;-0.0537521746;5.2450347849;1.4840879405;0.7068009473;0.0062474609;0.0071747891;-0.7073485086;1257;1620231212.482815017;1257
1620231212.4601769447;-0.7003350316;-1.4209885748;1.2961344566;0.7511338755;-0.0140263199;0.0038287731;0.6599897756;1620231212.4523119926;-0.0537281629;5.2450224877;1.4840860978;0.7068010842;0.0062426796;0.0071639395;-0.7073485239;1257;1620231212.482815017;1257
1620231212.4772911072;-0.7070116622;-1.4207747296;1.2962165230;0.7518180170;-0.0141393257;0.0041031456;0.6592062749;1620231212.4601960182;-0.0537279368;5.2450150384;1.4840880146;0.7068037977;0.0062359107;0.0071602532;-0.7073459095;1257;1620231212.482815017;1257
1620231212.4869229794;-0.7103185114;-1.4206557257;1.2961096801;0.7522060905;-0.0145184054;0.0043055971;0.6587538805;1620231212.4773149490;-0.0537618655;5.2450217034;1.4840925398;0.7068049518;0.0062354340;0.0071639092;-0.7073447235;1258;1620231212.508786329;1258
1620231212.4940729141;-0.7137239179;-1.4204632022;1.2961643563;0.7524163831;-0.0142885420;0.0045538966;0.6585170355;1620231212.4869470596;-0.0537358971;5.2450275563;1.4840886375;0.7068057645;0.0062404655;0.0071667789;-0.7073438380;1258;1620231212.508786329;1258
1620231212.5031518936;-0.7171572392;-1.4202965406;1.2961923590;0.7524863958;-0.0141666218;0.0048209030;0.6584377646;1620231212.4941680431;-0.0537367142;5.2450236087;1.4840874687;0.7068064968;0.0062367333;0.0071649454;-0.7073431578;1258;1620231212.508786329;1258
1620231212.5117700100;-0.7204343148;-1.4201146855;1.2962480873;0.7529482079;-0.0141042130;0.0048664497;0.6579106208;1620231212.5031769276;-0.0537337933;5.2450369384;1.4840879813;0.7068068401;0.0062499833;0.0071742850;-0.7073426030;1258;1620231212.508786329;1258
1620231212.5193068981;-0.7239403542;-1.4198992450;1.2962642905;0.7530270352;-0.0139459475;0.0051229050;0.6578218228;1620231212.5118219852;-0.0537430300;5.2450319701;1.4840820962;0.7068087785;0.0062449630;0.0071703803;-0.7073407501;1259;1620231212.560729105;1259
1620231212.5367159843;-0.7309748679;-1.4195232811;1.2962406808;0.7531841101;-0.0144165062;0.0060108792;0.6576243077;1620231212.5193328857;-0.0537411250;5.2450352964;1.4840820620;0.7068078070;0.0062407384;0.0071673532;-0.7073417888;1259;1620231212.560729105;1259
1620231212.5451290607;-0.7344449986;-1.4193086758;1.2962492831;0.7532369974;-0.0144389815;0.0058703735;0.6575645066;1620231212.5367269516;-0.0537362917;5.2450338766;1.4840802380;0.7068070915;0.0062407768;0.0071656637;-0.7073425206;1259;1620231212.560729105;1259
1620231212.5526471138;-0.7379644769;-1.4191292314;1.2962500298;0.7533119349;-0.0146408407;0.0064211950;0.6574690432;1620231212.5451400280;-0.0537350339;5.2450292037;1.4840814429;0.7068068424;0.0062367679;0.0071600770;-0.7073428614;1260;1620231212.586700409;1260
1620231212.5606501102;-0.7413847403;-1.4189222393;1.2962749619;0.7534992572;-0.0143823047;0.0063207842;0.6572610337;1620231212.5526700020;-0.0537333295;5.2450367420;1.4840824317;0.7068060779;0.0062465011;0.0071640911;-0.7073434988;1260;1620231212.586700409;1260
1620231212.5693740845;-0.7448330872;-1.4187498109;1.2963165426;0.7536802725;-0.0143420846;0.0063401987;0.6570541479;1620231212.5606729984;-0.0537383742;5.2450477937;1.4840847727;0.7068067896;0.0062551986;0.0071737012;-0.7073426134;1260;1620231212.586700409;1260
1620231212.5861670971;-0.7516021392;-1.4183619925;1.2964051881;0.7542867513;-0.0143270982;0.0062387969;0.6563591307;1620231212.5693991184;-0.0537444477;5.2450353881;1.4840871635;0.7068068274;0.0062426558;0.0071617035;-0.7073428080;1260;1620231212.586700409;1260
1620231212.5942308903;-0.7549865857;-1.4181575968;1.2964157503;0.7545309088;-0.0144356279;0.0061654706;0.6560767541;1620231212.5861918926;-0.0537383868;5.2450458548;1.4840877041;0.7068041303;0.0062450553;0.0071656532;-0.7073454418;1261;1620231212.638643121;1261
1620231212.6025440693;-0.7584545942;-1.4179764609;1.2964428112;0.7546365654;-0.0143700885;0.0064378226;0.6559540450;1620231212.5942940712;-0.0537566678;5.2450343639;1.4840889301;0.7068023591;0.0062283289;0.0071537216;-0.7073474800;1261;1620231212.638643121;1261
1620231212.6110100746;-0.7618317981;-1.4177992467;1.2964230887;0.7547187244;-0.0147081792;0.0065307565;0.6558511002;1620231212.6025550365;-0.0537395696;5.2450426668;1.4840796991;0.7068046430;0.0062466531;0.0071676121;-0.7073448956;1261;1620231212.638643121;1261
1620231212.6277580261;-0.7687291121;-1.4173882623;1.2963958054;0.7551895451;-0.0150460479;0.0068694753;0.6552977779;1620231212.6110548973;-0.0537353063;5.2450493297;1.4840841245;0.7068055857;0.0062512879;0.0071676124;-0.7073439127;1261;1620231212.638643121;1261
1620231212.6359250546;-0.7722047778;-1.4171770172;1.2964440854;0.7552447095;-0.0152577583;0.0067402173;0.6552306457;1620231212.6277830601;-0.0537594945;5.2450511698;1.4840913364;0.7068038663;0.0062477122;0.0071698371;-0.7073456398;1262;1620231212.664614521;1262
1620231212.6435649395;-0.7756329313;-1.4170036499;1.2964577119;0.7554194613;-0.0153742325;0.0067407338;0.6550264368;1620231212.6359479427;-0.0537403858;5.2450430374;1.4840922401;0.7068044470;0.0062422741;0.0071653423;-0.7073451530;1262;1620231212.664614521;1262
1620231212.6522030830;-0.7790865973;-1.4167589958;1.2965115716;0.7555655902;-0.0154018152;0.0066130453;0.6548585272;1620231212.6435880661;-0.0537394480;5.2450476821;1.4840901080;0.7068063138;0.0062473323;0.0071706029;-0.7073431898;1262;1620231212.664614521;1262
1620231212.6609129906;-0.7823606165;-1.4165727227;1.2965865943;0.7560138671;-0.0153962105;0.0063901148;0.6543433013;1620231212.6522159576;-0.0537435547;5.2450449520;1.4840863639;0.7068089386;0.0062536673;0.0071734592;-0.7073404820;1262;1620231212.664614521;1262
1620231212.6698529720;-0.7857807797;-1.4163829716;1.2966995612;0.7562514325;-0.0152167448;0.0061004092;0.6540756887;1620231212.6609659195;-0.0537431500;5.2450381765;1.4840917128;0.7068047726;0.0062426058;0.0071642970;-0.7073448354;1263;1620231212.690585817;1263
1620231212.6866710186;-0.7925887928;-1.4159632031;1.2966847077;0.7565480288;-0.0154335414;0.0060827210;0.6537276852;1620231212.6698889732;-0.0537435349;5.2450352189;1.4840881520;0.7068090174;0.0062479454;0.0071673939;-0.7073405153;1263;1620231212.690585817;1263
1620231212.6937980652;-0.7959842786;-1.4157774702;1.2966296482;0.7567139409;-0.0159093015;0.0063456024;0.6535217205;1620231212.6866939068;-0.0537480671;5.2450327898;1.4840877865;0.7068050448;0.0062430324;0.0071653919;-0.7073445486;1263;1620231212.690585817;1263
1620231212.7031450272;-0.7994041082;-1.4155109957;1.2966169971;0.7568850549;-0.0159579843;0.0061051998;0.6533246382;1620231212.6938219070;-0.0537453754;5.2450366361;1.4840889159;0.7068038492;0.0062459055;0.0071703024;-0.7073456681;1264;1620231212.742528529;1264
1620231212.7109110355;-0.8027764597;-1.4153457366;1.2966193589;0.7570377239;-0.0164364911;0.0060225980;0.6531366279;1620231212.7031691074;-0.0537524881;5.2450315675;1.4840915100;0.7068048119;0.0062445448;0.0071700339;-0.7073447209;1264;1620231212.742528529;1264
1620231212.7190721035;-0.8062714736;-1.4150990703;1.2965898886;0.7570555006;-0.0165697511;0.0060183088;0.6531126950;1620231212.7109351158;-0.0537479308;5.2450186993;1.4840908879;0.7068041193;0.0062351306;0.0071586971;-0.7073456108;1264;1620231212.742528529;1264
1620231212.7367880344;-0.8131903662;-1.4146792407;1.2967079059;0.7571126376;-0.0168158368;0.0056210045;0.6530437091;1620231212.7190968990;-0.0537456270;5.2450238384;1.4840913507;0.7068052654;0.0062462237;0.0071673908;-0.7073442796;1264;1620231212.742528529;1264
1620231212.7448210716;-0.8164173787;-1.4144354219;1.2967328088;0.7575417088;-0.0170095625;0.0051632443;0.6525446920;1620231212.7368130684;-0.0537362754;5.2450335246;1.4840889299;0.7067994268;0.0062525538;0.0071734332;-0.7073499966;1265;1620231212.768499865;1265
1620231212.7527461052;-0.8197114807;-1.4142688032;1.2968349104;0.7579995555;-0.0170805170;0.0046344993;0.6520149164;1620231212.7448399067;-0.0537316477;5.2450288616;1.4840871394;0.7067975995;0.0062488267;0.0071666731;-0.7073519239;1265;1620231212.768499865;1265
1620231212.7595670223;-0.8230833557;-1.4141710589;1.2968213207;0.7584500121;-0.0171921197;0.0047331646;0.6514872273;1620231212.7527699471;-0.0537347744;5.2450416850;1.4840824678;0.7067974739;0.0062584149;0.0071786665;-0.7073518430;1265;1620231212.768499865;1265
1620231212.7769949436;-0.8299574255;-1.4136948843;1.2968232167;0.7584908656;-0.0169932444;0.0047598813;0.6514446868;1620231212.7595911026;-0.0537511614;5.2450467542;1.4840848688;0.7067984878;0.0062612256;0.0071805405;-0.7073507860;1266;1620231212.820442617;1266
1620231212.7859499454;-0.8333814782;-1.4134609514;1.2967872378;0.7586839489;-0.0169881686;0.0048802369;0.6512190500;1620231212.7770180702;-0.0537255271;5.2450512699;1.4840846300;0.7068025430;0.0062595398;0.0071793509;-0.7073467610;1266;1620231212.820442617;1266
1620231212.8032720089;-0.8401964803;-1.4129944134;1.2967917246;0.7590695089;-0.0173329322;0.0046876529;0.6507619196;1620231212.7859740257;-0.0537425406;5.2450593631;1.4840853570;0.7068063206;0.0062591286;0.0071797751;-0.7073429856;1266;1620231212.820442617;1266
1620231212.8107349873;-0.8436300153;-1.4127855930;1.2967907989;0.7592717623;-0.0175837255;0.0049233058;0.6505174591;1620231212.8032948971;-0.0537218490;5.2450523500;1.4840789390;0.7068050290;0.0062589378;0.0071776690;-0.7073442993;1267;1620231212.846413961;1267
1620231212.8273160458;-0.8504450127;-1.4123396271;1.2968791273;0.7596361855;-0.0178352225;0.0042111313;0.6500900222;1620231212.8107590675;-0.0537258855;5.2450486312;1.4840770716;0.7068037851;0.0062537507;0.0071764736;-0.7073456003;1267;1620231212.846413961;1267
1620231212.8364479542;-0.8538206843;-1.4121351077;1.2969370916;0.7599174788;-0.0178989000;0.0037308331;0.6497623686;1620231212.8273398876;-0.0537488392;5.2450410304;1.4840819556;0.7068023107;0.0062461463;0.0071721302;-0.7073471848;1267;1620231212.846413961;1267
1620231212.8439779282;-0.8572489791;-1.4119436923;1.2969791563;0.7600749749;-0.0179601641;0.0033700099;0.6495784079;1620231212.8364760876;-0.0537324258;5.2450438892;1.4840748799;0.7068014167;0.0062578408;0.0071823635;-0.7073478708;1267;1620231212.846413961;1267
1620231212.8529119492;-0.8607115239;-1.4116960341;1.2970528068;0.7602023159;-0.0178824914;0.0031298926;0.6494327211;1620231212.8440120220;-0.0537260555;5.2450332306;1.4840752477;0.7068018797;0.0062492122;0.0071693582;-0.7073476164;1268;1620231212.872385337;1268
1620231212.8609271049;-0.8641364142;-1.4114753090;1.2970793839;0.7604505465;-0.0178189371;0.0030195558;0.6491443092;1620231212.8529450893;-0.0537219050;5.2450322143;1.4840770232;0.7067982085;0.0062461838;0.0071648579;-0.7073513572;1268;1620231212.872385337;1268
1620231212.8768239021;-0.8710233628;-1.4109676552;1.2971188920;0.7607690626;-0.0179880464;0.0028257446;0.6487671992;1620231212.8609519005;-0.0537268045;5.2450331395;1.4840773167;0.7068005263;0.0062461898;0.0071692941;-0.7073489962;1268;1620231212.872385337;1268
1620231212.8852040768;-0.8744146023;-1.4107110064;1.2971288581;0.7610007243;-0.0182054680;0.0026709662;0.6484900342;1620231212.8768479824;-0.0537279612;5.2450397536;1.4840769664;0.7068002573;0.0062561605;0.0071772644;-0.7073490960;1269;1620231212.924328073;1269
1620231212.8940720558;-0.8776954356;-1.4105209521;1.2971174801;0.7614721029;-0.0185020028;0.0025627413;0.6479285028;1620231212.8852291107;-0.0537274354;5.2450272878;1.4840753534;0.7068000253;0.0062439694;0.0071660791;-0.7073495489;1269;1620231212.924328073;1269
1620231212.9018290043;-0.8811231657;-1.4103521494;1.2971208639;0.7615602241;-0.0189012597;0.0024218754;0.6478139409;1620231212.8940958977;-0.0537269917;5.2450301673;1.4840762106;0.7068007395;0.0062486947;0.0071674198;-0.7073487800;1269;1620231212.924328073;1269
1620231212.9101669788;-0.8846147992;-1.4101065499;1.2971436261;0.7617849500;-0.0189348360;0.0023102941;0.6475490904;1620231212.9018518925;-0.0537257642;5.2450321170;1.4840745425;0.7067986415;0.0062491907;0.0071715593;-0.7073508300;1269;1620231212.924328073;1269
1620231212.9269440174;-0.8915853597;-1.4096713975;1.2973699062;0.7622284752;-0.0189768050;0.0016247790;0.6470278144;1620231212.9101951122;-0.0537288585;5.2450319131;1.4840722186;0.7068010532;0.0062495354;0.0071742495;-0.7073483899;1270;1620231212.950299361;1270
1620231212.9352030754;-0.8950998598;-1.4094523437;1.2974590461;0.7624663167;-0.0188489759;0.0014448549;0.6467516868;1620231212.9269680977;-0.0537231085;5.2450324732;1.4840721603;0.7068003457;0.0062468157;0.0071701854;-0.7073491621;1270;1620231212.950299361;1270
1620231212.9438350201;-0.8986346648;-1.4091984017;1.2975467297;0.7625605763;-0.0187219374;0.0012908479;0.6466445625;1620231212.9352180958;-0.0537264517;5.2450430338;1.4840724802;0.7068019066;0.0062512466;0.0071747968;-0.7073475165;1270;1620231212.950299361;1270
1620231212.9526391029;-0.9021463975;-1.4089701945;1.2975982026;0.7627099836;-0.0186073819;0.0012819178;0.6464716567;1620231212.9438459873;-0.0537414618;5.2450363483;1.4840766508;0.7068017730;0.0062477609;0.0071704863;-0.7073477245;1270;1620231212.950299361;1270
1620231212.9604458809;-0.9056859151;-1.4087321233;1.2976198590;0.7628331516;-0.0185370792;0.0014311534;0.6463280215;1620231212.9526638985;-0.0537270194;5.2450365306;1.4840772661;0.7068024897;0.0062452244;0.0071682730;-0.7073470532;1271;1620231213.002242113;1271
1620231212.9775409698;-0.9127680045;-1.4082536012;1.2976417318;0.7630149742;-0.0187898242;0.0014893744;0.6461059305;1620231212.9604709148;-0.0537285233;5.2450376390;1.4840754484;0.7068043874;0.0062497446;0.0071729984;-0.7073450691;1271;1620231213.002242113;1271
1620231212.9858279228;-0.9160642207;-1.4080206394;1.2976781862;0.7634745771;-0.0190541975;0.0012055677;0.6455556167;1620231212.9775640965;-0.0537515918;5.2450441664;1.4840835631;0.7068028597;0.0062486776;0.0071737561;-0.7073465974;1271;1620231213.002242113;1271
1620231212.9937779903;-0.9195894043;-1.4077674916;1.2977292887;0.7636110160;-0.0192223350;0.0009404508;0.6453896758;1620231212.9858520031;-0.0537187325;5.2450481884;1.4840766244;0.7068004037;0.0062540735;0.0071775272;-0.7073489655;1272;1620231213.028213465;1272
1620231213.0019009113;-0.9231028289;-1.4075485533;1.2977745298;0.7638129579;-0.0192818308;0.0008549104;0.6451490103;1620231212.9938030243;-0.0537262011;5.2450499698;1.4840755051;0.7068000185;0.0062542518;0.0071756747;-0.7073493677;1272;1620231213.028213465;1272
1620231213.0103919506;-0.9266183408;-1.4073245373;1.2978738088;0.7640179434;-0.0192093874;0.0005298364;0.6449087539;1620231213.0019259453;-0.0537218796;5.2450578698;1.4840729567;0.7068034774;0.0062688718;0.0071866040;-0.7073456710;1272;1620231213.028213465;1272
1620231213.0266621113;-0.9336851321;-1.4068787043;1.2979704828;0.7644758138;-0.0191282501;0.0002742099;0.6443685009;1620231213.0104138851;-0.0537202103;5.2450523358;1.4840764799;0.7068014968;0.0062589631;0.0071765743;-0.7073478397;1272;1620231213.028213465;1272
1620231213.0354089737;-0.9372597331;-1.4066507106;1.2980200404;0.7646535417;-0.0189095818;0.0002036671;0.6441640686;1620231213.0266859531;-0.0537249783;5.2450681307;1.4840782278;0.7068009908;0.0062686419;0.0071897975;-0.7073481253;1273;1620231213.054184753;1273
1620231213.0434479713;-0.9407562419;-1.4063876822;1.2981037639;0.7648225541;-0.0185440267;0.0001163392;0.6439740416;1620231213.0354330540;-0.0537219430;5.2450763587;1.4840786436;0.7068038244;0.0062781040;0.0071948676;-0.7073451584;1273;1620231213.054184753;1273
1620231213.0518538952;-0.9443904519;-1.4061546050;1.2981335611;0.7650131484;-0.0187106105;-0.0000701764;0.6437427987;1620231213.0434720516;-0.0537275302;5.2450801756;1.4840769649;0.7068021029;0.0062812939;0.0072017165;-0.7073467805;1273;1620231213.054184753;1273
1620231213.0604441166;-0.9479986191;-1.4060206409;1.2981140375;0.7652742134;-0.0184406544;0.0003396900;0.6434401333;1620231213.0518789291;-0.0537201937;5.2450740049;1.4840762629;0.7067997694;0.0062748880;0.0071930110;-0.7073492577;1274;1620231213.106127481;1274
1620231213.0687460899;-0.9516865397;-1.4057371983;1.2981575472;0.7652882363;-0.0182903204;0.0004414181;0.6434276841;1620231213.0604910851;-0.0537278265;5.2450685827;1.4840766202;0.7068026168;0.0062707060;0.0071875667;-0.7073465050;1274;1620231213.106127481;1274
1620231213.0849881172;-0.9588487326;-1.4052137165;1.2982762090;0.7655995749;-0.0178702514;0.0006120872;0.6430688691;1620231213.0687699318;-0.0537326304;5.2450797139;1.4840730322;0.7068031304;0.0062829488;0.0072029295;-0.7073457268;1274;1620231213.106127481;1274
1620231213.0935120583;-0.9624230611;-1.4049560558;1.2983128748;0.7657588107;-0.0178258399;0.0007361974;0.6428803476;1620231213.0850129128;-0.0537484889;5.2450804179;1.4840754669;0.7068034437;0.0062806379;0.0072017116;-0.7073454466;1274;1620231213.106127481;1274
1620231213.1022639275;-0.9660496518;-1.4046972143;1.2984055011;0.7658858336;-0.0173885127;0.0007385170;0.6427409930;1620231213.0935370922;-0.0537271068;5.2450813051;1.4840739534;0.7068017941;0.0062796142;0.0072027621;-0.7073470934;1275;1620231213.132098873;1275
1620231213.1110630035;-0.9697265004;-1.4044732352;1.2984562726;0.7659368424;-0.0172260044;0.0008462738;0.6426844498;1620231213.1022899151;-0.0537265348;5.2450869463;1.4840755971;0.7068023516;0.0062851260;0.0072052248;-0.7073464623;1275;1620231213.132098873;1275
1620231213.1189100742;-0.9735197782;-1.4042552835;1.2985712831;0.7659953286;-0.0168328670;0.0009695563;0.6426249848;1620231213.1111009121;-0.0537478474;5.2450792576;1.4840815004;0.7068027785;0.0062770649;0.0071980005;-0.7073461808;1275;1620231213.132098873;1275
1620231213.1271319389;-0.9771658780;-1.4041279773;1.2985815222;0.7659772130;-0.0168180724;0.0012319050;0.6426465156;1620231213.1189210415;-0.0537283672;5.2450842409;1.4840795109;0.7068027927;0.0062783682;0.0072004077;-0.7073461306;1275;1620231213.132098873;1275
1620231213.1436610222;-0.9842727512;-1.4036414822;1.2987224284;0.7664228649;-0.0165350457;0.0011937768;0.6421223865;1620231213.1271569729;-0.0537264291;5.2450858361;1.4840784940;0.7068032003;0.0062845540;0.0072008100;-0.7073456643;1276;1620231213.184041569;1276
1620231213.1531970501;-0.9879796493;-1.4034172864;1.2987424186;0.7664430412;-0.0164005016;0.0017809646;0.6421003943;1620231213.1436839104;-0.0537246381;5.2450807187;1.4840788438;0.7068005273;0.0062744560;0.0071941012;-0.7073484931;1276;1620231213.184041569;1276
1620231213.1608679295;-0.9917301806;-1.4031733297;1.2987810866;0.7664653197;-0.0161008690;0.0019678210;0.6420808387;1620231213.1532220840;-0.0537243350;5.2450763387;1.4840727435;0.7068002996;0.0062721701;0.0071913070;-0.7073487693;1276;1620231213.184041569;1276
1620231213.1695919037;-0.9954510841;-1.4029528474;1.2988097138;0.7665174084;-0.0159457321;0.0022600432;0.6420215638;1620231213.1608920097;-0.0537458703;5.2450785268;1.4840790290;0.7068007972;0.0062717932;0.0071932396;-0.7073482558;1277;1620231213.210012873;1277
1620231213.1852049828;-1.0028116433;-1.4025002345;1.2989188998;0.7668638869;-0.0156866803;0.0023090095;0.6416138835;1620231213.1696300507;-0.0537222047;5.2450857232;1.4840768441;0.7068017299;0.0062763218;0.0071987897;-0.7073472272;1277;1620231213.210012873;1277
1620231213.1929099560;-1.0065086497;-1.4022828566;1.2989861542;0.7670563960;-0.0154590758;0.0023552501;0.6413890824;1620231213.1852290630;-0.0537197615;5.2450861407;1.4840824068;0.7067989951;0.0062749536;0.0071937494;-0.7073500233;1277;1620231213.210012873;1277
1620231213.2021799088;-1.0101757999;-1.4020770224;1.2990238405;0.7673319318;-0.0152472904;0.0024797683;0.6410640197;1620231213.1929209232;-0.0537282293;5.2450741412;1.4840861719;0.7068022562;0.0062655810;0.0071893763;-0.7073468923;1277;1620231213.210012873;1277
1620231213.2101900578;-1.0138986309;-1.4018567218;1.2990687796;0.7673930959;-0.0151041568;0.0025778207;0.6409938031;1620231213.2022058964;-0.0537271874;5.2450791354;1.4840847310;0.7068018403;0.0062696121;0.0071918234;-0.7073472473;1278;1620231213.235984289;1278
1620231213.2270760536;-1.0215255056;-1.4017096301;1.2992865771;0.7673525476;-0.0142115311;0.0033975505;0.6410589339;1620231213.2102138996;-0.0537437608;5.2450708016;1.4840830299;0.7068026237;0.0062684669;0.0071886366;-0.7073465070;1278;1620231213.235984289;1278
1620231213.2437629700;-1.0287260567;-1.4012349396;1.2994264759;0.7678764831;-0.0137186615;0.0033147984;0.6404424386;1620231213.2270989418;-0.0537454945;5.2450774013;1.4840818553;0.7068000036;0.0062709198;0.0071948194;-0.7073490404;1279;1620231213.287927001;1279
1620231213.2519519329;-1.0324625080;-1.4009732753;1.2995551937;0.7680158391;-0.0130336045;0.0037821681;0.6402870382;1620231213.2437849045;-0.0537225186;5.2450751867;1.4840799617;0.7068014732;0.0062740384;0.0071922478;-0.7073475705;1279;1620231213.287927001;1279
1620231213.2607879639;-1.0361842302;-1.4007027217;1.2995480782;0.7680443528;-0.0128188461;0.0039871834;0.6402559267;1620231213.2519760132;-0.0537227837;5.2450743523;1.4840841852;0.7068004626;0.0062641779;0.0071892540;-0.7073486981;1279;1620231213.287927001;1279
1620231213.2769889832;-1.0434230395;-1.4002941331;1.2995764263;0.7686797389;-0.0127812805;0.0042360548;0.6394921061;1620231213.2608110905;-0.0537235370;5.2450759349;1.4840836642;0.7068024304;0.0062692165;0.0071933027;-0.7073466460;1279;1620231213.287927001;1279
1620231213.2856910229;-1.0471733571;-1.4000632927;1.2995574387;0.7687074175;-0.0128259742;0.0043877348;0.6394569168;1620231213.2770130634;-0.0537141468;5.2450643862;1.4840830739;0.7067990535;0.0062609722;0.0071817096;-0.7073502112;1280;1620231213.313898409;1280
1620231213.2934920788;-1.0508343295;-1.3998665490;1.2996070296;0.7689941893;-0.0128040382;0.0044065742;0.6391123340;1620231213.2857050896;-0.0537207734;5.2450623136;1.4840844196;0.7068006097;0.0062620539;0.0071820729;-0.7073486429;1280;1620231213.313898409;1280
1620231213.3020629883;-1.0545340558;-1.3996773129;1.2996347790;0.7691365434;-0.0128425095;0.0044833174;0.6389397057;1620231213.2935171127;-0.0537139825;5.2450738020;1.4840770217;0.7068002312;0.0062759135;0.0071965863;-0.7073487508;1280;1620231213.313898409;1280
1620231213.3103969097;-1.0582112998;-1.3995061856;1.2995678200;0.7692383977;-0.0132647157;0.0044261578;0.6388088478;1620231213.3020889759;-0.0537205209;5.2450704619;1.4840806048;0.7067972320;0.0062672167;0.0071902583;-0.7073518891;1280;1620231213.313898409;1280
1620231213.3180840015;-1.0619690747;-1.3992723088;1.2995422952;0.7693087624;-0.0133207289;0.0046503631;0.6387213480;1620231213.3104209900;-0.0537374266;5.2450712819;1.4840837852;0.7067984530;0.0062679521;0.0071893026;-0.7073506722;1281;1620231213.365841089;1281
1620231213.3268818855;-1.0654813903;-1.3990631640;1.2993848400;0.7696620769;-0.0141296549;0.0042816944;0.6382807433;1620231213.3180949688;-0.0537336954;5.2450666709;1.4840890770;0.7067998680;0.0062646630;0.0071886733;-0.7073492939;1281;1620231213.365841089;1281
1620231213.3440680504;-1.0728806975;-1.3986899225;1.2994244787;0.7699722564;-0.0138215380;0.0043937068;0.6379125212;1620231213.3269059658;-0.0537150935;5.2450643468;1.4840857902;0.7068013246;0.0062659844;0.0071849098;-0.7073478649;1281;1620231213.365841089;1281
1620231213.3522040844;-1.0765466245;-1.3984937707;1.2994270289;0.7701898441;-0.0135642054;0.0046673197;0.6376533796;1620231213.3440909386;-0.0537187725;5.2450588301;1.4840888649;0.7068015399;0.0062610411;0.0071818626;-0.7073477245;1282;1620231213.391812393;1282
1620231213.3600509167;-1.0802654022;-1.3982877559;1.2994514377;0.7704151691;-0.0132442815;0.0051706421;0.6373839664;1620231213.3522291183;-0.0537151314;5.2450643247;1.4840843799;0.7068017176;0.0062637123;0.0071843366;-0.7073474982;1282;1620231213.391812393;1282
1620231213.3769350052;-1.0876289408;-1.3978787269;1.2995648707;0.7708966312;-0.0118137718;0.0067707451;0.6368147107;1620231213.3600749969;-0.0537429970;5.2450629322;1.4840882479;0.7068031282;0.0062626462;0.0071847929;-0.7073460935;1282;1620231213.391812393;1282
1620231213.3858129978;-1.0913418716;-1.3977408525;1.2993294940;0.7707904897;-0.0122858935;0.0070505305;0.6369312112;1620231213.3769600391;-0.0537443489;5.2450642292;1.4840913110;0.7068020922;0.0062649737;0.0071885491;-0.7073470699;1282;1620231213.391812393;1282
1620231213.3935201168;-1.0950214149;-1.3975420894;1.2992361618;0.7709484227;-0.0121015307;0.0076040123;0.6367371997;1620231213.3858261108;-0.0537213715;5.2450626644;1.4840878458;0.7068009627;0.0062614507;0.0071838970;-0.7073482770;1283;1620231213.417783785;1283
1620231213.4021439552;-1.0987588519;-1.3973345548;1.2991326385;0.7709990401;-0.0117726064;0.0083764944;0.6366723806;1620231213.3935430050;-0.0537298355;5.2450620773;1.4840854743;0.7068042134;0.0062631488;0.0071860364;-0.7073449921;1283;1620231213.417783785;1283
1620231213.4101870060;-1.1023922840;-1.3971273932;1.2990303553;0.7711761984;-0.0116059679;0.0089759907;0.6364526724;1620231213.4021689892;-0.0537195688;5.2450568951;1.4840882908;0.7068041616;0.0062580807;0.0071778011;-0.7073451723;1283;1620231213.417783785;1283
1620231213.4187040329;-1.1061043595;-1.3969284091;1.2989540064;0.7712210009;-0.0111283914;0.0096548421;0.6363969757;1620231213.4102098942;-0.0537207851;5.2450553322;1.4840920910;0.7068017244;0.0062519779;0.0071724949;-0.7073477154;1283;1620231213.417783785;1283
1620231213.4353051186;-1.1132652938;-1.3966381499;1.2988865855;0.7718452986;-0.0101966167;0.0105645322;0.6356408221;1620231213.4187328815;-0.0537166100;5.2450632432;1.4840889651;0.7068014601;0.0062583872;0.0071801640;-0.7073478450;1284;1620231213.469726497;1284
1620231213.4435911179;-1.1170716554;-1.3965495676;1.2987667701;0.7716259157;-0.0097352758;0.0112649121;0.6359023293;1620231213.4353299141;-0.0537196838;5.2450603181;1.4840870459;0.7068053071;0.0062658263;0.0071863086;-0.7073438727;1284;1620231213.469726497;1284
1620231213.4524550438;-1.1206008303;-1.3963945342;1.2986735301;0.7719405212;-0.0094945255;0.0117399491;0.6355154280;1620231213.4436130524;-0.0537493523;5.2450639683;1.4840910933;0.7068016909;0.0062594692;0.0071850864;-0.7073475548;1284;1620231213.469726497;1284
1620231213.4600470066;-1.1240958117;-1.3961904395;1.2985963166;0.7723835161;-0.0090588886;0.0123109303;0.6349725046;1620231213.4524788857;-0.0537203532;5.2450637529;1.4840843175;0.7068056725;0.0062717676;0.0071925192;-0.7073433918;1285;1620231213.495697849;1285
1620231213.4768199921;-1.1307993683;-1.3958337734;1.2987384832;0.7735788160;-0.0076312467;0.0128440693;0.6335239612;1620231213.4600720406;-0.0537146609;5.2450549767;1.4840880086;0.7068046955;0.0062535749;0.0071721871;-0.7073447356;1285;1620231213.495697849;1285
1620231213.4849929810;-1.1342007383;-1.3956054355;1.2988029869;0.7741096894;-0.0071206872;0.0131703497;0.6328744160;1620231213.4768431187;-0.0537151306;5.2450642390;1.4840894311;0.7068053601;0.0062686661;0.0071875185;-0.7073437823;1285;1620231213.495697849;1285
1620231213.4930760860;-1.1381770390;-1.3957162387;1.2981758918;0.7734625743;-0.0081062585;0.0146978965;0.6336196860;1620231213.4850189686;-0.0537200451;5.2450596523;1.4840889030;0.7068049379;0.0062612867;0.0071837983;-0.7073443073;1285;1620231213.495697849;1285
1620231213.5019209385;-1.1417987133;-1.3956403339;1.2980057205;0.7732854004;-0.0082593002;0.0153625248;0.6338181650;1620231213.4930989742;-0.0537387647;5.2450659160;1.4840909272;0.7068065283;0.0062689170;0.0071892397;-0.7073425952;1286;1620231213.547640505;1286
1620231213.5101380348;-1.1453319383;-1.3953204621;1.2979481020;0.7735663063;-0.0081212878;0.0154900235;0.6334739723;1620231213.5019450188;-0.0537205221;5.2450570452;1.4840876158;0.7068067616;0.0062612278;0.0071815032;-0.7073425088;1286;1620231213.547640505;1286
1620231213.5270550251;-1.1525013190;-1.3949993981;1.2977961710;0.7737967475;-0.0075341669;0.0161144378;0.6331841397;1620231213.5101621151;-0.0537237621;5.2450693004;1.4840898851;0.7068042426;0.0062694629;0.0071943156;-0.7073448228;1286;1620231213.547640505;1286
1620231213.5350539684;-1.1560755061;-1.3948132250;1.2977391091;0.7739584181;-0.0071670973;0.0164088094;0.6329832153;1620231213.5270659924;-0.0537256352;5.2450640699;1.4840899019;0.7068062882;0.0062607958;0.0071857844;-0.7073429422;1286;1620231213.547640505;1286
1620231213.5434141159;-1.1596267747;-1.3946678487;1.2976396910;0.7741254754;-0.0068330360;0.0168621392;0.6327706743;1620231213.5350790024;-0.0537479792;5.2450731904;1.4840872590;0.7068074854;0.0062748452;0.0071997121;-0.7073414798;1287;1620231213.573611881;1287
1620231213.5525848866;-1.1628746850;-1.3944393613;1.2975739713;0.7746375196;-0.0067734973;0.0166842264;0.6321490880;1620231213.5434250832;-0.0537280198;5.2450714182;1.4840831813;0.7068079936;0.0062805584;0.0072008540;-0.7073409096;1287;1620231213.573611881;1287
1620231213.5597279072;-1.1660730704;-1.3942422262;1.2972840632;0.7748931531;-0.0076055590;0.0161233090;0.6318407993;1620231213.5526089668;-0.0537171590;5.2450637855;1.4840835697;0.7068067908;0.0062691804;0.0071883167;-0.7073423400;1287;1620231213.573611881;1287
1620231213.5767369270;-1.1730665382;-1.3938428943;1.2971700968;0.7752945104;-0.0067907899;0.0168564128;0.6313383947;1620231213.5597529411;-0.0537454937;5.2450716121;1.4840905745;0.7068055307;0.0062694293;0.0071930357;-0.7073435489;1288;1620231213.599583265;1288
1620231213.5846140385;-1.1764480412;-1.3936724125;1.2970878787;0.7756609532;-0.0066660703;0.0170602986;0.6308839793;1620231213.5767600536;-0.0537335018;5.2450605268;1.4840880462;0.7068052879;0.0062563603;0.0071868518;-0.7073439702;1288;1620231213.599583265;1288
1620231213.5928111076;-1.1798826144;-1.3934647435;1.2970359412;0.7758673296;-0.0065451643;0.0172740621;0.6306256056;1620231213.5846250057;-0.0537317711;5.2450611355;1.4840865960;0.7068045742;0.0062574890;0.0071883388;-0.7073446582;1288;1620231213.599583265;1288
1620231213.6011519432;-1.1832052126;-1.3932807221;1.2968532700;0.7760664681;-0.0068494321;0.0176434094;0.6303670617;1620231213.5928349495;-0.0537512780;5.2450721295;1.4840889209;0.7068067949;0.0062683416;0.0071953797;-0.7073422715;1288;1620231213.599583265;1288
1620231213.6099739075;-1.1865048723;-1.3930891585;1.2968747157;0.7762666246;-0.0070073035;0.0176016837;0.6301199933;1620231213.6011760235;-0.0537468651;5.2450668528;1.4840911261;0.7068058124;0.0062681801;0.0071918681;-0.7073432905;1289;1620231213.651525897;1289
1620231213.6181309223;-1.1899707790;-1.3928333207;1.2967670287;0.7763941683;-0.0063184202;0.0180204634;0.6299582811;1620231213.6099989414;-0.0537233742;5.2450526826;1.4840867825;0.7068045617;0.0062538455;0.0071777298;-0.7073448107;1289;1620231213.651525897;1289
1620231213.6342060566;-1.1963774015;-1.3925315891;1.2966900288;0.7769225947;-0.0065527127;0.0176832965;0.6293136299;1620231213.6181540489;-0.0537285354;5.2450629302;1.4840898955;0.7068078631;0.0062656109;0.0071854394;-0.7073413294;1289;1620231213.651525897;1289
1620231213.6425371170;-1.1994401783;-1.3923450319;1.2967052544;0.7774412485;-0.0064041778;0.0173998435;0.6286822226;1620231213.6342170238;-0.0537231460;5.2450646634;1.4840906773;0.7068055307;0.0062665592;0.0071881373;-0.7073436242;1289;1620231213.651525897;1289
1620231213.6510829926;-1.2026744644;-1.3921926149;1.2966686293;0.7775230553;-0.0062803898;0.0174511386;0.6285808722;1620231213.6425890923;-0.0537205008;5.2450530512;1.4840860280;0.7068048689;0.0062571322;0.0071764276;-0.7073444878;1290;1620231213.677497289;1290
1620231213.6595211029;-1.2061143932;-1.3919653048;1.2966398192;0.7774863855;-0.0059520200;0.0175246995;0.6286273767;1620231213.6510939598;-0.0537284149;5.2450644366;1.4840894951;0.7068030073;0.0062631880;0.0071874781;-0.7073461822;1290;1620231213.677497289;1290
1620231213.6759610176;-1.2127322902;-1.3915425677;1.2963137689;0.7775246850;-0.0059733654;0.0179282486;0.6285684219;1620231213.6595330238;-0.0537171626;5.2450476879;1.4840863235;0.7068028425;0.0062497105;0.0071734940;-0.7073466080;1290;1620231213.677497289;1290
1620231213.6926560402;-1.2188807260;-1.3910367642;1.2963908473;0.7780244241;-0.0053041431;0.0177237462;0.6279615676;1620231213.6759729385;-0.0537196907;5.2450442553;1.4840814243;0.7068041670;0.0062505492;0.0071719148;-0.7073452931;1291;1620231213.729440057;1291
1620231213.7010240555;-1.2218911950;-1.3908341589;1.2963939819;0.7782852631;-0.0052274183;0.0175059711;0.6276450145;1620231213.6926839352;-0.0537188619;5.2450495035;1.4840873746;0.7068032579;0.0062521861;0.0071753500;-0.7073461523;1291;1620231213.729440057;1291
1620231213.7174730301;-1.2280869288;-1.3904172200;1.2964399406;0.7786723942;-0.0048062676;0.0174224857;0.6271703591;1620231213.7010428905;-0.0537417376;5.2450619652;1.4840889360;0.7068023563;0.0062610586;0.0071865392;-0.7073468611;1291;1620231213.729440057;1291
1620231213.7260320187;-1.2312319747;-1.3902063008;1.2964223553;0.7787972430;-0.0047152980;0.0175375447;0.6270128027;1620231213.7174849510;-0.0537231054;5.2450679103;1.4840856015;0.7068019474;0.0062664946;0.0071926088;-0.7073471599;1292;1620231213.755411385;1292
1620231213.7342441082;-1.2342576774;-1.3899973888;1.2963912324;0.7788932641;-0.0044228655;0.0176144041;0.6268934951;1620231213.7260439396;-0.0537161066;5.2450739636;1.4840831939;0.7068004034;0.0062693886;0.0071940499;-0.7073486624;1292;1620231213.755411385;1292
1620231213.7450520992;-1.2373081186;-1.3897917249;1.2963097706;0.7791449175;-0.0041791336;0.0178475100;0.6265757725;1620231213.7342569828;-0.0537244208;5.2450794751;1.4840816123;0.7068003233;0.0062699679;0.0071960966;-0.7073487165;1292;1620231213.755411385;1292
1620231213.7537860870;-1.2403657151;-1.3895791518;1.2963463789;0.7792017514;-0.0040893757;0.0177343530;0.6265088988;1620231213.7450759411;-0.0537252374;5.2450703057;1.4840866612;0.7067999442;0.0062567340;0.0071829208;-0.7073493464;1292;1620231213.755411385;1292
1620231213.7607870102;-1.2431888046;-1.3894346051;1.2963317739;0.7794696805;-0.0041462204;0.0175820473;0.6261794452;1620231213.7538099289;-0.0537244129;5.2450727917;1.4840844893;0.7068007756;0.0062631014;0.0071869529;-0.7073484183;1293;1620231213.781382713;1293
1620231213.7776539326;-1.2491552729;-1.3890477370;1.2963271030;0.7798699594;-0.0040151678;0.0172006971;0.6256923053;1620231213.7608089447;-0.0537223628;5.2450764676;1.4840854757;0.7068012926;0.0062634082;0.0071855751;-0.7073479130;1293;1620231213.781382713;1293
1620231213.7951960564;-1.2551559916;-1.3886715635;1.2962698700;0.7799437649;-0.0034923423;0.0171615205;0.6256045151;1620231213.7776739597;-0.0537157051;5.2450775162;1.4840895889;0.7068044662;0.0062699218;0.0071892464;-0.7073446468;1294;1620231213.833325417;1294
1620231213.8029029369;-1.2580181030;-1.3884899412;1.2962762151;0.7800220899;-0.0031970574;0.0171764548;0.6255080235;1620231213.7952220440;-0.0537179812;5.2450734379;1.4840914512;0.7068041550;0.0062644979;0.0071875401;-0.7073450232;1294;1620231213.833325417;1294
1620231213.8108460903;-1.2608592604;-1.3882275773;1.2962936720;0.7800035939;-0.0030597727;0.0170778400;0.6255344744;1620231213.8029270172;-0.0537363457;5.2450714147;1.4840912425;0.7068051332;0.0062659777;0.0071877313;-0.7073440306;1294;1620231213.833325417;1294
1620231213.8274800777;-1.2664013520;-1.3878945469;1.2961864420;0.7802852141;-0.0031325830;0.0173680225;0.6251747942;1620231213.8108689785;-0.0537420345;5.2450744845;1.4840961919;0.7068028636;0.0062664111;0.0071883137;-0.7073462888;1294;1620231213.833325417;1294
1620231213.8355040550;-1.2691081819;-1.3877770847;1.2960946293;0.7804786105;-0.0033321910;0.0174715227;0.6249294208;1620231213.8275039196;-0.0537507159;5.2450689878;1.4840937909;0.7068063981;0.0062683793;0.0071886031;-0.7073427366;1295;1620231213.859296745;1295
1620231213.8431329727;-1.2719623673;-1.3875807766;1.2960145353;0.7804009592;-0.0035461035;0.0179452527;0.6250117887;1620231213.8355278969;-0.0537260407;5.2450705281;1.4840934950;0.7068090314;0.0062715036;0.0071891074;-0.7073400724;1295;1620231213.859296745;1295
1620231213.8519389629;-1.2747132724;-1.3874173351;1.2959255181;0.7803570943;-0.0038449476;0.0179873385;0.6250635787;1620231213.8431549072;-0.0537257039;5.2450731451;1.4840941475;0.7068053914;0.0062649077;0.0071880473;-0.7073437789;1295;1620231213.859296745;1295
1620231213.8602159023;-1.2775023717;-1.3871888343;1.2958919828;0.7807995977;-0.0034658414;0.0179015953;0.6245154194;1620231213.8519918919;-0.0537184553;5.2450720142;1.4840958666;0.7068080835;0.0062657347;0.0071857728;-0.7073411046;1295;1620231213.859296745;1295
1620231213.8769030571;-1.2828576797;-1.3867686428;1.2958843138;0.7810124220;-0.0034587424;0.0176226110;0.6242572205;1620231213.8602390289;-0.0537297524;5.2450750678;1.4840889101;0.7068123039;0.0062756758;0.0071974769;-0.7073366803;1296;1620231213.911239433;1296
1620231213.8855381012;-1.2854178311;-1.3866453990;1.2958570935;0.7812405790;-0.0036739314;0.0174467511;0.6239753768;1620231213.8769259453;-0.0537618043;5.2450804169;1.4840952163;0.7068121347;0.0062757174;0.0072050861;-0.7073367715;1296;1620231213.911239433;1296
1620231213.8943998814;-1.2880439096;-1.3864820167;1.2957909636;0.7815343134;-0.0034803033;0.0177777004;0.6235991964;1620231213.8855619431;-0.0537474326;5.2450865761;1.4840935659;0.7068121596;0.0062833303;0.0072085602;-0.7073366436;1296;1620231213.911239433;1296
1620231213.9026510715;-1.2907725109;-1.3863650993;1.2956767471;0.7816387188;-0.0033385140;0.0181291968;0.6234589800;1620231213.8944249153;-0.0537270144;5.2450832741;1.4840903034;0.7068098433;0.0062767700;0.0072011273;-0.7073390922;1297;1620231213.937210849;1297
1620231213.9107379913;-1.2931308880;-1.3862152049;1.2956824009;0.7821475697;-0.0032312524;0.0180411624;0.6228236144;1620231213.9026739597;-0.0537245348;5.2450853177;1.4840838280;0.7068111182;0.0062869233;0.0072086206;-0.7073376518;1297;1620231213.937210849;1297
1620231213.9276380539;-1.2982716302;-1.3858769077;1.2954613813;0.7824385435;-0.0036914446;0.0183876734;0.6224453328;1620231213.9107630253;-0.0537291764;5.2450916055;1.4840861570;0.7068131075;0.0062943182;0.0072134120;-0.7073355493;1297;1620231213.937210849;1297
1620231213.9362709522;-1.3007578625;-1.3857418905;1.2953359704;0.7826103525;-0.0039606571;0.0186936876;0.6222185270;1620231213.9276630878;-0.0537323718;5.2450721563;1.4840867074;0.7068115566;0.0062709435;0.0071944297;-0.7073375000;1297;1620231213.937210849;1297
1620231213.9439289570;-1.3032348207;-1.3854788253;1.2952424109;0.7826385905;-0.0043518450;0.0186971816;0.6221802902;1620231213.9362950325;-0.0537270583;5.2450692050;1.4840852402;0.7068094481;0.0062657559;0.0071871598;-0.7073397268;1298;1620231213.963182169;1298
1620231213.9524710178;-1.3057452761;-1.3852648312;1.2951420471;0.7828071419;-0.0045644722;0.0187640924;0.6219646718;1620231213.9439530373;-0.0537546032;5.2450783816;1.4840912608;0.7068137388;0.0062770375;0.0072020537;-0.7073351878;1298;1620231213.963182169;1298
1620231213.9607520103;-1.3081392736;-1.3851172608;1.2950183601;0.7830521826;-0.0050739345;0.0187156039;0.6216536501;1620231213.9524960518;-0.0537206948;5.2450723233;1.4840845422;0.7068099860;0.0062764522;0.0071940803;-0.7073390241;1298;1620231213.963182169;1298
1620231213.9695339203;-1.3106078000;-1.3849483335;1.2948889122;0.7831993922;-0.0055771391;0.0185604678;0.6214685162;1620231213.9607760906;-0.0537250780;5.2450671714;1.4840889051;0.7068081479;0.0062663775;0.0071865671;-0.7073410266;1298;1620231213.963182169;1298
1620231213.9858179092;-1.3153253148;-1.3847067118;1.2946783104;0.7837467460;-0.0057397294;0.0188164589;0.6207689058;1620231213.9695589542;-0.0537288285;5.2450621177;1.4840882556;0.7068103334;0.0062628901;0.0071846166;-0.7073388933;1299;1620231214.015124889;1299
1620231213.9943089485;-1.3177492427;-1.3845108957;1.2945529680;0.7839650097;-0.0058054592;0.0187921253;0.6204933651;1620231213.9858400822;-0.0537283885;5.2450601484;1.4840933773;0.7068111386;0.0062635658;0.0071847122;-0.7073380818;1299;1620231214.015124889;1299
1620231214.0032770634;-1.3200540515;-1.3843846064;1.2945191560;0.7841228800;-0.0058288320;0.0183191006;0.6203077820;1620231213.9943308830;-0.0537325320;5.2450523481;1.4840906020;0.7068112416;0.0062521931;0.0071783199;-0.7073381444;1299;1620231214.015124889;1299
1620231214.0113840103;-1.3223862608;-1.3842029019;1.2943920894;0.7843333267;-0.0060830815;0.0181863747;0.6200431312;1620231214.0032999516;-0.0537412745;5.2450523111;1.4840913726;0.7068121483;0.0062537498;0.0071809185;-0.7073371983;1300;1620231214.041096185;1300
1620231214.0190389156;-1.3247609466;-1.3840048498;1.2942565095;0.7844835995;-0.0059921715;0.0182341895;0.6198524747;1620231214.0114181042;-0.0537309250;5.2450497435;1.4840905376;0.7068118514;0.0062570558;0.0071798189;-0.7073374769;1300;1620231214.041096185;1300
1620231214.0277218819;-1.3270688882;-1.3838234965;1.2941108899;0.7847681688;-0.0061039186;0.0181212431;0.6194943777;1620231214.0190620422;-0.0537343823;5.2450515151;1.4840924666;0.7068115200;0.0062547400;0.0071780276;-0.7073378467;1300;1620231214.041096185;1300
1620231214.0443019867;-1.3315652480;-1.3834024630;1.2937987286;0.7848846127;-0.0069841225;0.0179623818;0.6193421669;1620231214.0277481079;-0.0537497933;5.2450446259;1.4840933163;0.7068120617;0.0062527973;0.0071739806;-0.7073373636;1300;1620231214.041096185;1300
1620231214.0529088974;-1.3338986974;-1.3831691434;1.2936619004;0.7848773811;-0.0071204089;0.0177239833;0.6193566475;1620231214.0443239212;-0.0537619711;5.2450546836;1.4840957178;0.7068100267;0.0062571259;0.0071839521;-0.7073392576;1301;1620231214.093039033;1301
1620231214.0611710548;-1.3360953197;-1.3829513487;1.2934838238;0.7853977696;-0.0071654840;0.0176704646;0.6186976274;1620231214.0529339314;-0.0537336972;5.2450516234;1.4840919335;0.7068062583;0.0062548199;0.0071777662;-0.7073431063;1301;1620231214.093039033;1301
1620231214.0696899891;-1.3384749902;-1.3827793291;1.2933364731;0.7854115520;-0.0073781793;0.0178494578;0.6186724927;1620231214.0611948967;-0.0537503543;5.2450480298;1.4840947697;0.7068079274;0.0062523474;0.0071761009;-0.7073414773;1301;1620231214.093039033;1301
1620231214.0863211155;-1.3428144140;-1.3824169673;1.2931812933;0.7857462778;-0.0077486292;0.0174057689;0.6182554366;1620231214.0697159767;-0.0537313232;5.2450562897;1.4840946877;0.7068041985;0.0062590876;0.0071814394;-0.7073450895;1302;1620231214.119010361;1302
1620231214.0942230225;-1.3447844272;-1.3822805100;1.2930157668;0.7861538212;-0.0079665827;0.0171932206;0.6177403144;1620231214.0863471031;-0.0537249775;5.2450566072;1.4840899069;0.7068062726;0.0062668830;0.0071831254;-0.7073429309;1302;1620231214.119010361;1302
1620231214.1024470329;-1.3469848500;-1.3820598365;1.2929272999;0.7861822304;-0.0080501132;0.0168833029;0.6177116239;1620231214.0942480564;-0.0537274096;5.2450575202;1.4840915304;0.7068074331;0.0062680455;0.0071858117;-0.7073417337;1302;1620231214.119010361;1302
1620231214.1111819744;-1.3490872309;-1.3819034790;1.2928323638;0.7863931165;-0.0080371686;0.0167329119;0.6174473904;1620231214.1024730206;-0.0537499540;5.2450563066;1.4840951210;0.7068046777;0.0062619797;0.0071834792;-0.7073445645;1302;1620231214.119010361;1302
1620231214.1201980114;-1.3512822114;-1.3816990952;1.2928133016;0.7864712376;-0.0082379673;0.0162693968;0.6173576233;1620231214.1112070084;-0.0537251338;5.2450586722;1.4840882931;0.7068065824;0.0062700948;0.0071878123;-0.7073425452;1303;1620231214.144981625;1303
1620231214.1274409294;-1.3534129163;-1.3815048067;1.2926243136;0.7865661253;-0.0085371771;0.0163108518;0.6172315637;1620231214.1202290058;-0.0537224537;5.2450526232;1.4840866199;0.7068062837;0.0062659103;0.0071834124;-0.7073429255;1303;1620231214.144981625;1303
1620231214.1449890137;-1.3572120130;-1.3811969749;1.2924437028;0.7872448777;-0.0083669508;0.0160256680;0.6163754331;1620231214.1274650097;-0.0537205810;5.2450582891;1.4840835064;0.7068076187;0.0062755338;0.0071899867;-0.7073414394;1303;1620231214.144981625;1303
1620231214.1529788971;-1.3594762268;-1.3809662746;1.2923626809;0.7870645247;-0.0080266563;0.0160549691;0.6166094751;1620231214.1450140476;-0.0537270805;5.2450578518;1.4840824535;0.7068096248;0.0062775323;0.0071923161;-0.7073393934;1303;1620231214.144981625;1303
1620231214.1603300571;-1.3612967705;-1.3807881291;1.2922606457;0.7874672669;-0.0078877786;0.0160481810;0.6160970236;1620231214.1530039310;-0.0537167925;5.2450574832;1.4840882928;0.7068057378;0.0062706546;0.0071858566;-0.7073434041;1304;1620231214.196924425;1304
1620231214.1770339012;-1.3652843084;-1.3803710435;1.2921602278;0.7875947999;-0.0074708577;0.0160312532;0.6159396207;1620231214.1603450775;-0.0537307498;5.2450582866;1.4840884714;0.7068069519;0.0062702385;0.0071890221;-0.7073421625;1304;1620231214.196924425;1304
1620231214.1852641106;-1.3673212622;-1.3801973682;1.2920810637;0.7876299428;-0.0071524381;0.0162675077;0.6158922665;1620231214.1770501137;-0.0537490823;5.2450619014;1.4840911793;0.7068073536;0.0062624558;0.0071874290;-0.7073418462;1304;1620231214.196924425;1304
1620231214.1933190823;-1.3691552665;-1.3799517622;1.2922603565;0.7881165369;-0.0055798492;0.0170151749;0.6152655308;1620231214.1852819920;-0.0537263259;5.2450557656;1.4840875213;0.7068061079;0.0062541938;0.0071777050;-0.7073432628;1305;1620231214.222895673;1305
1620231214.2021059990;-1.3711758989;-1.3796980682;1.2922024076;0.7879966494;-0.0053612160;0.0169953686;0.6154215591;1620231214.1933350563;-0.0537196131;5.2450548562;1.4840868230;0.7068043641;0.0062543451;0.0071765312;-0.7073450159;1305;1620231214.222895673;1305
1620231214.2103829384;-1.3732358093;-1.3794843833;1.2921653186;0.7878229487;-0.0054248426;0.0168885303;0.6156462866;1620231214.2021219730;-0.0537553441;5.2450568773;1.4840906618;0.7068053739;0.0062522120;0.0071781839;-0.7073440089;1305;1620231214.222895673;1305
1620231214.2269539833;-1.3768156585;-1.3791637588;1.2920844020;0.7882648365;-0.0046884705;0.0170091024;0.6150831296;1620231214.2103979588;-0.0537517479;5.2450663521;1.4840929438;0.7068045986;0.0062627861;0.0071838415;-0.7073446326;1305;1620231214.222895673;1305
1620231214.2436408997;-1.3805304285;-1.3788037333;1.2918290491;0.7881712278;-0.0048945097;0.0167585419;0.6152083474;1620231214.2269709110;-0.0537193935;5.2450596473;1.4840855973;0.7068052741;0.0062538768;0.0071706425;-0.7073441704;1306;1620231214.274838513;1306
1620231214.2521319389;-1.3824062140;-1.3785944322;1.2917789004;0.7882066608;-0.0043458691;0.0169781063;0.6151610498;1620231214.2436571121;-0.0537251418;5.2450687841;1.4840900813;0.7068048247;0.0062546093;0.0071754149;-0.7073445646;1306;1620231214.274838513;1306
1620231214.2601881027;-1.3842960382;-1.3783959789;1.2916810866;0.7883294058;-0.0038172379;0.0175084886;0.6149923816;1620231214.2521510124;-0.0537555393;5.2450780474;1.4840952591;0.7068045572;0.0062610055;0.0071844850;-0.7073446833;1306;1620231214.274838513;1306
1620231214.2770481110;-1.3878222981;-1.3779594561;1.2917694681;0.7884719452;-0.0029105490;0.0182650463;0.6147925736;1620231214.2602050304;-0.0537557951;5.2450793448;1.4840979818;0.7068046136;0.0062616385;0.0071842711;-0.7073446235;1307;1620231214.300809801;1307
1620231214.2852499485;-1.3895625800;-1.3777617788;1.2915885190;0.7884742495;-0.0031184377;0.0184511595;0.6147830414;1620231214.2770640850;-0.0537462122;5.2450760978;1.4840982342;0.7068034881;0.0062550419;0.0071791929;-0.7073458580;1307;1620231214.300809801;1307
1620231214.2933990955;-1.3914031532;-1.3775092014;1.2915775442;0.7884674596;-0.0034320304;0.0184328033;0.6147906294;1620231214.2852671146;-0.0537554140;5.2450785387;1.4840945079;0.7068046486;0.0062642378;0.0071895618;-0.7073445117;1307;1620231214.300809801;1307
1620231214.3021678925;-1.3930965379;-1.3773566173;1.2914507374;0.7887264795;-0.0035404676;0.0187515497;0.6144480328;1620231214.2934169769;-0.0537366107;5.2450807907;1.4840981387;0.7068030351;0.0062595236;0.0071854574;-0.7073462074;1308;1620231214.326781153;1308
1620231214.3105380535;-1.3949112296;-1.3771627928;1.2914247962;0.7887752779;-0.0035002464;0.0189439608;0.6143797161;1620231214.3021860123;-0.0537384777;5.2450896380;1.4840970006;0.7068024130;0.0062672038;0.0071920856;-0.7073466937;1308;1620231214.326781153;1308
1620231214.3189649582;-1.3965384348;-1.3769463368;1.2913772424;0.7889162378;-0.0036712326;0.0188075351;0.6142018955;1620231214.3105540276;-0.0537246140;5.2450875233;1.4840950893;0.7068048068;0.0062718778;0.0071939562;-0.7073442412;1308;1620231214.326781153;1308
1620231214.3355019093;-1.3998800400;-1.3765303557;1.2913555628;0.7890943860;-0.0035249595;0.0188653707;0.6139720860;1620231214.3189809322;-0.0537251709;5.2450848384;1.4840965152;0.7068057181;0.0062667871;0.0071886679;-0.7073434295;1308;1620231214.326781153;1308
1620231214.3441090584;-1.4014360790;-1.3763699781;1.2913259642;0.7894046242;-0.0033440506;0.0189987089;0.6135700495;1620231214.3355379105;-0.0537172237;5.2450832703;1.4840944312;0.7068071076;0.0062672660;0.0071842127;-0.7073420821;1309;1620231214.378723809;1309
1620231214.3523368835;-1.4030057389;-1.3761458932;1.2911667448;0.7894986440;-0.0039745587;0.0185889773;0.6134578583;1620231214.3441269398;-0.0537228317;5.2450795828;1.4840891563;0.7068058194;0.0062639379;0.0071821460;-0.7073434198;1309;1620231214.378723809;1309
1620231214.3605439663;-1.4046101719;-1.3759214687;1.2911311968;0.7895667302;-0.0040295298;0.0186355416;0.6133684521;1620231214.3523530960;-0.0537396698;5.2450843036;1.4840950822;0.7068075594;0.0062690915;0.0071868956;-0.7073415872;1309;1620231214.378723809;1309
1620231214.3769440651;-1.4075937447;-1.3755325820;1.2909606345;0.7899576446;-0.0046904381;0.0185905003;0.6128615772;1620231214.3605599403;-0.0537426457;5.2450844606;1.4840955778;0.7068043484;0.0062637102;0.0071871473;-0.7073448409;1310;1620231214.404695177;1310
1620231214.3855218887;-1.4091637641;-1.3753077215;1.2909341928;0.7900746012;-0.0048629641;0.0185516540;0.6127106269;1620231214.3769590855;-0.0537234677;5.2450865721;1.4840911836;0.7068038894;0.0062684869;0.0071909025;-0.7073452190;1310;1620231214.404695177;1310
1620231214.3938570023;-1.4106094190;-1.3751335080;1.2908080326;0.7904459117;-0.0053028166;0.0185375824;0.6122283061;1620231214.3855381012;-0.0537462346;5.2450834558;1.4840978314;0.7068051227;0.0062619204;0.0071857079;-0.7073440977;1310;1620231214.404695177;1310
1620231214.4026329517;-1.4120221501;-1.3749592273;1.2907864934;0.7905874816;-0.0055198973;0.0182342568;0.6120526747;1620231214.3938860893;-0.0537236395;5.2450679206;1.4840945355;0.7068035661;0.0062488061;0.0071696511;-0.7073459320;1310;1620231214.404695177;1310
1620231214.4104239941;-1.4133845191;-1.3748173618;1.2907351890;0.7909139051;-0.0059930444;0.0179183896;0.6116356836;1620231214.4026489258;-0.0537509797;5.2450783875;1.4840962674;0.7068063150;0.0062650612;0.0071867745;-0.7073428677;1311;1620231214.456637897;1311
1620231214.4186658859;-1.4150082562;-1.3745557972;1.2907056153;0.7910610366;-0.0058899445;0.0178520875;0.6114483199;1620231214.4104409218;-0.0537480192;5.2450807472;1.4840955376;0.7068026555;0.0062641975;0.0071864799;-0.7073465350;1311;1620231214.456637897;1311
1620231214.4354128838;-1.4177032344;-1.3742196011;1.2906903924;0.7915129961;-0.0061719822;0.0172923953;0.6108764659;1620231214.4186830521;-0.0537327810;5.2450732692;1.4840891064;0.7068040825;0.0062589470;0.0071826989;-0.7073451939;1311;1620231214.456637897;1311
1620231214.4438378811;-1.4190632774;-1.3739973059;1.2907231740;0.7915824455;-0.0060785859;0.0170292954;0.6107947985;1620231214.4354529381;-0.0537315420;5.2450793201;1.4840924132;0.7068053943;0.0062645283;0.0071884486;-0.7073437753;1311;1620231214.456637897;1311
1620231214.4522271156;-1.4205593260;-1.3737044250;1.2906139041;0.7913565797;-0.0062485508;0.0169895952;0.6110867966;1620231214.4438629150;-0.0537577437;5.2450698032;1.4840935761;0.7068065134;0.0062533621;0.0071824335;-0.7073428170;1312;1620231214.482609241;1312
1620231214.4606220722;-1.4220227751;-1.3734749551;1.2905829197;0.7914668981;-0.0061249321;0.0170028988;0.6109447896;1620231214.4522449970;-0.0537301930;5.2450615002;1.4840898984;0.7068074065;0.0062493658;0.0071709360;-0.7073420765;1312;1620231214.482609241;1312
1620231214.4766879082;-1.4245505980;-1.3730950488;1.2904706894;0.7917819652;-0.0070629905;0.0163509097;0.6105440864;1620231214.4606380463;-0.0537564292;5.2450708104;1.4840926786;0.7068064829;0.0062593436;0.0071845163;-0.7073427734;1312;1620231214.482609241;1312
1620231214.4854459763;-1.4260497350;-1.3728897959;1.2905461839;0.7917948729;-0.0058896951;0.0172462845;0.6105151566;1620231214.4767038822;-0.0537385159;5.2450581497;1.4840908584;0.7068056495;0.0062434911;0.0071714328;-0.7073438790;1313;1620231214.508580689;1313
1620231214.4933118820;-1.4273291634;-1.3727003020;1.2905572526;0.7919215110;-0.0061671353;0.0169219834;0.6103572178;1620231214.4854629040;-0.0537372625;5.2450684493;1.4840858105;0.7068057015;0.0062599208;0.0071862622;-0.7073435314;1313;1620231214.508580689;1313
1620231214.5020380020;-1.4286763134;-1.3724640500;1.2905483101;0.7919146913;-0.0060588084;0.0168992609;0.6103677805;1620231214.4933280945;-0.0537400866;5.2450621663;1.4840846423;0.7068095096;0.0062581786;0.0071830222;-0.7073397744;1313;1620231214.508580689;1313
1620231214.5105330944;-1.4300051409;-1.3722577418;1.2904947823;0.7920824442;-0.0061504005;0.0162963553;0.6101655537;1620231214.5020539761;-0.0537656842;5.2450747755;1.4840899931;0.7068073172;0.0062651992;0.0071921550;-0.7073418103;1313;1620231214.508580689;1313
1620231214.5269680023;-1.4324891418;-1.3717965022;1.2905662864;0.7918513748;-0.0061512078;0.0154588908;0.6104871707;1620231214.5105500221;-0.0537371937;5.2450621400;1.4840888967;0.7068064632;0.0062524632;0.0071783735;-0.7073429163;1314;1620231214.560523273;1314
1620231214.5359609127;-1.4338786557;-1.3715828141;1.2905766575;0.7916167651;-0.0061109967;0.0150904631;0.6108009749;1620231214.5269820690;-0.0537387928;5.2450693847;1.4840897537;0.7068071843;0.0062615828;0.0071885705;-0.7073420115;1314;1620231214.560523273;1314
1620231214.5441319942;-1.4350274529;-1.3714092734;1.2905561539;0.7917931938;-0.0062913194;0.0148565871;0.6105761537;1620231214.5359768867;-0.0537591508;5.2450795532;1.4840913800;0.7068070862;0.0062733918;0.0072025821;-0.7073418624;1314;1620231214.560523273;1314
1620231214.5526919365;-1.4359940787;-1.3711991188;1.2904041360;0.7922404693;-0.0073362429;0.0140034661;0.6100041978;1620231214.5441479683;-0.0537378506;5.2450682078;1.4840902961;0.7068045409;0.0062581845;0.0071857122;-0.7073447120;1314;1620231214.560523273;1314
1620231214.5604319572;-1.4373546615;-1.3709639032;1.2904863787;0.7921226890;-0.0069378864;0.0139978530;0.6101619223;1620231214.5527110100;-0.0537369213;5.2450694345;1.4840906986;0.7068052967;0.0062666898;0.0071896968;-0.7073438410;1315;1620231214.586494705;1315
1620231214.5770339966;-1.4395973775;-1.3705779255;1.2905703637;0.7923087265;-0.0068848320;0.0134570464;0.6099331020;1620231214.5604479313;-0.0537325841;5.2450684853;1.4840858101;0.7068047693;0.0062637124;0.0071860299;-0.7073444316;1315;1620231214.586494705;1315
1620231214.5855379105;-1.4406779791;-1.3704232574;1.2906115211;0.7925291605;-0.0067238232;0.0134751304;0.6096480466;1620231214.5770499706;-0.0537351464;5.2450809603;1.4840941810;0.7068046431;0.0062731183;0.0071952937;-0.7073443803;1315;1620231214.586494705;1315
1620231214.5936620235;-1.4417667830;-1.3702377785;1.2906302587;0.7924838820;-0.0065457436;0.0134628909;0.6097091114;1620231214.5855560303;-0.0537602713;5.2450709083;1.4840947177;0.7068059300;0.0062632465;0.0071897970;-0.7073432377;1316;1620231214.638437401;1316
1620231214.6024789810;-1.4430551749;-1.3699716672;1.2906479141;0.7924028184;-0.0064339600;0.0135648391;0.6098133918;1620231214.5936770439;-0.0537319212;5.2450662606;1.4840911034;0.7068043990;0.0062624853;0.0071834487;-0.7073448387;1316;1620231214.638437401;1316
1620231214.6103460789;-1.4440606910;-1.3698102726;1.2906935232;0.7923108642;-0.0062942552;0.0136349846;0.6099327537;1620231214.6024920940;-0.0537292551;5.2450580179;1.4840862314;0.7068046709;0.0062569290;0.0071762220;-0.7073446896;1316;1620231214.638437401;1316
1620231214.6269080639;-1.4460374018;-1.3693828104;1.2907795365;0.7923781763;-0.0063592762;0.0133555230;0.6098508140;1620231214.6103610992;-0.0537522225;5.2450639714;1.4840909908;0.7068055782;0.0062612687;0.0071827975;-0.7073436778;1316;1620231214.638437401;1316
1620231214.6356699467;-1.4472752250;-1.3691572458;1.2908177551;0.7922469908;-0.0061335677;0.0133677505;0.6100232686;1620231214.6269230843;-0.0537319959;5.2450731584;1.4840873654;0.7068043615;0.0062741455;0.0071930534;-0.7073446752;1317;1620231214.664408793;1317
1620231214.6438119411;-1.4482193838;-1.3690217358;1.2908978747;0.7924186303;-0.0062323505;0.0130876264;0.6098053675;1620231214.6356859207;-0.0537288072;5.2450640109;1.4840820678;0.7068067883;0.0062663666;0.0071846298;-0.7073424049;1317;1620231214.664408793;1317
1620231214.6522660255;-1.4493772857;-1.3687741796;1.2909858743;0.7922407589;-0.0058891428;0.0130517467;0.6100406132;1620231214.6438300610;-0.0537322290;5.2450626542;1.4840872984;0.7068067127;0.0062623434;0.0071813501;-0.7073425494;1317;1620231214.664408793;1317
1620231214.6606349945;-1.4504142609;-1.3685887312;1.2910933831;0.7923190568;-0.0055328540;0.0130156680;0.6099430237;1620231214.6522819996;-0.0537263298;5.2450573274;1.4840887290;0.7068070016;0.0062572860;0.0071720132;-0.7073424002;1317;1620231214.664408793;1317
1620231214.6771950722;-1.4523217173;-1.3682570732;1.2911803350;0.7925068000;-0.0054147111;0.0129410034;0.6097017167;1620231214.6606531143;-0.0537157354;5.2450689295;1.4840882884;0.7068092989;0.0062661613;0.0071791166;-0.7073399540;1318;1620231214.690380153;1318
1620231214.6939229965;-1.4542731462;-1.3678960901;1.2912905118;0.7924747412;-0.0051878473;0.0131382509;0.6097411394;1620231214.6772100925;-0.0537203326;5.2450715811;1.4840886243;0.7068117060;0.0062654786;0.0071804661;-0.7073375410;1318;1620231214.690380153;1318
1620231214.7025060654;-1.4552088813;-1.3677044101;1.2913241134;0.7924948806;-0.0051244404;0.0133239088;0.6097114709;1620231214.6939411163;-0.0537208170;5.2450735186;1.4840856438;0.7068074496;0.0062663558;0.0071856583;-0.7073417337;1319;1620231214.742322857;1319
1620231214.7101969719;-1.4561382130;-1.3675505659;1.2913715175;0.7925127061;-0.0050410400;0.0135491889;0.6096840314;1620231214.7025229931;-0.0537267616;5.2450754498;1.4840828452;0.7068146290;0.0062786638;0.0071950757;-0.7073343548;1319;1620231214.742322857;1319
1620231214.7271280289;-1.4578030204;-1.3672456024;1.2915361301;0.7927707468;-0.0050984285;0.0135514780;0.6093479355;1620231214.7102138996;-0.0537245160;5.2450671803;1.4840855641;0.7068128252;0.0062672995;0.0071844715;-0.7073363659;1319;1620231214.742322857;1319
1620231214.7353410721;-1.4584949661;-1.3672174105;1.2916128417;0.7930865679;-0.0050835569;0.0134731061;0.6089386904;1620231214.7271440029;-0.0537265102;5.2450582802;1.4840840860;0.7068108608;0.0062600483;0.0071802128;-0.7073384362;1319;1620231214.742322857;1319
1620231214.7441511154;-1.4594406297;-1.3670373192;1.2917198394;0.7930810799;-0.0051518523;0.0132203605;0.6089508036;1620231214.7353579998;-0.0537354441;5.2450680058;1.4840816033;0.7068137741;0.0062754409;0.0071940278;-0.7073352483;1320;1620231214.768294241;1320
1620231214.7527120113;-1.4601718561;-1.3669399794;1.2918249679;0.7932204038;-0.0050645120;0.0131763865;0.6087709952;1620231214.7441670895;-0.0537515018;5.2450720079;1.4840826348;0.7068103438;0.0062747854;0.0071982373;-0.7073386391;1320;1620231214.768294241;1320
1620231214.7608931065;-1.4611121355;-1.3667402445;1.2918822345;0.7932331844;-0.0048385663;0.0133667329;0.6087520299;1620231214.7527639866;-0.0537374172;5.2450739913;1.4840795142;0.7068077756;0.0062741666;0.0072026114;-0.7073411663;1320;1620231214.768294241;1320
1620231214.7770490646;-1.4626028704;-1.3664686705;1.2920281832;0.7934878227;-0.0047148830;0.0134956709;0.6084182048;1620231214.7609100342;-0.0537563112;5.2450796496;1.4840848422;0.7068115081;0.0062834181;0.0072060020;-0.7073373200;1321;1620231214.820236633;1321
1620231214.7936050892;-1.4641552891;-1.3661941367;1.2921273887;0.7935068331;-0.0050167027;0.0135899023;0.6083888996;1620231214.7770640850;-0.0537368051;5.2450788567;1.4840863299;0.7068132301;0.0062733868;0.0071964936;-0.7073357851;1321;1620231214.820236633;1321
1620231214.8024330139;-1.4650371283;-1.3660045197;1.2921595219;0.7935185619;-0.0052028409;0.0137891280;0.6083675553;1620231214.7936220169;-0.0537334869;5.2450759923;1.4840844832;0.7068106944;0.0062701442;0.0071976222;-0.7073383362;1321;1620231214.820236633;1321
1620231214.8103899956;-1.4657148820;-1.3658900888;1.2921328377;0.7935920864;-0.0055913913;0.0140236533;0.6082628329;1620231214.8024499416;-0.0537400917;5.2450698481;1.4840819399;0.7068125716;0.0062670711;0.0071942989;-0.7073365214;1322;1620231214.846208289;1322
1620231214.8190760612;-1.4664679300;-1.3657021780;1.2922290587;0.7934942460;-0.0057863147;0.0138682390;0.6083922025;1620231214.8104059696;-0.0537330845;5.2450765150;1.4840781229;0.7068126132;0.0062741755;0.0071988875;-0.7073363702;1322;1620231214.846208289;1322
1620231214.8355600834;-1.4677922018;-1.3654868513;1.2923794736;0.7938144288;-0.0062336165;0.0134692967;0.6079789246;1620231214.8190920353;-0.0537276772;5.2450768948;1.4840826399;0.7068107802;0.0062721843;0.0071936689;-0.7073382726;1322;1620231214.846208289;1322
1620231214.8441181183;-1.4684030641;-1.3654308182;1.2924133733;0.7941742695;-0.0062886135;0.0135774614;0.6075058317;1620231214.8355770111;-0.0537245206;5.2450702139;1.4840815385;0.7068113312;0.0062748057;0.0071930528;-0.7073377050;1322;1620231214.846208289;1322
1620231214.8522880077;-1.4690398574;-1.3653343107;1.2924433925;0.7943170443;-0.0063970607;0.0135131282;0.6073194432;1620231214.8441340923;-0.0537357979;5.2450776745;1.4840842023;0.7068071503;0.0062761677;0.0071979506;-0.7073418209;1323;1620231214.872179601;1323
1620231214.8603270054;-1.4696739428;-1.3652180991;1.2925002061;0.7943932530;-0.0063419893;0.0134949471;0.6072207384;1620231214.8523049355;-0.0537327650;5.2450809426;1.4840883748;0.7068084986;0.0062728835;0.0071948487;-0.7073405343;1323;1620231214.872179601;1323
1620231214.8771851063;-1.4708274248;-1.3650017475;1.2925670578;0.7945209976;-0.0071926256;0.0131214711;0.6070522857;1620231214.8603429794;-0.0537527468;5.2450839758;1.4840904420;0.7068104816;0.0062769459;0.0071998386;-0.7073384659;1323;1620231214.872179601;1323
1620231214.8854439259;-1.4714953279;-1.3648588090;1.2926087659;0.7945539424;-0.0073580800;0.0132147735;0.6070051574;1620231214.8771970272;-0.0537303750;5.2450789121;1.4840877746;0.7068067664;0.0062743816;0.0071977740;-0.7073422221;1324;1620231214.924122297;1324
1620231214.8939259052;-1.4721217060;-1.3647186967;1.2926281664;0.7946160327;-0.0077555684;0.0131632232;0.6069200452;1620231214.8854610920;-0.0537243918;5.2450696277;1.4840871459;0.7068050701;0.0062657825;0.0071873310;-0.7073440996;1324;1620231214.924122297;1324
1620231214.9025180340;-1.4726586598;-1.3646365154;1.2926513929;0.7948126494;-0.0080988766;0.0131337572;0.6066586890;1620231214.8939421177;-0.0537193453;5.2450698009;1.4840902080;0.7068079163;0.0062672659;0.0071825996;-0.7073412904;1324;1620231214.924122297;1324
1620231214.9103820324;-1.4732977151;-1.3645035345;1.2926970516;0.7948617807;-0.0084379529;0.0130829531;0.6065907904;1620231214.9025380611;-0.0537210894;5.2450781805;1.4840893969;0.7068057882;0.0062732815;0.0071893935;-0.7073432945;1324;1620231214.924122297;1324
1620231214.9188809395;-1.4738561091;-1.3644000515;1.2927692846;0.7949556326;-0.0087876363;0.0126643666;0.6064717087;1620231214.9103980064;-0.0537211954;5.2450766507;1.4840880199;0.7068074617;0.0062774065;0.0071917561;-0.7073415617;1325;1620231214.950093657;1325
1620231214.9352760315;-1.4750000996;-1.3642313482;1.2930015223;0.7952856676;-0.0090365698;0.0121312630;0.6060461036;1620231214.9188981056;-0.0537207159;5.2450716686;1.4840914892;0.7068075179;0.0062712417;0.0071863294;-0.7073416153;1325;1620231214.950093657;1325
1620231214.9439690113;-1.4755708943;-1.3641283044;1.2931019683;0.7954155963;-0.0089495070;0.0119767100;0.6058799335;1620231214.9352920055;-0.0537252300;5.2450731383;1.4840936689;0.7068051426;0.0062694737;0.0071909230;-0.7073439578;1325;1620231214.950093657;1325
1620231214.9525060654;-1.4760424386;-1.3640431649;1.2932172738;0.7955492134;-0.0091082529;0.0116252029;0.6057089593;1620231214.9439880848;-0.0537440826;5.2450742096;1.4840951249;0.7068083863;0.0062732214;0.0071956330;-0.7073406354;1325;1620231214.950093657;1325
1620231214.9599390030;-1.4764805858;-1.3639940426;1.2933248644;0.7957710191;-0.0091980655;0.0113419283;0.6054215403;1620231214.9525239468;-0.0537237972;5.2450679264;1.4840928774;0.7068069559;0.0062684048;0.0071894769;-0.7073421701;1326;1620231215.002036297;1326
1620231214.9768760204;-1.4776879150;-1.3637269124;1.2935116060;0.7956584130;-0.0093760194;0.0109715990;0.6055736158;1620231214.9599580765;-0.0537201155;5.2450733109;1.4840903518;0.7068061646;0.0062750602;0.0071925001;-0.7073428711;1326;1620231215.002036297;1326
1620231214.9854209423;-1.4782541697;-1.3636046885;1.2936309975;0.7956365713;-0.0092169594;0.0110358122;0.6056035873;1620231214.9768919945;-0.0537151060;5.2450850880;1.4840954520;0.7068026274;0.0062754942;0.0071983872;-0.7073463418;1326;1620231215.002036297;1326
1620231214.9931380749;-1.4787473300;-1.3634925182;1.2937003261;0.7956818742;-0.0094712885;0.0109404992;0.6055418690;1620231214.9854450226;-0.0537158401;5.2450677306;1.4840921407;0.7068043766;0.0062612538;0.0071827635;-0.7073448790;1327;1620231215.028007721;1327
1620231215.0023310184;-1.4791851980;-1.3634052391;1.2937840702;0.7957388960;-0.0097796469;0.0107006886;0.6054663188;1620231214.9931530952;-0.0537200223;5.2450707703;1.4840888296;0.7068072830;0.0062655563;0.0071897056;-0.7073418661;1327;1620231215.028007721;1327
1620231215.0103409290;-1.4796425220;-1.3633111391;1.2938530808;0.7958017623;-0.0100468550;0.0104711143;0.6053833261;1620231215.0023488998;-0.0537191596;5.2450774597;1.4840797900;0.7068094614;0.0062810762;0.0072047363;-0.7073393988;1327;1620231215.028007721;1327
1620231215.0195260048;-1.4801249863;-1.3631964083;1.2939670559;0.7958167020;-0.0101079534;0.0102433794;0.6053665660;1620231215.0103559494;-0.0537241436;5.2450717284;1.4840779068;0.7068100964;0.0062810708;0.0072004243;-0.7073388082;1327;1620231215.028007721;1327
1620231215.0353040695;-1.4810226010;-1.3630290140;1.2942332125;0.7959160065;-0.0101198103;0.0097566139;0.6052438422;1620231215.0195429325;-0.0537241152;5.2450812128;1.4840811697;0.7068072790;0.0062857992;0.0072055338;-0.7073415295;1328;1620231215.053979097;1328
1620231215.0437960625;-1.4815413751;-1.3628959300;1.2943708682;0.7958909554;-0.0100649010;0.0094877707;0.6052819732;1620231215.0353209972;-0.0537478861;5.2450743625;1.4840878687;0.7068080332;0.0062751564;0.0071983448;-0.7073409436;1328;1620231215.053979097;1328
1620231215.0520820618;-1.4819479339;-1.3628496706;1.2945859365;0.7959215234;-0.0096812207;0.0093462806;0.6052502372;1620231215.0438120365;-0.0537232910;5.2450709785;1.4840869416;0.7068077149;0.0062749903;0.0071947041;-0.7073413002;1328;1620231215.053979097;1328
1620231215.0597798824;-1.4823929731;-1.3627489636;1.2947512482;0.7958957763;-0.0096509373;0.0090498291;0.6052890824;1620231215.0521190166;-0.0537405612;5.2450665379;1.4840936074;0.7068064893;0.0062670556;0.0071884892;-0.7073426583;1329;1620231215.105921721;1329
1620231215.0769479275;-1.4829460616;-1.3626034351;1.2950493202;0.7961922553;-0.0097484377;0.0086408479;0.6049034604;1620231215.0597949028;-0.0537184205;5.2450646329;1.4840846169;0.7068064655;0.0062688669;0.0071897994;-0.7073426528;1329;1620231215.105921721;1329
1620231215.0854520798;-1.4833532247;-1.3625407203;1.2952083507;0.7962794222;-0.0095878271;0.0087087462;0.6047903051;1620231215.0769600868;-0.0537253293;5.2450627596;1.4840824302;0.7068063288;0.0062707679;0.0071937186;-0.7073427327;1329;1620231215.105921721;1329
1620231215.0930740833;-1.4836436646;-1.3625039252;1.2953906605;0.7964323841;-0.0093945041;0.0085859782;0.6045936502;1620231215.0854690075;-0.0537349670;5.2450588667;1.4840845290;0.7068086812;0.0062666399;0.0071907429;-0.7073404489;1329;1620231215.105921721;1329
1620231215.1021499634;-1.4840141373;-1.3624304796;1.2955792599;0.7963496602;-0.0090587369;0.0084865547;0.6047091337;1620231215.0930900574;-0.0537271141;5.2450637755;1.4840857289;0.7068056611;0.0062709790;0.0071909424;-0.7073434262;1330;1620231215.131893129;1330
1620231215.1097619534;-1.4845721437;-1.3623274940;1.2957994067;0.7962685518;-0.0086498794;0.0085404077;0.6048211591;1620231215.1021690369;-0.0537228205;5.2450564467;1.4840847455;0.7068071515;0.0062678629;0.0071832453;-0.7073420427;1330;1620231215.131893129;1330
1620231215.1187610626;-1.4849874746;-1.3622440375;1.2960102382;0.7962062706;-0.0083191225;0.0085761968;0.6049072785;1620231215.1097788811;-0.0537321859;5.2450656728;1.4840897795;0.7068059027;0.0062739662;0.0071894720;-0.7073431733;1330;1620231215.131893129;1330
1620231215.1356699467;-1.4858077584;-1.3621004312;1.2964194775;0.7961715088;-0.0078072686;0.0087628920;0.6049571778;1620231215.1187770367;-0.0537286945;5.2450731944;1.4840913712;0.7068044982;0.0062722539;0.0071917940;-0.7073445683;1330;1620231215.131893129;1330
1620231215.1435749531;-1.4861536438;-1.3620632666;1.2966645304;0.7962558332;-0.0075923022;0.0087226863;0.6048495018;1620231215.1356859207;-0.0537192004;5.2450675432;1.4840876356;0.7068051228;0.0062647194;0.0071859243;-0.7073440706;1331;1620231215.183835849;1331
1620231215.1522901058;-1.4865110460;-1.3620069795;1.2968918305;0.7963113787;-0.0075301530;0.0086585385;0.6047780706;1620231215.1435940266;-0.0537167434;5.2450657120;1.4840869041;0.7068092687;0.0062659651;0.0071829633;-0.7073399468;1331;1620231215.183835849;1331
1620231215.1598050594;-1.4868115776;-1.3619574723;1.2970977538;0.7963472119;-0.0074633144;0.0086232349;0.6047322191;1620231215.1523079872;-0.0537183007;5.2450547696;1.4840841311;0.7068123474;0.0062659136;0.0071770003;-0.7073369314;1331;1620231215.183835849;1331
1620231215.1770360470;-1.4874054967;-1.3618884699;1.2975870946;0.7963687575;-0.0071639217;0.0085194548;0.6047089376;1620231215.1598210335;-0.0537505310;5.2450562110;1.4840902481;0.7068092577;0.0062621808;0.0071809819;-0.7073400115;1332;1620231215.209807225;1332
1620231215.1850719452;-1.4877584084;-1.3618475650;1.2978208253;0.7963490374;-0.0068495545;0.0087453651;0.6047353246;1620231215.1770689487;-0.0537565695;5.2450612563;1.4840898854;0.7068104759;0.0062647654;0.0071827551;-0.7073387533;1332;1620231215.209807225;1332
1620231215.1932749748;-1.4881516120;-1.3618007890;1.2980465527;0.7962879191;-0.0064308689;0.0091461348;0.6048144691;1620231215.1850850582;-0.0537367459;5.2450702822;1.4840863148;0.7068099180;0.0062764919;0.0071926208;-0.7073391066;1332;1620231215.209807225;1332
1620231215.2017660141;-1.4883259776;-1.3617978598;1.2982381088;0.7964634352;-0.0063152980;0.0093475010;0.6045814566;1620231215.1932909489;-0.0537350610;5.2450654847;1.4840907233;0.7068069975;0.0062678227;0.0071855815;-0.7073421733;1332;1620231215.209807225;1332
1620231215.2095520496;-1.4886409003;-1.3617589422;1.2984476523;0.7963729725;-0.0059867766;0.0096633318;0.6046989890;1620231215.2017788887;-0.0537346261;5.2450720317;1.4840898258;0.7068057335;0.0062691594;0.0071929633;-0.7073433495;1333;1620231215.235778497;1333
1620231215.2261559963;-1.4892035351;-1.3616990174;1.2988281622;0.7962901674;-0.0056632628;0.0103113175;0.6048004410;1620231215.2095630169;-0.0537536483;5.2450875344;1.4840884296;0.7068062789;0.0062747626;0.0072039310;-0.7073426431;1333;1620231215.235778497;1333
1620231215.2347390652;-1.4894696976;-1.3616723796;1.2990185616;0.7962836159;-0.0057165935;0.0105624921;0.6048042306;1620231215.2261679173;-0.0537216272;5.2450977561;1.4840798258;0.7068142419;0.0062803913;0.0071943188;-0.7073347340;1333;1620231215.235778497;1333
1620231215.2438070774;-1.4896546999;-1.3616274852;1.2990226336;0.7963869102;-0.0065211585;0.0105669638;0.6046599896;1620231215.2347519398;-0.0537224317;5.2450947488;1.4840775482;0.7068139627;0.0062784707;0.0071960251;-0.7073350126;1333;1620231215.235778497;1333
1620231215.2600619793;-1.4901903088;-1.3616008515;1.2994934409;0.7963788148;-0.0066587996;0.0109032107;0.6046631821;1620231215.2438309193;-0.0537274649;5.2450943272;1.4840812491;0.7068121999;0.0062785583;0.0071925042;-0.7073368092;1334;1620231215.287721225;1334
1620231215.2771060467;-1.4906521817;-1.3615832722;1.2999225715;0.7964821916;-0.0066536173;0.0111521247;0.6045225206;1620231215.2600739002;-0.0537269245;5.2450992554;1.4840799457;0.7068145925;0.0062778596;0.0072001853;-0.7073343464;1334;1620231215.287721225;1334
1620231215.2940740585;-1.4910245584;-1.3616418436;1.3003760477;0.7964949176;-0.0066083867;0.0112571206;0.6045043033;1620231215.2771279812;-0.0537482899;5.2451025654;1.4840908760;0.7068158270;0.0062740540;0.0071959407;-0.7073331898;1335;1620231215.313692625;1335
1620231215.3030929565;-1.4911685135;-1.3616602727;1.3005691391;0.7965279020;-0.0066314484;0.0113105949;0.6044595898;1620231215.2940869331;-0.0537489994;5.2450952974;1.4840866343;0.7068120443;0.0062767713;0.0071978980;-0.7073369257;1335;1620231215.313692625;1335
1620231215.3112719059;-1.4912782323;-1.3616966200;1.3007744278;0.7966035403;-0.0067824903;0.0112372727;0.6043595958;1620231215.3031198978;-0.0537514863;5.2450888864;1.4840824145;0.7068134366;0.0062754330;0.0071967316;-0.7073355581;1335;1620231215.313692625;1335
1620231215.3188068867;-1.4914369957;-1.3617048474;1.3009475702;0.7966531071;-0.0071758999;0.0112324242;0.6042898031;1620231215.3112950325;-0.0537463678;5.2450917208;1.4840833078;0.7068107575;0.0062743312;0.0071973382;-0.7073382388;1336;1620231215.365635361;1336
1620231215.3276159763;-1.4915379816;-1.3617315478;1.3010915288;0.7967436052;-0.0076507696;0.0111615059;0.6041659657;1620231215.3188350201;-0.0537211000;5.2450915516;1.4840776318;0.7068048276;0.0062747666;0.0071960333;-0.7073441737;1336;1620231215.365635361;1336
1620231215.3434529305;-1.4918079950;-1.3617602506;1.3014702611;0.7969018831;-0.0085092697;0.0108305217;0.6039517206;1620231215.3276319504;-0.0537160179;5.2450908814;1.4840770961;0.7068015160;0.0062720704;0.0071892378;-0.7073475758;1336;1620231215.365635361;1336
1620231215.3520710468;-1.4919235052;-1.3617809548;1.3016623206;0.7970404606;-0.0090157592;0.0106197456;0.6037652203;1620231215.3434689045;-0.0537228379;5.2450887617;1.4840749749;0.7068156934;0.0062681293;0.0071859595;-0.7073334773;1336;1620231215.365635361;1336
1620231215.3598001003;-1.4920701527;-1.3618091487;1.3018852017;0.7971364553;-0.0092536860;0.0105383642;0.6036363009;1620231215.3520889282;-0.0537301388;5.2450770551;1.4840737056;0.7068144074;0.0062574383;0.0071825917;-0.7073348912;1337;1620231215.391606649;1337
1620231215.3684558868;-1.4921842344;-1.3618649171;1.3021053781;0.7972686178;-0.0094185410;0.0104532969;0.6034606621;1620231215.3598170280;-0.0537285535;5.2450654393;1.4840738191;0.7068125208;0.0062602775;0.0071816656;-0.7073367607;1337;1620231215.391606649;1337
1620231215.3933949471;-1.4924033875;-1.3620331119;1.3030738913;0.7976271878;-0.0092904152;0.0098954609;0.6029980409;1620231215.3684790134;-0.0537532480;5.2450673848;1.4840797804;0.7068098843;0.0062604696;0.0071861451;-0.7073393481;1338;1620231215.417578041;1338
1620231215.4016249180;-1.4924698821;-1.3620897484;1.3033323724;0.7977237902;-0.0094431365;0.0095540479;0.6028733713;1620231215.3934130669;-0.0537360375;5.2450666497;1.4840905901;0.7068102195;0.0062568780;0.0071779605;-0.7073391280;1338;1620231215.417578041;1338
1620231215.4099409580;-1.4926137703;-1.3621030942;1.3035320913;0.7977468610;-0.0097052551;0.0094408200;0.6028404637;1620231215.4016408920;-0.0537358663;5.2450780963;1.4840978284;0.7068058485;0.0062651398;0.0071871471;-0.7073433293;1338;1620231215.417578041;1338
1620231215.4263598919;-1.4929224301;-1.3621623186;1.3039472531;0.7977121090;-0.0103365718;0.0091326268;0.6028807026;1620231215.4099569321;-0.0537612566;5.2450735068;1.4840987225;0.7068078241;0.0062634317;0.0071868020;-0.7073413738;1338;1620231215.417578041;1338
1620231215.4354341030;-1.4929499154;-1.3622236117;1.3041827964;0.7977342385;-0.0106422633;0.0088684313;0.6028500459;1620231215.4263761044;-0.0537653400;5.2450707272;1.4840969926;0.7068079442;0.0062577336;0.0071859524;-0.7073413128;1339;1620231215.469520793;1339
1620231215.4429171085;-1.4930291356;-1.3622583244;1.3044211981;0.7977353027;-0.0108238845;0.0087774299;0.6028467360;1620231215.4354519844;-0.0537612576;5.2450813289;1.4840920659;0.7068109691;0.0062706646;0.0071977100;-0.7073380561;1339;1620231215.469520793;1339
1620231215.4522130489;-1.4930789877;-1.3623005878;1.3046205673;0.7977790343;-0.0111026480;0.0087618747;0.6027840187;1620231215.4429309368;-0.0537265882;5.2450799038;1.4840829049;0.7068084322;0.0062680718;0.0071929951;-0.7073406621;1339;1620231215.469520793;1339
1620231215.4596989155;-1.4931209266;-1.3623532955;1.3048774783;0.7977796103;-0.0110912873;0.0087389218;0.6027837987;1620231215.4522290230;-0.0537608980;5.2450759655;1.4840896994;0.7068095557;0.0062651823;0.0071903774;-0.7073395917;1340;1620231215.495492081;1340
1620231215.4690859318;-1.4931717974;-1.3623964351;1.3051164405;0.7978528571;-0.0114002185;0.0084936174;0.6026845874;1620231215.4597148895;-0.0537484229;5.2450782942;1.4840889532;0.7068068592;0.0062596968;0.0071845299;-0.7073423941;1340;1620231215.495492081;1340
1620231215.4860229492;-1.4934304100;-1.3624221114;1.3059019720;0.7977115117;-0.0110774818;0.0076155412;0.6028894069;1620231215.4691019058;-0.0537415386;5.2450822209;1.4840851206;0.7068075361;0.0062681634;0.0071914369;-0.7073415726;1340;1620231215.495492081;1340
1620231215.4933049679;-1.4934090381;-1.3625104177;1.3062064859;0.7978191519;-0.0112435857;0.0072211274;0.6027487353;1620231215.4860389233;-0.0537644650;5.2451180410;1.4840950162;0.7068043554;0.0062860858;0.0072127401;-0.7073443749;1340;1620231215.495492081;1340
1620231215.5095949173;-1.4934655691;-1.3626676000;1.3068668371;0.7977923903;-0.0111839705;0.0066808406;0.6027914955;1620231215.4933218956;-0.0537238477;5.2451002255;1.4841016201;0.7068170760;0.0062651315;0.0071756832;-0.7073322266;1341;1620231215.547434737;1341
1620231215.5268299580;-1.4936555699;-1.3627744479;1.3075219195;0.7977085274;-0.0109385820;0.0065851181;0.6029080270;1620231215.5096120834;-0.0537564687;5.2450791867;1.4840909108;0.7068070514;0.0062697229;0.0071913944;-0.7073420435;1341;1620231215.547434737;1341
1620231215.5361759663;-1.4937344839;-1.3628320341;1.3078315618;0.7976411597;-0.0107651249;0.0066578585;0.6029994738;1620231215.5268449783;-0.0537308887;5.2450668054;1.4840834988;0.7068053489;0.0062637479;0.0071832555;-0.7073438804;1341;1620231215.547434737;1341
1620231215.5437099934;-1.4937757776;-1.3628976799;1.3081358908;0.7975975206;-0.0106193977;0.0067886315;0.6030583205;1620231215.5361919403;-0.0537619905;5.2450650135;1.4840866945;0.7068065725;0.0062585403;0.0071823985;-0.7073427124;1342;1620231215.573406185;1342
1620231215.5520799160;-1.4938057384;-1.3629699615;1.3084620712;0.7974964629;-0.0105109254;0.0067980462;0.6031937488;1620231215.5437259674;-0.0537236488;5.2450583761;1.4840785146;0.7068087536;0.0062648218;0.0071798279;-0.7073405035;1342;1620231215.573406185;1342
1620231215.5598518848;-1.4938396739;-1.3630447257;1.3087800413;0.7975293790;-0.0103850772;0.0068765457;0.6031515174;1620231215.5520949364;-0.0537281609;5.2450628743;1.4840848657;0.7068054892;0.0062624189;0.0071813628;-0.7073437712;1342;1620231215.573406185;1342
1620231215.5692520142;-1.4939316865;-1.3630843301;1.3091128605;0.7974474560;-0.0102763005;0.0069161588;0.6032612363;1620231215.5598781109;-0.0537426090;5.2450870249;1.4840864487;0.7068067513;0.0062796641;0.0072013132;-0.7073421543;1343;1620231215.599377465;1343
1620231215.5856049061;-1.4938710004;-1.3632329138;1.3097940202;0.7975496292;-0.0100454028;0.0068380123;0.6031309314;1620231215.5692689419;-0.0537269316;5.2450871221;1.4840818542;0.7068097940;0.0062844613;0.0072058759;-0.7073390248;1343;1620231215.599377465;1343
1620231215.5940589905;-1.4938239048;-1.3633363105;1.3102014886;0.7975040881;-0.0098054042;0.0067530421;0.6031960543;1620231215.5856211185;-0.0537240760;5.2450792584;1.4840823015;0.7068138078;0.0062708510;0.0071980632;-0.7073352143;1343;1620231215.599377465;1343
1620231215.6099588871;-1.4937702996;-1.3635426745;1.3109558983;0.7975901317;-0.0096684170;0.0068077015;0.6030838737;1620231215.5940740108;-0.0537285875;5.2450755576;1.4840828710;0.7068164860;0.0062703851;0.0071963387;-0.7073325598;1344;1620231215.651320201;1344
1620231215.6182160378;-1.4937729931;-1.3636092091;1.3113192959;0.7976289245;-0.0095744760;0.0068622693;0.6030334464;1620231215.6099739075;-0.0537243841;5.2450694306;1.4840861426;0.7068123035;0.0062621590;0.0071896503;-0.7073368801;1344;1620231215.651320201;1344
1620231215.6347939968;-1.4939227185;-1.3637567019;1.3120449979;0.7974029949;-0.0093468106;0.0069654914;0.6033345530;1620231215.6182320118;-0.0537410228;5.2450732807;1.4840854201;0.7068125062;0.0062707804;0.0072004977;-0.7073364908;1344;1620231215.651320201;1344
1620231215.6443939209;-1.4939530298;-1.3638142824;1.3123910035;0.7973432417;-0.0093466149;0.0070433728;0.6034126173;1620231215.6348109245;-0.0537433809;5.2450696278;1.4840794268;0.7068078716;0.0062649298;0.0071980991;-0.7073411982;1344;1620231215.651320201;1344
1620231215.6517589092;-1.4939009119;-1.3639222854;1.3128074494;0.7973571792;-0.0091124635;0.0071276040;0.6033967924;1620231215.6444089413;-0.0537357897;5.2450622832;1.4840794379;0.7068036115;0.0062605763;0.0071852417;-0.7073456243;1345;1620231215.677291561;1345
1620231215.6598970890;-1.4939092963;-1.3640222108;1.3132269079;0.7973070777;-0.0086655026;0.0074193512;0.6034660605;1620231215.6517760754;-0.0537203669;5.2450623980;1.4840837996;0.7068065807;0.0062581038;0.0071822747;-0.7073427094;1345;1620231215.677291561;1345
1620231215.6682219505;-1.4938558045;-1.3641288186;1.3135974260;0.7972887368;-0.0086055980;0.0076067730;0.6034888158;1620231215.6599140167;-0.0537423006;5.2450604488;1.4840904593;0.7068117720;0.0062582106;0.0071835824;-0.7073375078;1345;1620231215.677291561;1345
1620231215.6769609451;-1.4937839099;-1.3642420991;1.3139652879;0.7973222799;-0.0086278002;0.0077106781;0.6034428626;1620231215.6682369709;-0.0537369500;5.2450543515;1.4840895720;0.7068112152;0.0062621374;0.0071859240;-0.7073380056;1346;1620231215.729234321;1346
1620231215.6932270527;-1.4936759011;-1.3644547426;1.3147080584;0.7973137015;-0.0091507909;0.0078998400;0.6034440463;1620231215.6769769192;-0.0537408372;5.2450439233;1.4840891127;0.7068079466;0.0062498208;0.0071741114;-0.7073415006;1346;1620231215.729234321;1346
1620231215.7097771168;-1.4935975322;-1.3646391422;1.3154791888;0.7973423688;-0.0091953016;0.0080116821;0.6034040158;1620231215.6932420731;-0.0537105868;5.2450484991;1.4840825294;0.7068028494;0.0062531670;0.0071762377;-0.7073465427;1346;1620231215.729234321;1346
1620231215.7262480259;-1.4935688517;-1.3648292351;1.3162788622;0.7972774273;-0.0090614002;0.0081328021;0.6034902256;1620231215.7097930908;-0.0537356302;5.2450783842;1.4840837032;0.7068058381;0.0062712185;0.0071975386;-0.7073431801;1347;1620231215.755205593;1347
1620231215.7354919910;-1.4935410313;-1.3649038316;1.3167669488;0.7971511507;-0.0090014704;0.0079790385;0.6036599634;1620231215.7262630463;-0.0537425661;5.2450710688;1.4840909922;0.7068128015;0.0062607353;0.0071848949;-0.7073364434;1347;1620231215.755205593;1347
1620231215.7430369854;-1.4934524007;-1.3650306767;1.3171613186;0.7971665017;-0.0088679271;0.0080131935;0.6036412155;1620231215.7355089188;-0.0537519793;5.2450737255;1.4840886008;0.7068142182;0.0062653621;0.0071914734;-0.7073349199;1347;1620231215.755205593;1347
1620231215.7530670166;-1.4933403910;-1.3651797897;1.3175642263;0.7971731959;-0.0086109181;0.0082163427;0.6036333652;1620231215.7430520058;-0.0537443431;5.2450752730;1.4840879329;0.7068116777;0.0062700589;0.0071956017;-0.7073373749;1348;1620231215.781176985;1348
1620231215.7596850395;-1.4931883043;-1.3653180028;1.3179526910;0.7972025654;-0.0084887348;0.0083207951;0.6035948769;1620231215.7530820370;-0.0537246402;5.2450838715;1.4840860730;0.7068111176;0.0062736884;0.0072004704;-0.7073378529;1348;1620231215.781176985;1348
1620231215.7695488930;-1.4931102396;-1.3654397806;1.3183505522;0.7971603056;-0.0083833934;0.0086017232;0.6036482223;1620231215.7596991062;-0.0537534854;5.2450993714;1.4840945463;0.7068096703;0.0062794677;0.0072091821;-0.7073391591;1348;1620231215.781176985;1348
1620231215.7863640785;-1.4928786160;-1.3656785484;1.3190528129;0.7971460910;-0.0086515345;0.0090227044;0.6036570644;1620231215.7695610523;-0.0537337441;5.2451068962;1.4840963155;0.7068066614;0.0062799058;0.0072124705;-0.7073421283;1348;1620231215.781176985;1348
1620231215.7933681011;-1.4927629280;-1.3658494607;1.3193460460;0.7972770770;-0.0088331337;0.0093939400;0.6034757594;1620231215.7863800526;-0.0537342740;5.2450908728;1.4840967775;0.7068114423;0.0062682116;0.0071911708;-0.7073376716;1349;1620231215.833119665;1349
1620231215.8026349545;-1.4926649705;-1.3659319641;1.3197646457;0.7971066185;-0.0091951690;0.0092950410;0.6036970183;1620231215.7933781147;-0.0537342640;5.2450875164;1.4840906624;0.7068088412;0.0062708824;0.0071985955;-0.7073401715;1349;1620231215.833119665;1349
1620231215.8095779419;-1.4925827934;-1.3660426884;1.3201354505;0.7970469015;-0.0094260132;0.0092472791;0.6037730327;1620231215.8026509285;-0.0537296245;5.2450882991;1.4840868248;0.7068131496;0.0062793299;0.0072026648;-0.7073357500;1349;1620231215.833119665;1349
1620231215.8183228970;-1.4924597069;-1.3661771041;1.3205760382;0.7970033247;-0.0094736741;0.0090558716;0.6038327096;1620231215.8095920086;-0.0537289409;5.2450888696;1.4840847681;0.7068126600;0.0062749118;0.0072004004;-0.7073363014;1350;1620231215.859091057;1350
1620231215.8430249691;-1.4920673507;-1.3667452921;1.3218323175;0.7972496913;-0.0098834909;0.0093144549;0.6034968826;1620231215.8183929920;-0.0537258230;5.2450895979;1.4840866202;0.7068119511;0.0062725271;0.0071985901;-0.7073370494;1350;1620231215.859091057;1350
1620231215.8517160416;-1.4919530680;-1.3668644438;1.3222146333;0.7972365593;-0.0098687195;0.0093184944;0.6035144095;1620231215.8430409431;-0.0537239025;5.2450765859;1.4840849352;0.7068102244;0.0062699016;0.0071902570;-0.7073388829;1350;1620231215.859091057;1350
1620231215.8594961166;-1.4915233371;-1.3670739853;1.3226209157;0.7974179783;-0.0099015963;0.0091437806;0.6032768167;1620231215.8517329693;-0.0537260639;5.2450858937;1.4840847398;0.7068091207;0.0062766714;0.0071967619;-0.7073398596;1351;1620231215.885062433;1351
1620231215.8757340908;-1.4912630591;-1.3673197279;1.3234152148;0.7974008883;-0.0102528944;0.0090419534;0.6032950726;1620231215.8595180511;-0.0537238409;5.2450813522;1.4840795465;0.7068109753;0.0062740753;0.0071911747;-0.7073380862;1351;1620231215.885062433;1351
1620231215.8935461044;-1.4913155463;-1.3675561269;1.3241372659;0.7969430057;-0.0107429868;0.0092568244;0.6038880236;1620231215.8757629395;-0.0537199893;5.2450870931;1.4840841810;0.7068054223;0.0062704671;0.0071876483;-0.7073437028;1352;1620231215.937005113;1352
1620231215.9013168812;-1.4912435541;-1.3676263656;1.3244377799;0.7968922787;-0.0114169622;0.0092175574;0.6039431974;1620231215.8935570717;-0.0537521097;5.2450705199;1.4840900522;0.7068077263;0.0062555039;0.0071785419;-0.7073416256;1352;1620231215.937005113;1352
1620231215.9095339775;-1.4908280492;-1.3678040922;1.3247884353;0.7971866129;-0.0116901201;0.0091867952;0.6035498721;1620231215.9013330936;-0.0537228198;5.2450756444;1.4840865216;0.7068067556;0.0062673177;0.0071859089;-0.7073424162;1352;1620231215.937005113;1352
1620231215.9178969860;-1.4906343214;-1.3679378950;1.3252129927;0.7971618775;-0.0119081025;0.0089475105;0.6035818754;1620231215.9095499516;-0.0537256526;5.2450768902;1.4840897733;0.7068052075;0.0062679152;0.0071866694;-0.7073439501;1352;1620231215.937005113;1352
1620231215.9345149994;-1.4902417235;-1.3682271550;1.3260044454;0.7972498730;-0.0122454713;0.0086417050;0.6034633455;1620231215.9179129601;-0.0537270616;5.2450750558;1.4840884089;0.7068044291;0.0062639193;0.0071834311;-0.7073447961;1353;1620231215.962976433;1353
1620231215.9431319237;-1.4899808418;-1.3684161784;1.3265088591;0.7973176535;-0.0126525632;0.0081157609;0.6033726929;1620231215.9345300198;-0.0537311372;5.2450789503;1.4840816506;0.7068064530;0.0062673099;0.0071868854;-0.7073427087;1353;1620231215.962976433;1353
1620231215.9512639046;-1.4897179605;-1.3685899588;1.3269217875;0.7974024537;-0.0126483166;0.0078782041;0.6032638567;1620231215.9431478977;-0.0537228604;5.2450882845;1.4840815525;0.7068054846;0.0062723309;0.0071957193;-0.7073435420;1353;1620231215.962976433;1353
1620231215.9595310688;-1.4895028009;-1.3687471311;1.3273620817;0.7974341018;-0.0126796259;0.0075405994;0.6032256790;1620231215.9512898922;-0.0537245774;5.2450810360;1.4840820063;0.7068075614;0.0062651717;0.0071878496;-0.7073416103;1353;1620231215.962976433;1353
1620231215.9763898849;-1.4891244014;-1.3690208803;1.3281916426;0.7974803031;-0.0127411834;0.0071803337;0.6031676974;1620231215.9595479965;-0.0537477895;5.2450838730;1.4840881518;0.7068076411;0.0062696785;0.0071923874;-0.7073414445;1354;1620231216.014919185;1354
1620231215.9848189354;-1.4891272010;-1.3691183192;1.3285397114;0.7972762663;-0.0128581477;0.0071664505;0.6034350547;1620231215.9764060974;-0.0537502059;5.2450851048;1.4840930569;0.7068066687;0.0062684438;0.0071908099;-0.7073424432;1354;1620231216.014919185;1354
1620231215.9929010868;-1.4889276707;-1.3692631078;1.3289198074;0.7973052804;-0.0129938893;0.0071886508;0.6033935466;1620231215.9848370552;-0.0537578053;5.2450665405;1.4840930245;0.7068042608;0.0062510822;0.0071766266;-0.7073451470;1354;1620231216.014919185;1354
1620231216.0014920235;-1.4887234723;-1.3694009917;1.3292728306;0.7972818346;-0.0131853849;0.0072604006;0.6034195127;1620231215.9929161072;-0.0537380591;5.2450724897;1.4840858211;0.7068073834;0.0062622302;0.0071833654;-0.7073418597;1355;1620231216.040890481;1355
1620231216.0095279217;-1.4884999922;-1.3695329078;1.3296195962;0.7973195366;-0.0135283162;0.0072648998;0.6033620492;1620231216.0015099049;-0.0537249771;5.2450781356;1.4840813485;0.7068072086;0.0062733050;0.0071916986;-0.7073418515;1355;1620231216.040890481;1355
1620231216.0176589489;-1.4883255692;-1.3696348245;1.3299458814;0.7972839418;-0.0139172481;0.0072550875;0.6034003564;1620231216.0095429420;-0.0537600707;5.2450733376;1.4840906538;0.7068047658;0.0062571222;0.0071828239;-0.7073445261;1355;1620231216.040890481;1355
1620231216.0345389843;-1.4879414076;-1.3698566726;1.3307122205;0.7973806397;-0.0143829984;0.0069886941;0.6032647867;1620231216.0176830292;-0.0537538448;5.2450665109;1.4840850572;0.7068080388;0.0062559004;0.0071791884;-0.7073413032;1355;1620231216.040890481;1355
1620231216.0425810814;-1.4877033042;-1.3699947025;1.3311257428;0.7973879384;-0.0145938409;0.0066589435;0.6032538055;1620231216.0345540047;-0.0537284063;5.2450671071;1.4840870178;0.7068065302;0.0062599869;0.0071811474;-0.7073427546;1356;1620231216.066861881;1356
1620231216.0528690815;-1.4874101700;-1.3701723684;1.3315680737;0.7975399480;-0.0148280724;0.0062929361;0.6030510414;1620231216.0425980091;-0.0537356250;5.2450710379;1.4840887217;0.7068072476;0.0062631929;0.0071858553;-0.7073419616;1356;1620231216.066861881;1356
1620231216.0618019104;-1.4871755793;-1.3703032269;1.3320436429;0.7975732496;-0.0147752669;0.0058689443;0.6030125690;1620231216.0528850555;-0.0537285525;5.2450693385;1.4840881618;0.7068050791;0.0062583491;0.0071810359;-0.7073442203;1356;1620231216.066861881;1356
1620231216.0773999691;-1.4866777651;-1.3705648509;1.3330133705;0.7975091570;-0.0145460437;0.0048724391;0.6031117777;1620231216.0618159771;-0.0537293440;5.2450706140;1.4840825247;0.7068056794;0.0062602885;0.0071832941;-0.7073435804;1356;1620231216.066861881;1356
1620231216.0858159065;-1.4864564200;-1.3707187245;1.3334838296;0.7975542536;-0.0144219970;0.0047399285;0.6030561761;1620231216.0774140358;-0.0537456656;5.2450734165;1.4840848148;0.7068046367;0.0062646434;0.0071863267;-0.7073445529;1357;1620231216.118804641;1357
1620231216.0942199230;-1.4861090922;-1.3708459561;1.3339344061;0.7977147978;-0.0144979699;0.0043771575;0.6028447153;1620231216.0858550072;-0.0537327718;5.2450659034;1.4840804573;0.7068052769;0.0062614638;0.0071802478;-0.7073440031;1357;1620231216.118804641;1357
1620231216.1026170254;-1.4859244267;-1.3709486370;1.3343651560;0.7976937280;-0.0146815818;0.0041095006;0.6028700353;1620231216.0942349434;-0.0537279845;5.2450645278;1.4840799133;0.7068057535;0.0062584574;0.0071759331;-0.7073435972;1357;1620231216.118804641;1357
1620231216.1111760139;-1.4858422398;-1.3710024862;1.3348802093;0.7975043237;-0.0143440987;0.0040691168;0.6031289603;1620231216.1026329994;-0.0537533658;5.2450703684;1.4840895055;0.7068027528;0.0062574461;0.0071790663;-0.7073465728;1358;1620231216.144775921;1358
1620231216.1205239296;-1.4857026668;-1.3711245828;1.3353246288;0.7975392194;-0.0142247060;0.0048329231;0.6030800065;1620231216.1111900806;-0.0537655356;5.2450811898;1.4840851853;0.7068065659;0.0062702853;0.0071931350;-0.7073425059;1358;1620231216.144775921;1358
1620231216.1352360249;-1.4853335875;-1.3713756781;1.3364026713;0.7974860137;-0.0129720782;0.0053695505;0.6031740636;1620231216.1205410957;-0.0537329946;5.2450783070;1.4840803682;0.7068055921;0.0062653538;0.0071846181;-0.7073436093;1358;1620231216.144775921;1358
1620231216.1435079575;-1.4853311193;-1.3714868485;1.3368479871;0.7971498620;-0.0129859388;0.0053352969;0.6036182548;1620231216.1352469921;-0.0537419185;5.2450893751;1.4840864007;0.7068058359;0.0062676317;0.0071907033;-0.7073432836;1358;1620231216.144775921;1358
1620231216.1607561111;-1.4849152576;-1.3717616714;1.3378942442;0.7972009354;-0.0125498929;0.0052279956;0.6035609636;1620231216.1435260773;-0.0537488824;5.2450868406;1.4840884432;0.7068057280;0.0062606039;0.0071826740;-0.7073435353;1359;1620231216.170747321;1359
1620231216.1772069931;-1.4844797642;-1.3719695955;1.3387831518;0.7972138767;-0.0129449273;0.0045501719;0.6035410174;1620231216.1607699394;-0.0537337762;5.2450885366;1.4840826736;0.7068075109;0.0062682539;0.0071864219;-0.7073416479;1359;1620231216.170747321;1359
1620231216.1852838993;-1.4845039795;-1.3720622014;1.3392834219;0.7971920342;-0.0125777217;0.0047843847;0.6035758206;1620231216.1772220135;-0.0537454595;5.2450852372;1.4840833330;0.7068094315;0.0062678103;0.0071905416;-0.7073396908;1360;1620231216.222689993;1360
1620231216.1938829422;-1.4843465851;-1.3721751723;1.3398211129;0.7970946686;-0.0124089056;0.0046212148;0.6037091623;1620231216.1853001118;-0.0537288089;5.2450724568;1.4840848455;0.7068067087;0.0062551547;0.0071734886;-0.7073426968;1360;1620231216.222689993;1360
1620231216.2028479576;-1.4841437182;-1.3723347516;1.3403486767;0.7970592639;-0.0123846662;0.0044511508;0.6037576807;1620231216.1939001083;-0.0537641828;5.2450850550;1.4840886923;0.7068083462;0.0062733893;0.0071962721;-0.7073406675;1360;1620231216.222689993;1360
1620231216.2092499733;-1.4839003940;-1.3725014863;1.3408745245;0.7971123945;-0.0123385759;0.0042630806;0.6036898344;1620231216.2028648853;-0.0537269294;5.2450702369;1.4840860554;0.7068066775;0.0062601307;0.0071795924;-0.7073426220;1360;1620231216.222689993;1360
1620231216.2184610367;-1.4838987317;-1.3726559385;1.3415786643;0.7968669543;-0.0112268097;0.0048187739;0.6040312867;1620231216.2092649937;-0.0537292892;5.2450716593;1.4840851993;0.7068065764;0.0062642282;0.0071842737;-0.7073426392;1361;1620231216.248661313;1361
1620231216.2350330353;-1.4837347583;-1.3728766498;1.3426272157;0.7966579732;-0.0104320003;0.0051530756;0.6043183706;1620231216.2184739113;-0.0537297498;5.2450557956;1.4840830687;0.7068071247;0.0062516229;0.0071714921;-0.7073423325;1361;1620231216.248661313;1361
1620231216.2428390980;-1.4834400478;-1.3729728647;1.3429897924;0.7967501430;-0.0111208365;0.0045101228;0.6041897016;1620231216.2350440025;-0.0537361333;5.2450781358;1.4840834881;0.7068047178;0.0062675541;0.0071915292;-0.7073443931;1361;1620231216.248661313;1361
1620231216.2520809174;-1.4834114687;-1.3731284210;1.3436393953;0.7965343514;-0.0098940057;0.0053859175;0.6044883188;1620231216.2428529263;-0.0537280085;5.2450864903;1.4840792340;0.7068077490;0.0062750693;0.0071951672;-0.7073412606;1361;1620231216.248661313;1361
1620231216.2597830296;-1.4832774666;-1.3732613165;1.3441301953;0.7964553073;-0.0096361958;0.0056752567;0.6045939784;1620231216.2520980835;-0.0537271455;5.2450813408;1.4840854941;0.7068073758;0.0062675760;0.0071889176;-0.7073417636;1362;1620231216.300603985;1362
1620231216.2763149738;-1.4828955386;-1.3735353960;1.3449167796;0.7965259581;-0.0102605866;0.0058216821;0.6044892278;1620231216.2597970963;-0.0537356624;5.2450827157;1.4840836039;0.7068075886;0.0062648136;0.0071899490;-0.7073415650;1362;1620231216.300603985;1362
1620231216.2851068974;-1.4827161078;-1.3736772143;1.3454301664;0.7964852409;-0.0102755360;0.0059174076;0.6045416931;1620231216.2763290405;-0.0537620411;5.2450745627;1.4840928019;0.7068060102;0.0062583235;0.0071868421;-0.7073432311;1362;1620231216.300603985;1362
1620231216.2932810783;-1.4825764651;-1.3738142062;1.3459171586;0.7964028927;-0.0103317068;0.0060632532;0.6046477695;1620231216.2851250172;-0.0537256932;5.2450721415;1.4840863734;0.7068070187;0.0062624872;0.0071807203;-0.7073422488;1363;1620231216.326575417;1363
1620231216.3019900322;-1.4824532431;-1.3739422405;1.3464237261;0.7963753478;-0.0102457909;0.0062282367;0.6046838333;1620231216.2933111191;-0.0537262372;5.2450701210;1.4840880664;0.7068061883;0.0062587535;0.0071795226;-0.7073431237;1363;1620231216.326575417;1363
1620231216.3099000454;-1.4824076198;-1.3741027765;1.3470669903;0.7962737808;-0.0092662735;0.0070198220;0.6048247054;1620231216.3020060062;-0.0537251107;5.2450675803;1.4840881479;0.7068034390;0.0062564399;0.0071783299;-0.7073459034;1363;1620231216.326575417;1363
1620231216.3268520832;-1.4820318488;-1.3744651802;1.3480427477;0.7962778503;-0.0089182182;0.0074878987;0.6048189662;1620231216.3099110126;-0.0537289165;5.2450712066;1.4840858097;0.7068034397;0.0062604211;0.0071846927;-0.7073458030;1363;1620231216.326575417;1363
1620231216.3353259563;-1.4819903403;-1.3745982619;1.3485868465;0.7961424768;-0.0085216826;0.0077882188;0.6049990754;1620231216.3268680573;-0.0537257428;5.2450619253;1.4840834455;0.7068051298;0.0062562983;0.0071761153;-0.7073442376;1364;1620231216.378518153;1364
1620231216.3441200256;-1.4818424315;-1.3747460214;1.3491021969;0.7961176924;-0.0083577811;0.0078910814;0.6050326422;1620231216.3353409767;-0.0537347974;5.2450648957;1.4840815522;0.7068035050;0.0062569184;0.0071799244;-0.7073458171;1364;1620231216.378518153;1364
1620231216.3525209427;-1.4815264649;-1.3749637301;1.3495964100;0.7963294729;-0.0084274036;0.0079351731;0.6047523315;1620231216.3441441059;-0.0537292370;5.2450734522;1.4840779598;0.7068045464;0.0062689267;0.0071924099;-0.7073445433;1364;1620231216.378518153;1364
1620231216.3611760139;-1.4814141135;-1.3751408181;1.3500941487;0.7962439719;-0.0082458058;0.0082951279;0.6048625751;1620231216.3525369167;-0.0537330360;5.2450755409;1.4840815757;0.7068010917;0.0062641807;0.0071870323;-0.7073480921;1364;1620231216.378518153;1364
1620231216.3688778877;-1.4812938644;-1.3752713878;1.3505538595;0.7962361494;-0.0082190931;0.0084918792;0.6048705059;1620231216.3611900806;-0.0537251186;5.2450877660;1.4840832723;0.7068021682;0.0062641099;0.0071867738;-0.7073470197;1365;1620231216.404489441;1365
1620231216.3856399059;-1.4810353486;-1.3755420790;1.3514265878;0.7960670997;-0.0085947604;0.0089019008;0.6050818614;1620231216.3688929081;-0.0537336539;5.2450955183;1.4840890555;0.7068059033;0.0062654308;0.0071890377;-0.7073432527;1365;1620231216.404489441;1365
1620231216.4020841122;-1.4806968375;-1.3758606176;1.3523023786;0.7961397682;-0.0090758724;0.0092892289;0.6049733946;1620231216.3856570721;-0.0537352946;5.2450930804;1.4840872263;0.7068105130;0.0062672680;0.0071854639;-0.7073386666;1366;1620231216.430460833;1366
1620231216.4108889103;-1.4804748187;-1.3760207344;1.3527466581;0.7961483162;-0.0094726398;0.0093330836;0.6049553878;1620231216.4021210670;-0.0537581265;5.2450772030;1.4840873004;0.7068037734;0.0062610466;0.0071838221;-0.7073454729;1366;1620231216.430460833;1366
1620231216.4272589684;-1.4797081920;-1.3763929975;1.3535050508;0.7965656316;-0.0110218641;0.0082642966;0.6043950814;1620231216.4108989239;-0.0537393228;5.2450737683;1.4840884180;0.7068049133;0.0062593021;0.0071823451;-0.7073443642;1366;1620231216.430460833;1366
1620231216.4355609417;-1.4796414731;-1.3765685067;1.3541702695;0.7965903435;-0.0099884923;0.0089145101;0.6043712321;1620231216.4272739887;-0.0537376216;5.2450650059;1.4840929667;0.7068086005;0.0062511520;0.0071755917;-0.7073408205;1366;1620231216.430460833;1366
1620231216.4433600903;-1.4794538784;-1.3767498554;1.3546438667;0.7965685674;-0.0103921015;0.0085960856;0.6043977406;1620231216.4355769157;-0.0537434120;5.2450738826;1.4840924257;0.7068099789;0.0062521220;0.0071822858;-0.7073393665;1367;1620231216.482403577;1367
1620231216.4517569542;-1.4794540639;-1.3769156616;1.3550711043;0.7963081584;-0.0102409725;0.0086573011;0.6047424993;1620231216.4433701038;-0.0537328676;5.2450809843;1.4840975638;0.7068076908;0.0062572165;0.0071824612;-0.7073416060;1367;1620231216.482403577;1367
1620231216.4602351189;-1.4792244970;-1.3770996259;1.3555516783;0.7963964004;-0.0104010179;0.0085563922;0.6046249915;1620231216.4517710209;-0.0537369620;5.2450673303;1.4841016103;0.7068083004;0.0062432107;0.0071681063;-0.7073412664;1367;1620231216.482403577;1367
1620231216.4687008858;-1.4789232086;-1.3773637323;1.3559231654;0.7967881606;-0.0107103319;0.0086662827;0.6041016565;1620231216.4602499008;-0.0537739370;5.2450510653;1.4841075592;0.7068075429;0.0062383644;0.0071711818;-0.7073420348;1367;1620231216.482403577;1367
1620231216.4854569435;-1.4785250467;-1.3776428421;1.3567775335;0.7967551494;-0.0116222283;0.0082569288;0.6041340736;1620231216.4854741096;-0.0537450606;5.2450531682;1.4841071464;0.7068031680;0.0062414146;0.0071662349;-0.7073464296;1368;1620231216.508374945;1368
1620231216.4934380054;-1.4783378698;-1.3777807178;1.3571804139;0.7967472268;-0.0120368962;0.0082257272;0.6041368282;1620231216.4854741096;-0.0537450606;5.2450531682;1.4841071464;0.7068031680;0.0062414146;0.0071662349;-0.7073464296;1368;1620231216.508374945;1368
1620231216.5026669502;-1.4780366853;-1.3779062627;1.3574488942;0.7969277625;-0.0133972957;0.0075469889;0.6038788760;1620231216.4934740067;-0.0537619071;5.2450544933;1.4841057821;0.7068016623;0.0062394449;0.0071657548;-0.7073479564;1368;1620231216.508374945;1368
1620231216.5101599693;-1.4778474500;-1.3780627875;1.3578736467;0.7969289966;-0.0136531796;0.0074826127;0.6038723172;1620231216.5026850700;-0.0537458303;5.2450608330;1.4841026524;0.7068082806;0.0062538473;0.0071772568;-0.7073410994;1369;1620231216.560317593;1369
1620231216.5268681049;-1.4774236136;-1.3784130356;1.3588024762;0.7971086667;-0.0142350338;0.0069970223;0.6036275168;1620231216.5101759434;-0.0537344130;5.2450593082;1.4840975445;0.7068060508;0.0062388861;0.0071691780;-0.7073435415;1369;1620231216.560317593;1369
1620231216.5359950066;-1.4772282040;-1.3785710569;1.3592757508;0.7971664044;-0.0143514771;0.0067922736;0.6035508461;1620231216.5268850327;-0.0537310918;5.2450782438;1.4840925739;0.7068029602;0.0062606270;0.0071870285;-0.7073462565;1369;1620231216.560317593;1369
1620231216.5433890820;-1.4770741509;-1.3787088605;1.3597816787;0.7971902368;-0.0143057251;0.0065971803;0.6035226175;1620231216.5360240936;-0.0537311636;5.2450697736;1.4840897919;0.7068049249;0.0062537529;0.0071786229;-0.7073444395;1369;1620231216.560317593;1369
1620231216.5523130894;-1.4769851364;-1.3788332622;1.3602683617;0.7971445181;-0.0143696670;0.0064126571;0.6035834721;1620231216.5434179306;-0.0537239243;5.2450789588;1.4840894404;0.7068037978;0.0062598446;0.0071813041;-0.7073454846;1370;1620231216.586288977;1370
1620231216.5599100590;-1.4767851168;-1.3790013154;1.3607569944;0.7971731739;-0.0141249861;0.0063747491;0.6035518024;1620231216.5523300171;-0.0537273282;5.2450742730;1.4840854638;0.7068049696;0.0062564540;0.0071794385;-0.7073443627;1370;1620231216.586288977;1370
1620231216.5699279308;-1.4765886207;-1.3791801953;1.3612239910;0.7972115178;-0.0143210400;0.0061611091;0.6034987526;1620231216.5599250793;-0.0537515607;5.2450747146;1.4840932791;0.7068041350;0.0062579705;0.0071808255;-0.7073451691;1370;1620231216.586288977;1370
1620231216.5867419243;-1.4762537475;-1.3794658189;1.3621737329;0.7971750919;-0.0147230834;0.0058130337;0.6035406468;1620231216.5699429512;-0.0537326207;5.2450577233;1.4840903256;0.7068056081;0.0062439615;0.0071653976;-0.7073439775;1371;1620231216.612260273;1371
1620231216.5945808887;-1.4760614752;-1.3796368229;1.3626059950;0.7972064796;-0.0150136471;0.0057979252;0.6034921733;1620231216.5867569447;-0.0537557484;5.2450718976;1.4840932426;0.7068052584;0.0062537297;0.0071738329;-0.7073441550;1371;1620231216.612260273;1371
1620231216.6021249294;-1.4759261260;-1.3797394518;1.3630459537;0.7971168464;-0.0151006618;0.0057015823;0.6036093068;1620231216.5945949554;-0.0537294622;5.2450870850;1.4840889336;0.7068075005;0.0062697560;0.0071905691;-0.7073416028;1371;1620231216.612260273;1371
1620231216.6103079319;-1.4758251001;-1.3798620201;1.3635372097;0.7970582830;-0.0151263475;0.0056481864;0.6036864957;1620231216.6021358967;-0.0537531797;5.2450815338;1.4840941724;0.7068075702;0.0062567950;0.0071780506;-0.7073417751;1371;1620231216.612260273;1371
1620231216.6188371181;-1.4756644612;-1.3800117770;1.3640457347;0.7970802761;-0.0151349794;0.0055688882;0.6036579772;1620231216.6103439331;-0.0537295772;5.2450869883;1.4840815075;0.7068086429;0.0062712697;0.0071924454;-0.7073404288;1372;1620231216.664202953;1372
1620231216.6363968849;-1.4758133081;-1.3801921296;1.3651675163;0.7964161070;-0.0139980267;0.0061223954;0.6045559991;1620231216.6188740730;-0.0537247660;5.2450837526;1.4840836400;0.7068108816;0.0062639015;0.0071835508;-0.7073383474;1372;1620231216.664202953;1372
1620231216.6434869766;-1.4757400364;-1.3802885583;1.3657254288;0.7962229987;-0.0137835016;0.0058844183;0.6048175965;1620231216.6364350319;-0.0537351259;5.2450447550;1.4840848706;0.7068098818;0.0062451460;0.0071668380;-0.7073396819;1372;1620231216.664202953;1372
1620231216.6520509720;-1.4755470061;-1.3804307779;1.3662713097;0.7962931022;-0.0136527230;0.0056175484;0.6047308010;1620231216.6435039043;-0.0537364772;5.2450371795;1.4840854822;0.7068032419;0.0062415856;0.0071636063;-0.7073463809;1372;1620231216.664202953;1372
1620231216.6600871086;-1.4753930416;-1.3805718205;1.3667698725;0.7963469225;-0.0135776146;0.0054976539;0.6046627186;1620231216.6520659924;-0.0537346738;5.2450441929;1.4840859907;0.7068019908;0.0062432905;0.0071621292;-0.7073476310;1373;1620231216.690174329;1373
1620231216.6764318943;-1.4750503439;-1.3808450711;1.3677919669;0.7964691095;-0.0135298689;0.0052375029;0.6045051438;1620231216.6601090431;-0.0537313353;5.2450485680;1.4840873442;0.7068007406;0.0062413389;0.0071580643;-0.7073489385;1373;1620231216.690174329;1373
1620231216.6853070259;-1.4749084409;-1.3809549619;1.3683087795;0.7964489082;-0.0135559996;0.0051316650;0.6045320815;1620231216.6764469147;-0.0537221621;5.2450743595;1.4840760835;0.7068054536;0.0062628947;0.0071792692;-0.7073438237;1373;1620231216.690174329;1373
1620231216.6934080124;-1.4748623391;-1.3810529228;1.3688038274;0.7962210585;-0.0134710235;0.0052210138;0.6048332816;1620231216.6853299141;-0.0537201778;5.2450866506;1.4840743390;0.7068068739;0.0062706706;0.0071882936;-0.7073422440;1374;1620231216.716145697;1374
1620231216.7018139362;-1.4747837651;-1.3811281298;1.3692978631;0.7962063278;-0.0134896889;0.0052619707;0.6048519022;1620231216.6934230328;-0.0537213386;5.2450959114;1.4840693697;0.7068105008;0.0062821648;0.0071958270;-0.7073384412;1374;1620231216.716145697;1374
1620231216.7100179195;-1.4746757465;-1.3812486302;1.3698016467;0.7961466085;-0.0135810296;0.0053169022;0.6049279824;1620231216.7018299103;-0.0537430460;5.2451134281;1.4840756575;0.7068117565;0.0062837741;0.0072055051;-0.7073370736;1374;1620231216.716145697;1374
1620231216.7268779278;-1.4744212470;-1.3814736499;1.3708271134;0.7960870911;-0.0136024556;0.0053023097;0.6050059521;1620231216.7100489140;-0.0537449149;5.2451124991;1.4840696802;0.7068151265;0.0062883638;0.0072131142;-0.7073335878;1374;1620231216.716145697;1374
1620231216.7434799671;-1.4741154921;-1.3817494337;1.3719828172;0.7962146774;-0.0132660651;0.0051980069;0.6048464101;1620231216.7268960476;-0.0537283961;5.2450746267;1.4840801441;0.7068099686;0.0062632813;0.0071855622;-0.7073392448;1375;1620231216.768088361;1375
1620231216.7518858910;-1.4741244435;-1.3818140082;1.3725481824;0.7960966190;-0.0129617732;0.0052514018;0.6050079243;1620231216.7434959412;-0.0537529154;5.2450617065;1.4840860703;0.7068091483;0.0062563407;0.0071784026;-0.7073401987;1375;1620231216.768088361;1375
1620231216.7599349022;-1.4740120121;-1.3819380723;1.3731307809;0.7961819902;-0.0126968390;0.0052768566;0.6049009701;1620231216.7519199848;-0.0537276806;5.2450610210;1.4840807682;0.7068070011;0.0062565231;0.0071771206;-0.7073423556;1376;1620231216.794059833;1376
1620231216.7765710354;-1.4738264320;-1.3821650644;1.3742658268;0.7962628543;-0.0124066919;0.0052758719;0.6048005506;1620231216.7599709034;-0.0537320486;5.2450648373;1.4840829806;0.7068081736;0.0062598559;0.0071788128;-0.7073411373;1376;1620231216.794059833;1376
1620231216.7848930359;-1.4737847623;-1.3822370930;1.3748316959;0.7962692272;-0.0121513253;0.0053910924;0.6047963287;1620231216.7765879631;-0.0537252608;5.2450699684;1.4840799284;0.7068072904;0.0062653700;0.0071831735;-0.7073419267;1376;1620231216.794059833;1376
1620231216.7931160927;-1.4735315836;-1.3822960088;1.3752401022;0.7965756705;-0.0129047322;0.0048547127;0.6043815854;1620231216.7849080563;-0.0537291045;5.2450758865;1.4840822539;0.7068095210;0.0062658333;0.0071862688;-0.7073396623;1376;1620231216.794059833;1376
1620231216.8020269871;-1.4734642177;-1.3823718606;1.3757513431;0.7965746515;-0.0128412569;0.0049994329;0.6043831007;1620231216.7931299210;-0.0537302485;5.2450784013;1.4840836333;0.7068091410;0.0062698944;0.0071889957;-0.7073399783;1377;1620231216.846002521;1377
1620231216.8097200394;-1.4734281296;-1.3824229942;1.3762619188;0.7965630659;-0.0127922701;0.0051598816;0.6043980604;1620231216.8020439148;-0.0537324548;5.2450816326;1.4840807676;0.7068115730;0.0062718305;0.0071934067;-0.7073374862;1377;1620231216.846002521;1377
1620231216.8263509274;-1.4733249305;-1.3827938039;1.3772964046;0.7965123515;-0.0132361542;0.0050491866;0.6044562713;1620231216.8097360134;-0.0537271804;5.2450848508;1.4840783505;0.7068105875;0.0062766736;0.0071947141;-0.7073384146;1377;1620231216.846002521;1377
1620231216.8351249695;-1.4732646679;-1.3828980684;1.3778226104;0.7965374092;-0.0131739494;0.0052432322;0.6044229573;1620231216.8263659477;-0.0537269828;5.2450831845;1.4840762994;0.7068115428;0.0062701159;0.0071901664;-0.7073375645;1378;1620231216.871973785;1378
1620231216.8519699574;-1.4731077189;-1.3831297703;1.3790034011;0.7966244953;-0.0129963170;0.0051942245;0.6043124434;1620231216.8351430893;-0.0537509069;5.2450799977;1.4840808271;0.7068128404;0.0062650685;0.0071869466;-0.7073363453;1378;1620231216.871973785;1378
1620231216.8598759174;-1.4730889501;-1.3833028147;1.3795702478;0.7965601111;-0.0130819256;0.0052320717;0.6043951340;1620231216.8519930840;-0.0537327876;5.2450842840;1.4840826955;0.7068132785;0.0062684438;0.0071894278;-0.7073358524;1378;1620231216.871973785;1378
1620231216.8763949871;-1.4730182118;-1.3835278150;1.3806610952;0.7966197660;-0.0130499815;0.0066145323;0.6043036441;1620231216.8598909378;-0.0537348469;5.2450780192;1.4840853754;0.7068143948;0.0062644468;0.0071864957;-0.7073348021;1379;1620231216.897945169;1379
1620231216.8854420185;-1.4730252831;-1.3836151415;1.3812281783;0.7967315737;-0.0129478042;0.0065798415;0.6041588032;1620231216.8764109612;-0.0537335378;5.2450740577;1.4840899921;0.7068112345;0.0062609326;0.0071848822;-0.7073380076;1379;1620231216.897945169;1379
1620231216.8934500217;-1.4730028455;-1.3837072889;1.3817996636;0.7966863622;-0.0128164094;0.0067341616;0.6042195222;1620231216.8854529858;-0.0537365478;5.2450741642;1.4840896918;0.7068115055;0.0062583369;0.0071833356;-0.7073377754;1379;1620231216.897945169;1379
1620231216.9097340107;-1.4729461533;-1.3838898466;1.3829824489;0.7965990590;-0.0126160044;0.0069388189;0.6043365192;1620231216.8934659958;-0.0537426974;5.2450632774;1.4840887151;0.7068101553;0.0062535569;0.0071769334;-0.7073392319;1380;1620231216.949887945;1380
1620231216.9267981052;-1.4730432594;-1.3842058443;1.3842519669;0.7960416686;-0.0118805781;0.0079740004;0.6050726643;1620231216.9097480774;-0.0537379551;5.2450673335;1.4840862238;0.7068108181;0.0062564340;0.0071766125;-0.7073385475;1380;1620231216.949887945;1380
1620231216.9360909462;-1.4728676875;-1.3843719103;1.3848292110;0.7959407871;-0.0120094516;0.0080939881;0.6052012259;1620231216.9268150330;-0.0537381036;5.2450709390;1.4840851603;0.7068138619;0.0062656574;0.0071833791;-0.7073353555;1380;1620231216.949887945;1380
1620231216.9524109364;-1.4728914161;-1.3845481555;1.3860924628;0.7961461034;-0.0119940053;0.0080315340;0.6049322444;1620231216.9361019135;-0.0537475065;5.2450631833;1.4840925648;0.7068108546;0.0062482621;0.0071731940;-0.7073386179;1381;1620231216.975859193;1381
1620231216.9600350857;-1.4727971288;-1.3846753437;1.3867424837;0.7959981643;-0.0117896178;0.0081509826;0.6051293158;1620231216.9524219036;-0.0537403678;5.2450694253;1.4840908591;0.7068089617;0.0062572263;0.0071818686;-0.7073403421;1381;1620231216.975859193;1381
1620231216.9764029980;-1.4727711352;-1.3847604829;1.3880448143;0.7956493914;-0.0116371897;0.0081184265;0.6055912095;1620231216.9600520134;-0.0537380941;5.2450775231;1.4840881913;0.7068121533;0.0062611853;0.0071822249;-0.7073371142;1381;1620231216.975859193;1381
1620231216.9853329659;-1.4726572862;-1.3848912418;1.3886592265;0.7957273794;-0.0116568255;0.0082189666;0.6054869980;1620231216.9764180183;-0.0537415191;5.2450878976;1.4840859384;0.7068118981;0.0062710632;0.0071926520;-0.7073371758;1382;1620231217.027801977;1382
1620231216.9933619499;-1.4726426699;-1.3849362973;1.3894078023;0.7955394105;-0.0114752625;0.0080213534;0.6057400619;1620231216.9853489399;-0.0537390709;5.2450780087;1.4840817051;0.7068112568;0.0062563686;0.0071800277;-0.7073380750;1382;1620231217.027801977;1382
1620231217.0018579960;-1.4726461353;-1.3849641317;1.3900472164;0.7955240012;-0.0112218797;0.0081639285;0.6057631412;1620231216.9933769703;-0.0537636520;5.2450838171;1.4840895557;0.7068126407;0.0062635275;0.0071876519;-0.7073365513;1382;1620231217.027801977;1382
1620231217.0101230145;-1.4726734663;-1.3850342393;1.3906821700;0.7954807867;-0.0109275092;0.0084371036;0.6058215272;1620231217.0018739700;-0.0537350672;5.2450847618;1.4840856187;0.7068115072;0.0062702132;0.0071894152;-0.7073376068;1383;1620231217.053773305;1383
1620231217.0264599323;-1.4726095404;-1.3853373078;1.3918984408;0.7954881115;-0.0108887342;0.0090161110;0.6058042667;1620231217.0101370811;-0.0537400848;5.2450817118;1.4840883255;0.7068096366;0.0062631844;0.0071847984;-0.7073395852;1383;1620231217.053773305;1383
1620231217.0351669788;-1.4725720318;-1.3854193813;1.3925235206;0.7955514152;-0.0108324013;0.0092556214;0.6057185306;1620231217.0264759064;-0.0537329824;5.2450817594;1.4840869933;0.7068116945;0.0062660064;0.0071864299;-0.7073374873;1383;1620231217.053773305;1383
1620231217.0520150661;-1.4724214377;-1.3856208833;1.3938468813;0.7956060644;-0.0108385519;0.0093220210;0.6056456192;1620231217.0351829529;-0.0537375106;5.2450835436;1.4840868733;0.7068101645;0.0062652767;0.0071900053;-0.7073389863;1384;1620231217.079744729;1384
1620231217.0598089695;-1.4724793872;-1.3856595693;1.3944783081;0.7954971083;-0.0107297497;0.0095198456;0.6057875830;1620231217.0520360470;-0.0537290318;5.2450771504;1.4840810496;0.7068109424;0.0062625139;0.0071820099;-0.7073383147;1384;1620231217.079744729;1384
1620231217.0766439438;-1.4721475732;-1.3857660311;1.3956868424;0.7960390382;-0.0113118013;0.0088928708;0.6050742183;1620231217.0598239899;-0.0537257498;5.2450788505;1.4840814734;0.7068074141;0.0062621034;0.0071825011;-0.7073418390;1384;1620231217.079744729;1384
1620231217.0854640007;-1.4721577070;-1.3858640129;1.3963638966;0.7959768418;-0.0112402601;0.0089492274;0.6051565378;1620231217.0766839981;-0.0537568875;5.2450809940;1.4840861620;0.7068073716;0.0062608274;0.0071846786;-0.7073418705;1384;1620231217.079744729;1384
1620231217.0933179855;-1.4721131350;-1.3859591194;1.3970574363;0.7958928906;-0.0110679311;0.0089405311;0.6052702491;1620231217.0854809284;-0.0537336990;5.2450709132;1.4840820178;0.7068101353;0.0062573050;0.0071793013;-0.7073391947;1385;1620231217.131687441;1385
1620231217.1259989738;-1.4718509651;-1.3863382629;1.3996636057;0.7959019327;-0.0109435662;0.0094059584;0.6052535666;1620231217.0933570862;-0.0537314868;5.2450732338;1.4840783085;0.7068082369;0.0062624558;0.0071829259;-0.7073410093;1386;1620231217.157658761;1386
1620231217.1348369122;-1.4718417423;-1.3864343768;1.4003364136;0.7958887560;-0.0110346055;0.0098755160;0.6052617613;1620231217.1260240078;-0.0537474090;5.2450721665;1.4840848637;0.7068060769;0.0062596957;0.0071828832;-0.7073431925;1386;1620231217.157658761;1386
1620231217.1432800293;-1.4717040817;-1.3865544410;1.4009763257;0.7959769838;-0.0111132701;0.0098539653;0.6051446404;1620231217.1348540783;-0.0537550517;5.2450641492;1.4840884908;0.7068071484;0.0062524445;0.0071722026;-0.7073422944;1386;1620231217.157658761;1386
1620231217.1522269249;-1.4715780912;-1.3866624129;1.4016355583;0.7960233478;-0.0112952009;0.0098289155;0.6050806893;1620231217.1432950497;-0.0537333635;5.2450656525;1.4840874077;0.7068061178;0.0062512799;0.0071756087;-0.7073432999;1386;1620231217.157658761;1386
1620231217.1603538990;-1.4715003146;-1.3867491265;1.4023254095;0.7959943829;-0.0113901320;0.0098270871;0.6051170430;1620231217.1522428989;-0.0537440641;5.2450740286;1.4840885875;0.7068072974;0.0062625560;0.0071821232;-0.7073419554;1387;1620231217.183630089;1387
1620231217.1766369343;-1.4713566813;-1.3869102818;1.4036727077;0.7959175535;-0.0112927836;0.0099776833;0.6052174542;1620231217.1603701115;-0.0537257165;5.2450722385;1.4840861258;0.7068036307;0.0062539366;0.0071785943;-0.7073457314;1387;1620231217.183630089;1387
1620231217.1850409508;-1.4713395289;-1.3869634184;1.4043840919;0.7958555537;-0.0112185900;0.0099686561;0.6053005095;1620231217.1766519547;-0.0537228164;5.2450761799;1.4840816664;0.7068080742;0.0062629931;0.0071830727;-0.7073411657;1387;1620231217.183630089;1387
1620231217.1936719418;-1.4712774574;-1.3870155019;1.4050679932;0.7958237978;-0.0111964115;0.0099291253;0.6053433205;1620231217.1850559711;-0.0537555806;5.2450740385;1.4840874395;0.7068089898;0.0062574264;0.0071802919;-0.7073403283;1387;1620231217.183630089;1387
1620231217.2024409771;-1.4711870836;-1.3871001532;1.4057440305;0.7957803501;-0.0111890290;0.0099944757;0.6053994966;1620231217.1937000751;-0.0537497540;5.2450824732;1.4840913583;0.7068054132;0.0062606831;0.0071856492;-0.7073438189;1388;1620231217.235572849;1388
1620231217.2103199959;-1.4710912679;-1.3872107024;1.4063835298;0.7959773292;-0.0111434084;0.0095056399;0.6051492036;1620231217.2024559975;-0.0537489621;5.2450682069;1.4840923819;0.7068062227;0.0062498909;0.0071729824;-0.7073432340;1388;1620231217.235572849;1388
1620231217.2193520069;-1.4709509232;-1.3873413321;1.4069887974;0.7960373577;-0.0115016927;0.0103062398;0.6050504258;1620231217.2103350163;-0.0537590883;5.2450785377;1.4840920745;0.7068082800;0.0062631233;0.0071876385;-0.7073409125;1388;1620231217.235572849;1388
1620231217.2370328903;-1.4707543144;-1.3874443787;1.4083865708;0.7958029715;-0.0124905662;0.0103380237;0.6053385347;1620231217.2193679810;-0.0537355610;5.2450678468;1.4840879039;0.7068040060;0.0062533126;0.0071754312;-0.7073453940;1389;1620231217.261544169;1389
1620231217.2441399097;-1.4705742854;-1.3875251298;1.4090442833;0.7959286588;-0.0126229859;0.0101945613;0.6051729516;1620231217.2370500565;-0.0537538838;5.2450637825;1.4840883541;0.7068041752;0.0062511701;0.0071761308;-0.7073452367;1389;1620231217.261544169;1389
1620231217.2531669140;-1.4704989939;-1.3875727478;1.4097371543;0.7958881579;-0.0124990515;0.0101709719;0.6052291840;1620231217.2441549301;-0.0537499050;5.2450662181;1.4840896411;0.7068044080;0.0062555850;0.0071757936;-0.7073449685;1389;1620231217.261544169;1389
1620231217.2624781132;-1.4703575465;-1.3876685046;1.4104095166;0.7960021433;-0.0125231586;0.0101741288;0.6050787101;1620231217.2532079220;-0.0537280357;5.2450645184;1.4840858581;0.7068017711;0.0062530200;0.0071740558;-0.7073476437;1389;1620231217.261544169;1389
1620231217.2699809074;-1.4703053850;-1.3877032950;1.4111082768;0.7959680456;-0.0124063660;0.0100084401;0.6051287331;1620231217.2625069618;-0.0537384882;5.2450706978;1.4840826458;0.7068042844;0.0062604265;0.0071826782;-0.7073449793;1390;1620231217.313486849;1390
1620231217.2854781151;-1.4700580177;-1.3878310961;1.4124627204;0.7959859186;-0.0124582566;0.0097634737;0.6051081588;1620231217.2700181007;-0.0537497235;5.2450699905;1.4840887417;0.7068033812;0.0062564945;0.0071771077;-0.7073459731;1390;1620231217.313486849;1390
1620231217.3018550873;-1.4697891241;-1.3879695114;1.4137371227;0.7960004629;-0.0127316550;0.0098164362;0.6050824784;1620231217.2854990959;-0.0537296494;5.2450673969;1.4840891543;0.7068051282;0.0062586660;0.0071774392;-0.7073442049;1390;1620231217.313486849;1390
1620231217.3100559711;-1.4696653537;-1.3880235700;1.4143748658;0.7959949162;-0.0130118785;0.0097925560;0.6050842010;1620231217.3018660545;-0.0537293335;5.2450600558;1.4840873918;0.7068048337;0.0062537024;0.0071742603;-0.7073445753;1391;1620231217.339458265;1391
1620231217.3268480301;-1.4693868261;-1.3881420591;1.4156219208;0.7960136332;-0.0138075948;0.0097448528;0.6050427125;1620231217.3100719452;-0.0537271502;5.2450651551;1.4840852712;0.7068024272;0.0062527643;0.0071774660;-0.7073469558;1391;1620231217.339458265;1391
1620231217.3357319832;-1.4692303603;-1.3881922531;1.4163064132;0.7960636371;-0.0141420969;0.0095890355;0.6049716830;1620231217.3268640041;-0.0537258148;5.2450631235;1.4840837076;0.7068046205;0.0062591636;0.0071772517;-0.7073447097;1391;1620231217.339458265;1391
1620231217.3433020115;-1.4690987063;-1.3882509066;1.4169431439;0.7961762765;-0.0145420826;0.0095883164;0.6048139622;1620231217.3357429504;-0.0537319151;5.2450599001;1.4840859775;0.7068030972;0.0062470554;0.0071710014;-0.7073464023;1391;1620231217.339458265;1391
1620231217.3525540829;-1.4690412572;-1.3882949882;1.4176111845;0.7961638456;-0.0146636106;0.0095038264;0.6048287251;1620231217.3433179855;-0.0537290179;5.2450625196;1.4840849173;0.7068045551;0.0062528440;0.0071745184;-0.7073448587;1392;1620231217.391400905;1392
1620231217.3602550030;-1.4689254996;-1.3883556334;1.4182834034;0.7962001124;-0.0147708208;0.0093207441;0.6047812229;1620231217.3525700569;-0.0537346930;5.2450586502;1.4840838317;0.7068088671;0.0062548744;0.0071736620;-0.7073405407;1392;1620231217.391400905;1392
1620231217.3773078918;-1.4685382805;-1.3885097119;1.4197089929;0.7964072887;-0.0148669149;0.0088362334;0.6045132971;1620231217.3602740765;-0.0537300831;5.2450572775;1.4840893105;0.7068035364;0.0062457282;0.0071676288;-0.7073460093;1392;1620231217.391400905;1392
1620231217.3853340149;-1.4683428375;-1.3885784326;1.4203821029;0.7964458291;-0.0149673190;0.0086459047;0.6044627937;1620231217.3773229122;-0.0537540776;5.2450477289;1.4840948782;0.7068029383;0.0062309436;0.0071584477;-0.7073468303;1392;1620231217.391400905;1392
1620231217.4021940231;-1.4681961860;-1.3886217381;1.4216819132;0.7964098032;-0.0150850028;0.0086773494;0.6045068831;1620231217.3853499889;-0.0537269669;5.2450613657;1.4840870127;0.7068048775;0.0062560501;0.0071752156;-0.7073445012;1393;1620231217.417372345;1393
1620231217.4104459286;-1.4680756471;-1.3886286824;1.4223148077;0.7963919844;-0.0153156224;0.0086092161;0.6045255332;1620231217.4022231102;-0.0537292227;5.2450635476;1.4840825115;0.7068042175;0.0062629239;0.0071832590;-0.7073450181;1393;1620231217.417372345;1393
1620231217.4271540642;-1.4679080113;-1.3886308629;1.4236420046;0.7963326504;-0.0156700023;0.0084356576;0.6045970564;1620231217.4104750156;-0.0537380468;5.2450682462;1.4840812635;0.7068042244;0.0062629508;0.0071854642;-0.7073449886;1394;1620231217.469315025;1394
1620231217.4354410172;-1.4676589654;-1.3887069037;1.4242805095;0.7965057236;-0.0160365892;0.0082378480;0.6043621413;1620231217.4271700382;-0.0537320988;5.2450752783;1.4840866017;0.7068044644;0.0062625700;0.0071844448;-0.7073447625;1394;1620231217.469315025;1394
1620231217.4438149929;-1.4675275702;-1.3887419833;1.4249119736;0.7965333050;-0.0161233804;0.0082050327;0.6043239265;1620231217.4354569912;-0.0537349296;5.2450771338;1.4840877821;0.7068071013;0.0062622280;0.0071816022;-0.7073421596;1394;1620231217.469315025;1394
1620231217.4521329403;-1.4674744232;-1.3887441532;1.4256717772;0.7965255365;-0.0160421307;0.0080920996;0.6043378506;1620231217.4438250065;-0.0537371086;5.2450765142;1.4840907687;0.7068053613;0.0062623661;0.0071837489;-0.7073438752;1394;1620231217.469315025;1394
1620231217.4600799084;-1.4674846434;-1.3887133506;1.4263943249;0.7964060460;-0.0158833084;0.0079281349;0.6045016750;1620231217.4521501064;-0.0537293884;5.2450642077;1.4840887154;0.7068058990;0.0062484848;0.0071699162;-0.7073436010;1395;1620231217.495286329;1395
1620231217.4766299725;-1.4672984723;-1.3887238819;1.4278321665;0.7964345804;-0.0156991420;0.0074430052;0.6044750597;1620231217.4600958824;-0.0537416375;5.2450717482;1.4840891807;0.7068046598;0.0062576005;0.0071817585;-0.7073446385;1395;1620231217.495286329;1395
1620231217.4855210781;-1.4671624394;-1.3887555800;1.4285133319;0.7965031855;-0.0157723923;0.0072992606;0.6043845033;1620231217.4766449928;-0.0537384832;5.2450730508;1.4840895665;0.7068060859;0.0062590276;0.0071801162;-0.7073432175;1395;1620231217.495286329;1395
1620231217.4934520721;-1.4670424744;-1.3887658085;1.4291924664;0.7965086375;-0.0158570173;0.0071387050;0.6043770216;1620231217.4855389595;-0.0537405424;5.2450673875;1.4840878617;0.7068067123;0.0062481925;0.0071728815;-0.7073427609;1395;1620231217.495286329;1395
1620231217.5021920204;-1.4669831027;-1.3887516555;1.4298741627;0.7964799819;-0.0158063587;0.0071501274;0.6044159769;1620231217.4934680462;-0.0537374001;5.2450714411;1.4840874837;0.7068086762;0.0062558584;0.0071762118;-0.7073406969;1396;1620231217.547229017;1396
1620231217.5100309849;-1.4668726345;-1.3887505848;1.4305604713;0.7964784444;-0.0159228268;0.0070358739;0.6044162868;1620231217.5022079945;-0.0537375782;5.2450781327;1.4840883322;0.7068078923;0.0062608275;0.0071831201;-0.7073413661;1396;1620231217.547229017;1396
1620231217.5269770622;-1.4667992820;-1.3886970193;1.4319284710;0.7964289064;-0.0159899673;0.0070567920;0.6044795444;1620231217.5100619793;-0.0537388174;5.2450769034;1.4840892107;0.7068096227;0.0062592482;0.0071808177;-0.7073396743;1396;1620231217.547229017;1396
1620231217.5352320671;-1.4667043910;-1.3887022777;1.4325962384;0.7965000154;-0.0160262043;0.0071774417;0.6043834632;1620231217.5269939899;-0.0537369454;5.2450830113;1.4840860148;0.7068103063;0.0062594999;0.0071805792;-0.7073389914;1396;1620231217.547229017;1396
1620231217.5524189472;-1.4665030843;-1.3886992883;1.4339924787;0.7965448599;-0.0159858535;0.0071329854;0.6043259544;1620231217.5352480412;-0.0537417853;5.2450844274;1.4840861704;0.7068123357;0.0062608919;0.0071841104;-0.7073369154;1397;1620231217.573200441;1397
1620231217.5604031086;-1.4664624558;-1.3886944211;1.4347018724;0.7965397467;-0.0157852576;0.0071837424;0.6043373656;1620231217.5524349213;-0.0537433418;5.2450998457;1.4840837466;0.7068139178;0.0062729291;0.0071951371;-0.7073351158;1397;1620231217.573200441;1397
1620231217.5687639713;-1.4664890628;-1.3886784289;1.4354207887;0.7964412822;-0.0158654981;0.0071788741;0.6044650807;1620231217.5604190826;-0.0537421886;5.2450762882;1.4840848590;0.7068155569;0.0062545486;0.0071767290;-0.7073338277;1398;1620231217.599171809;1398
1620231217.5853800774;-1.4664558756;-1.3886750452;1.4368157038;0.7964125663;-0.0157560877;0.0072418889;0.6045050248;1620231217.5687808990;-0.0537385618;5.2450859349;1.4840894160;0.7068106930;0.0062565401;0.0071824234;-0.7073386126;1398;1620231217.599171809;1398
1620231217.5932109356;-1.4663881813;-1.3887063592;1.4374677693;0.7964429242;-0.0157343699;0.0074966741;0.6044624868;1620231217.5853970051;-0.0537446279;5.2450718916;1.4840869553;0.7068124190;0.0062470771;0.0071716065;-0.7073370812;1398;1620231217.599171809;1398
1620231217.6022129059;-1.4664157798;-1.3886673307;1.4381405243;0.7963433326;-0.0156771846;0.0076490723;0.6045932634;1620231217.5932259560;-0.0537418907;5.2450687046;1.4840812758;0.7068106635;0.0062499023;0.0071721243;-0.7073388052;1398;1620231217.599171809;1398
1620231217.6100230217;-1.4664188415;-1.3886820898;1.4387704098;0.7962788572;-0.0156210026;0.0080814013;0.6046740087;1620231217.6022291183;-0.0537473317;5.2450792897;1.4840806355;0.7068111778;0.0062591997;0.0071831020;-0.7073380976;1399;1620231217.651114441;1399
1620231217.6267020702;-1.4663768516;-1.3886199651;1.4401925722;0.7962235213;-0.0156600020;0.0084362069;0.6047410180;1620231217.6100389957;-0.0537509769;5.2450691940;1.4840851756;0.7068130119;0.0062518683;0.0071744479;-0.7073364176;1399;1620231217.651114441;1399
1620231217.6353020668;-1.4663832857;-1.3885754213;1.4409257530;0.7961616472;-0.0155234768;0.0086055345;0.6048236090;1620231217.6267189980;-0.0537410946;5.2450635999;1.4840861654;0.7068115191;0.0062466563;0.0071682009;-0.7073380186;1399;1620231217.651114441;1399
1620231217.6434600353;-1.4660580076;-1.3884837607;1.4420371343;0.7965195867;-0.0150214305;0.0076471135;0.6043777183;1620231217.6353170872;-0.0537488450;5.2450719936;1.4840824957;0.7068101650;0.0062577946;0.0071830088;-0.7073391231;1399;1620231217.651114441;1399
1620231217.6520509720;-1.4659631790;-1.3884861589;1.4427928559;0.7965787777;-0.0150190395;0.0075327017;0.6043011979;1620231217.6434760094;-0.0537460474;5.2450838461;1.4840853570;0.7068035676;0.0062637512;0.0071897648;-0.7073455941;1400;1620231217.677085761;1400
1620231217.6599519253;-1.4659609534;-1.3884448015;1.4435755951;0.7965305463;-0.0147466870;0.0074860378;0.6043720570;1620231217.6520659924;-0.0537374308;5.2450921758;1.4840909608;0.7068094192;0.0062614425;0.0071833911;-0.7073398322;1400;1620231217.677085761;1400
1620231217.6766281128;-1.4658622505;-1.3883826216;1.4451611963;0.7965937948;-0.0144246313;0.0073080173;0.6042986422;1620231217.6599659920;-0.0537409978;5.2450876361;1.4840999804;0.7068143892;0.0062532323;0.0071755051;-0.7073350185;1400;1620231217.677085761;1400
1620231217.6857850552;-1.4658024245;-1.3883707876;1.4458915232;0.7966316091;-0.0143024151;0.0074023195;0.6042505490;1620231217.6766440868;-0.0537430182;5.2450793695;1.4840974721;0.7068091408;0.0062531846;0.0071744126;-0.7073402745;1400;1620231217.677085761;1400
1620231217.6934309006;-1.4658277639;-1.3883103134;1.4466082332;0.7965974252;-0.0142620923;0.0075949121;0.6042941769;1620231217.6857960224;-0.0537442490;5.2450807745;1.4840965624;0.7068075344;0.0062535709;0.0071786142;-0.7073418336;1401;1620231217.729028521;1401
1620231217.7019379139;-1.4658302833;-1.3882474499;1.4473181240;0.7964910513;-0.0142178533;0.0077403729;0.6044335733;1620231217.6934471130;-0.0537392780;5.2450813013;1.4840945102;0.7068120625;0.0062565961;0.0071769917;-0.7073372987;1401;1620231217.729028521;1401
1620231217.7101209164;-1.4658319258;-1.3881577329;1.4480640827;0.7964019279;-0.0142451548;0.0078633018;0.6045487683;1620231217.7019560337;-0.0537414158;5.2450810170;1.4841012953;0.7068114704;0.0062482383;0.0071700668;-0.7073380344;1401;1620231217.729028521;1401
1620231217.7267560959;-1.4657875961;-1.3880603173;1.4496247245;0.7964714404;-0.0140342091;0.0080405854;0.6044597875;1620231217.7101368904;-0.0537637576;5.2450853399;1.4840975159;0.7068099274;0.0062553798;0.0071802952;-0.7073394094;1402;1620231217.754999881;1402
1620231217.7354519367;-1.4657131203;-1.3880799004;1.4503847819;0.7966283093;-0.0140594580;0.0080528775;0.6042522815;1620231217.7267730236;-0.0537437612;5.2450809731;1.4840853395;0.7068086537;0.0062579748;0.0071796575;-0.7073406657;1402;1620231217.754999881;1402
1620231217.7435379028;-1.4657071935;-1.3880351047;1.4511510247;0.7966703155;-0.0139219679;0.0080907343;0.6041995756;1620231217.7354919910;-0.0537437256;5.2450817596;1.4840855528;0.7068103289;0.0062643202;0.0071841115;-0.7073388903;1402;1620231217.754999881;1402
1620231217.7522270679;-1.4657044581;-1.3879830460;1.4519531986;0.7966903064;-0.0136887477;0.0080797095;0.6041786922;1620231217.7435541153;-0.0537298347;5.2450817322;1.4840857423;0.7068090085;0.0062623363;0.0071788851;-0.7073402803;1402;1620231217.754999881;1402
1620231217.7600929737;-1.4656706295;-1.3879437975;1.4527383503;0.7967112350;-0.0134141441;0.0081318324;0.6041565542;1620231217.7522430420;-0.0537520622;5.2450797962;1.4840879565;0.7068078149;0.0062527820;0.0071771799;-0.7073415749;1403;1620231217.806942625;1403
1620231217.7681429386;-1.4656243088;-1.3879031156;1.4535351909;0.7966924914;-0.0131324185;0.0081914013;0.6041866554;1620231217.7601089478;-0.0537351251;5.2450780392;1.4840829761;0.7068097827;0.0062622712;0.0071803113;-0.7073394929;1403;1620231217.806942625;1403
1620231217.7848310471;-1.4656462605;-1.3877620668;1.4551564419;0.7965331330;-0.0127693563;0.0082313970;0.6044039673;1620231217.7681610584;-0.0537321662;5.2450663244;1.4840822504;0.7068080620;0.0062526543;0.0071718318;-0.7073413834;1403;1620231217.806942625;1403
1620231217.7935190201;-1.4656102475;-1.3877215067;1.4558782640;0.7965247701;-0.0128625694;0.0083005855;0.6044120658;1620231217.7848470211;-0.0537423178;5.2450736704;1.4840843422;0.7068104001;0.0062622762;0.0071875535;-0.7073388023;1403;1620231217.806942625;1403
1620231217.8017520905;-1.4656519168;-1.3876261256;1.4565984426;0.7964910754;-0.0129297055;0.0084502378;0.6044529618;1620231217.7935349941;-0.0537550650;5.2450638033;1.4840918896;0.7068065927;0.0062527834;0.0071735925;-0.7073428326;1404;1620231217.832913961;1404
1620231217.8100159168;-1.4656361903;-1.3875861740;1.4572550241;0.7964397036;-0.0133778351;0.0085517628;0.6045094700;1620231217.8017690182;-0.0537348748;5.2450659279;1.4840901312;0.7068049711;0.0062531109;0.0071757246;-0.7073444284;1404;1620231217.832913961;1404
1620231217.8181240559;-1.4658297506;-1.3876230287;1.4580897737;0.7960609199;-0.0127390219;0.0093183153;0.6050106595;1620231217.8100299835;-0.0537385960;5.2450588740;1.4840918521;0.7068037996;0.0062463587;0.0071671970;-0.7073457451;1404;1620231217.832913961;1404
1620231217.8349180222;-1.4657917188;-1.3875148737;1.4596253212;0.7960809148;-0.0126183784;0.0092470400;0.6049879717;1620231217.8181400299;-0.0537597443;5.2450692762;1.4840911152;0.7068070793;0.0062570924;0.0071790385;-0.7073422530;1404;1620231217.832913961;1404
1620231217.8517940044;-1.4657494135;-1.3874392206;1.4611879413;0.7960832186;-0.0123044550;0.0092761666;0.6049909604;1620231217.8349339962;-0.0537341626;5.2450859700;1.4840904167;0.7067982813;0.0062623354;0.0071837885;-0.7073509496;1405;1620231217.858885241;1405
1620231217.8601999283;-1.4657094537;-1.3873989495;1.4619435507;0.7960717396;-0.0121353822;0.0092817382;0.6050093944;1620231217.8518109322;-0.0537321473;5.2450964839;1.4840910698;0.7068088183;0.0062650145;0.0071859660;-0.7073403748;1405;1620231217.858885241;1405
1620231217.8764679432;-1.4656825163;-1.3872979805;1.4634491598;0.7960372247;-0.0121428027;0.0092903822;0.6050545249;1620231217.8602149487;-0.0537283156;5.2450958491;1.4840889030;0.7068107163;0.0062694635;0.0071870588;-0.7073384277;1406;1620231217.910827961;1406
1620231217.8852179050;-1.4657448263;-1.3872190564;1.4642125893;0.7959009734;-0.0121744153;0.0092793208;0.6052332760;1620231217.8764820099;-0.0537292012;5.2450822401;1.4840850130;0.7068093788;0.0062630476;0.0071841485;-0.7073398506;1406;1620231217.910827961;1406
1620231217.8929300308;-1.4657149088;-1.3871619372;1.4649799175;0.7959176753;-0.0121921371;0.0093505294;0.6052098591;1620231217.8852300644;-0.0537180413;5.2450775057;1.4840879637;0.7068062704;0.0062583074;0.0071751619;-0.7073430899;1406;1620231217.910827961;1406
1620231217.9017310143;-1.4656734451;-1.3871251254;1.4657074364;0.7959628799;-0.0123713311;0.0093711713;0.6051464493;1620231217.8929460049;-0.0537312505;5.2450702794;1.4840895849;0.7068085507;0.0062559198;0.0071747571;-0.7073408365;1406;1620231217.910827961;1406
1620231217.9100160599;-1.4656659959;-1.3870597835;1.4664830391;0.7959765663;-0.0125065468;0.0091848937;0.6051285235;1620231217.9017560482;-0.0537271924;5.2450717351;1.4840930515;0.7068074659;0.0062551910;0.0071751459;-0.7073419230;1407;1620231217.936799321;1407
1620231217.9185230732;-1.4656720062;-1.3869914252;1.4672464104;0.7959818723;-0.0124692678;0.0092503959;0.6051213155;1620231217.9100370407;-0.0537299912;5.2450658691;1.4840904738;0.7068066918;0.0062523767;0.0071711099;-0.7073427623;1407;1620231217.936799321;1407
1620231217.9356009960;-1.4657049323;-1.3869042743;1.4688135216;0.7958904753;-0.0123396326;0.0091917860;0.6052450709;1620231217.9185400009;-0.0537259497;5.2450635302;1.4840890111;0.7068062330;0.0062529783;0.0071703295;-0.7073432234;1407;1620231217.936799321;1407
1620231217.9431390762;-1.4656406011;-1.3868629701;1.4696649730;0.7960524260;-0.0121442128;0.0091083415;0.6050372644;1620231217.9356179237;-0.0537508527;5.2450634360;1.4840952328;0.7068037936;0.0062476291;0.0071724464;-0.7073456867;1407;1620231217.936799321;1407
1620231217.9520289898;-1.4656082587;-1.3868243726;1.4704461000;0.7959891112;-0.0122758041;0.0088339549;0.6051219717;1620231217.9431550503;-0.0537251327;5.2450638154;1.4840856744;0.7068035060;0.0062528694;0.0071720307;-0.7073459320;1408;1620231217.988742073;1408
1620231217.9600980282;-1.4656121204;-1.3867371073;1.4712241187;0.7959639487;-0.0124298807;0.0086336525;0.6051548153;1620231217.9520459175;-0.0537309315;5.2450740677;1.4840870124;0.7068041545;0.0062593242;0.0071810039;-0.7073451359;1408;1620231217.988742073;1408
1620231217.9765961170;-1.4654662062;-1.3863742105;1.4730698160;0.7962338286;-0.0117516115;0.0080455686;0.6048213444;1620231217.9601140022;-0.0537244300;5.2450644271;1.4840826505;0.7068046354;0.0062541438;0.0071723149;-0.7073447893;1408;1620231217.988742073;1408
1620231217.9853150845;-1.4654756829;-1.3863413405;1.4738252364;0.7962259822;-0.0119729521;0.0080437652;0.6048273568;1620231217.9766120911;-0.0537278046;5.2450719911;1.4840876872;0.7068051736;0.0062605378;0.0071766175;-0.7073441513;1408;1620231217.988742073;1408
1620231217.9928410053;-1.4655073274;-1.3862666983;1.4745883602;0.7962121524;-0.0119727310;0.0081795868;0.6048437455;1620231217.9853329659;-0.0537548054;5.2450781180;1.4840909697;0.7068045492;0.0062599165;0.0071844011;-0.7073447018;1409;1620231218.014713457;1409
1620231218.0018129349;-1.4654594052;-1.3861859475;1.4754113424;0.7963613942;-0.0117529734;0.0082649077;0.6046503855;1620231217.9928569794;-0.0537305405;5.2450692829;1.4840897323;0.7068053594;0.0062496708;0.0071718064;-0.7073441106;1409;1620231218.014713457;1409
1620231218.0103209019;-1.4654026943;-1.3861432832;1.4761781938;0.7964111963;-0.0119081164;0.0081669667;0.6045830826;1620231218.0018289089;-0.0537265175;5.2450723323;1.4840870639;0.7068046877;0.0062499567;0.0071719381;-0.7073447779;1409;1620231218.014713457;1409
1620231218.0191290379;-1.4653849636;-1.3861040311;1.4769964521;0.7963962148;-0.0117855421;0.0081720442;0.6046051503;1620231218.0103569031;-0.0537347556;5.2450853137;1.4840841784;0.7068051098;0.0062661726;0.0071869875;-0.7073440599;1410;1620231218.066656185;1410
1620231218.0353929996;-1.4653488590;-1.3860057468;1.4786252849;0.7964263350;-0.0116884933;0.0080048264;0.6045695947;1620231218.0191450119;-0.0537252576;5.2450740503;1.4840848008;0.7068044165;0.0062550201;0.0071755962;-0.7073449671;1410;1620231218.066656185;1410
1620231218.0435121059;-1.4653696135;-1.3859287730;1.4794339689;0.7963865515;-0.0117538446;0.0078967329;0.6046221541;1620231218.0354230404;-0.0537337202;5.2450744196;1.4840941835;0.7068019492;0.0062484573;0.0071709980;-0.7073475371;1410;1620231218.066656185;1410
1620231218.0523591042;-1.4653786325;-1.3858547854;1.4802148521;0.7963542898;-0.0117824478;0.0079163013;0.6046638333;1620231218.0435390472;-0.0537569377;5.2450628278;1.4841016841;0.7068031709;0.0062406853;0.0071625168;-0.7073464709;1410;1620231218.066656185;1410
1620231218.0599579811;-1.4653507132;-1.3858031683;1.4809846665;0.7963295455;-0.0120074288;0.0078538151;0.6046928097;1620231218.0523760319;-0.0537351672;5.2450533949;1.4840983967;0.7068056838;0.0062378837;0.0071571589;-0.7073440388;1411;1620231218.092627505;1411
1620231218.0767769814;-1.4651506135;-1.3856526714;1.4825393556;0.7966961092;-0.0120842580;0.0079192041;0.6042073870;1620231218.0599739552;-0.0537313430;5.2450615993;1.4840953131;0.7068074135;0.0062466728;0.0071658039;-0.7073421453;1411;1620231218.092627505;1411
1620231218.0935831070;-1.4652896999;-1.3855580673;1.4840584584;0.7963865121;-0.0122409771;0.0081246052;0.6046095208;1620231218.0767929554;-0.0537585800;5.2450597458;1.4840988324;0.7068084533;0.0062455762;0.0071668448;-0.7073411055;1411;1620231218.092627505;1411
1620231218.1017630100;-1.4652800436;-1.3854892226;1.4848787948;0.7964072458;-0.0121220100;0.0081775263;0.6045838931;1620231218.0935990810;-0.0537372030;5.2450738237;1.4840920245;0.7068065404;0.0062581161;0.0071807320;-0.7073427652;1412;1620231218.144570153;1412
1620231218.1100230217;-1.4652470689;-1.3854357892;1.4856668703;0.7963908329;-0.0121948100;0.0081023002;0.6046050616;1620231218.1017899513;-0.0537357900;5.2450684251;1.4840892262;0.7068093838;0.0062544838;0.0071745617;-0.7073400187;1412;1620231218.144570153;1412
1620231218.1265869141;-1.4652188425;-1.3853180292;1.4873054398;0.7964440681;-0.0121603474;0.0078706851;0.6045386875;1620231218.1100339890;-0.0537345253;5.2450794775;1.4840898191;0.7068086635;0.0062635100;0.0071861956;-0.7073405405;1412;1620231218.144570153;1412
1620231218.1434290409;-1.4651667908;-1.3852271932;1.4889306475;0.7964652283;-0.0121871307;0.0075759721;0.6045140350;1620231218.1266019344;-0.0537287202;5.2450764037;1.4840942363;0.7068074053;0.0062603193;0.0071837638;-0.7073418507;1413;1620231218.170541553;1413
1620231218.1516709328;-1.4651806937;-1.3851508821;1.4897371489;0.7964651920;-0.0121195017;0.0075473325;0.6045158007;1620231218.1434528828;-0.0537600842;5.2450752662;1.4840949841;0.7068070138;0.0062523844;0.0071809656;-0.7073423405;1413;1620231218.170541553;1413
1620231218.1601369381;-1.4651781121;-1.3850927405;1.4905351408;0.7964798906;-0.0120218741;0.0076066357;0.6044976406;1620231218.1516859531;-0.0537215218;5.2450858659;1.4840850392;0.7068072482;0.0062661778;0.0071881936;-0.7073419108;1413;1620231218.170541553;1413
1620231218.1765909195;-1.4651445732;-1.3849880606;1.4921054200;0.7964455613;-0.0120209722;0.0077641141;0.6045408858;1620231218.1601510048;-0.0537505247;5.2450910174;1.4840880336;0.7068097900;0.0062709461;0.0071942789;-0.7073392668;1414;1620231218.196512921;1414
1620231218.1855750084;-1.4651692427;-1.3849129727;1.4929349185;0.7964059426;-0.0117821995;0.0079404243;0.6045954879;1620231218.1766059399;-0.0537500556;5.2450818560;1.4840880157;0.7068076622;0.0062552517;0.0071805302;-0.7073416716;1414;1620231218.196512921;1414
1620231218.1933128834;-1.4651719099;-1.3848515532;1.4937584316;0.7963409270;-0.0116177531;0.0080135682;0.6046833374;1620231218.1855909824;-0.0537555675;5.2450911621;1.4840868664;0.7068078199;0.0062632403;0.0071902510;-0.7073413446;1414;1620231218.196512921;1414
1620231218.2021110058;-1.4651972994;-1.3847821628;1.4945498623;0.7962960893;-0.0114231749;0.0082216022;0.6047432963;1620231218.1933269501;-0.0537361609;5.2450894329;1.4840841215;0.7068088851;0.0062623271;0.0071865815;-0.7073403256;1414;1620231218.196512921;1414
1620231218.2100589275;-1.4652135917;-1.3847052771;1.4953984512;0.7962178982;-0.0114930040;0.0081244027;0.6048462313;1620231218.2021450996;-0.0537531266;5.2450914438;1.4840865046;0.7068093191;0.0062639150;0.0071892473;-0.7073398508;1415;1620231218.248455665;1415
1620231218.2267498970;-1.4651594890;-1.3846271581;1.4970427668;0.7963243524;-0.0113981581;0.0080037357;0.6047094740;1620231218.2100749016;-0.0537298888;5.2450935763;1.4840850830;0.7068072864;0.0062660614;0.0071896255;-0.7073418591;1415;1620231218.248455665;1415
1620231218.2350440025;-1.4651835684;-1.3845644565;1.4978632590;0.7962752870;-0.0113482823;0.0080000112;0.6047750686;1620231218.2267649174;-0.0537455694;5.2451022440;1.4840849141;0.7068084573;0.0062710807;0.0071950352;-0.7073405896;1415;1620231218.248455665;1415
1620231218.2433400154;-1.4652401226;-1.3845001959;1.4986526814;0.7961708724;-0.0112970756;0.0080463208;0.6049128654;1620231218.2350609303;-0.0537302020;5.2450977985;1.4840799889;0.7068108194;0.0062737850;0.0071917680;-0.7073382385;1415;1620231218.248455665;1415
1620231218.2515420914;-1.4652769568;-1.3844359873;1.4994885738;0.7961109400;-0.0112242307;0.0080497227;0.6049930494;1620231218.2433550358;-0.0537299987;5.2450983243;1.4840823223;0.7068096777;0.0062686217;0.0071887093;-0.7073394562;1416;1620231218.274426977;1416
1620231218.2600929737;-1.4652465517;-1.3843847742;1.5002862893;0.7961470677;-0.0111669049;0.0081512597;0.6049452073;1620231218.2515590191;-0.0537244151;5.2451042279;1.4840824736;0.7068103381;0.0062742902;0.0071935322;-0.7073386970;1416;1620231218.274426977;1416
1620231218.2768681049;-1.4651381720;-1.3842265234;1.5019824914;0.7964247332;-0.0109221910;0.0083358205;0.6045815612;1620231218.2601079941;-0.0537282924;5.2450942173;1.4840819117;0.7068116587;0.0062698252;0.0071900349;-0.7073374525;1416;1620231218.274426977;1416
1620231218.2932600975;-1.4651689655;-1.3841247754;1.5034993950;0.7961799316;-0.0113859915;0.0080808057;0.6048988149;1620231218.2768969536;-0.0537319959;5.2450944199;1.4840794229;0.7068108743;0.0062698145;0.0071900166;-0.7073382366;1417;1620231218.326369665;1417
1620231218.3007841110;-1.4651310304;-1.3840997167;1.5042883640;0.7961531865;-0.0116651962;0.0078484912;0.6049317548;1620231218.2933158875;-0.0537625554;5.2450963756;1.4840856082;0.7068106384;0.0062724452;0.0071980738;-0.7073383671;1417;1620231218.326369665;1417
1620231218.3093008995;-1.4651643829;-1.3840467985;1.5051068198;0.7961229777;-0.0115995221;0.0078400617;0.6049728827;1620231218.3008100986;-0.0537324886;5.2450821154;1.4840842791;0.7068090908;0.0062589122;0.0071813850;-0.7073402031;1417;1620231218.326369665;1417
1620231218.3265659809;-1.4652942859;-1.3839794364;1.5069082491;0.7960134398;-0.0108449796;0.0082937759;0.6051249486;1620231218.3093121052;-0.0537298717;5.2450831629;1.4840821572;0.7068084570;0.0062625285;0.0071839910;-0.7073407779;1418;1620231218.352341041;1418
1620231218.3341109753;-1.4652807772;-1.3839316514;1.5077442771;0.7960596264;-0.0107613253;0.0083579269;0.6050647984;1620231218.3265779018;-0.0537329837;5.2450777988;1.4840835990;0.7068086716;0.0062639650;0.0071849815;-0.7073405407;1418;1620231218.352341041;1418
1620231218.3424479961;-1.4653386376;-1.3838726657;1.5085703668;0.7959911901;-0.0106831498;0.0084736422;0.6051546025;1620231218.3341369629;-0.0537413734;5.2450707659;1.4840883430;0.7068081880;0.0062481948;0.0071751944;-0.7073412628;1418;1620231218.352341041;1418
1620231218.3508460522;-1.4653874290;-1.3838133254;1.5094141292;0.7959368466;-0.0106431566;0.0085688479;0.6052254409;1620231218.3424611092;-0.0537331659;5.2450833038;1.4840879439;0.7068104092;0.0062668319;0.0071881662;-0.7073387467;1419;1620231218.378312337;1419
1620231218.3610720634;-1.4653776158;-1.3837710098;1.5102137636;0.7959015851;-0.0107756664;0.0086232914;0.6052686929;1620231218.3508579731;-0.0537492974;5.2450788289;1.4840902954;0.7068099704;0.0062633507;0.0071870820;-0.7073392270;1419;1620231218.378312337;1419
1620231218.3769381046;-1.4653789865;-1.3836907939;1.5118946343;0.7959329481;-0.0106690040;0.0088960858;0.6052253912;1620231218.3610949516;-0.0537338355;5.2450705852;1.4840871437;0.7068115702;0.0062590418;0.0071802843;-0.7073377356;1419;1620231218.378312337;1419
1620231218.3864889145;-1.4653820680;-1.3836423354;1.5127443812;0.7959557527;-0.0105153034;0.0090711349;0.6051954913;1620231218.3769919872;-0.0537568310;5.2450771486;1.4840939280;0.7068101358;0.0062593288;0.0071846980;-0.7073391216;1419;1620231218.378312337;1419
1620231218.3933560848;-1.4654579850;-1.3835777845;1.5135746828;0.7958998589;-0.0104450825;0.0092563064;0.6052674083;1620231218.3865110874;-0.0537320261;5.2450783887;1.4840906946;0.7068099356;0.0062636230;0.0071817918;-0.7073393131;1420;1620231218.430255057;1420
1620231218.4018468857;-1.4654418880;-1.3835405112;1.5144025123;0.7959018938;-0.0105650008;0.0093007949;0.6052619692;1620231218.3933789730;-0.0537504726;5.2450785925;1.4840976223;0.7068076949;0.0062574362;0.0071797534;-0.7073416276;1420;1620231218.430255057;1420
1620231218.4096760750;-1.4653416117;-1.3835218636;1.5152486527;0.7960342360;-0.0105845071;0.0093311909;0.6050870947;1620231218.4018719196;-0.0537468205;5.2450767547;1.4840949152;0.7068109243;0.0062581287;0.0071800602;-0.7073383914;1420;1620231218.430255057;1420
1620231218.4269440174;-1.4653703457;-1.3834206856;1.5169487870;0.7959974892;-0.0105269536;0.0094610863;0.6051344216;1620231218.4096870422;-0.0537296854;5.2450796091;1.4840922489;0.7068104087;0.0062613162;0.0071818178;-0.7073388605;1420;1620231218.430255057;1420
1620231218.4349660873;-1.4654175303;-1.3833694119;1.5177835615;0.7959028934;-0.0104551448;0.0095990376;0.6052579059;1620231218.4269990921;-0.0537307754;5.2450736789;1.4840956715;0.7068072902;0.0062490521;0.0071740470;-0.7073421640;1421;1620231218.456226441;1421
1620231218.4433898926;-1.4654627672;-1.3833191934;1.5186169596;0.7958290644;-0.0103808639;0.0097599562;0.6053536827;1620231218.4349861145;-0.0537250440;5.2450827393;1.4840934183;0.7068093044;0.0062608168;0.0071812009;-0.7073399747;1421;1620231218.456226441;1421
1620231218.4507620335;-1.4654444221;-1.3832803496;1.5194458091;0.7957610584;-0.0103097535;0.0098468729;0.6054428841;1620231218.4434149265;-0.0537485097;5.2450775063;1.4840982054;0.7068089900;0.0062558971;0.0071792745;-0.7073403519;1421;1620231218.456226441;1421
1620231218.4594130516;-1.4653755953;-1.3832637009;1.5202819008;0.7957909544;-0.0103086201;0.0099178019;0.6054024500;1620231218.4507730007;-0.0537247142;5.2450825539;1.4840923188;0.7068098045;0.0062609273;0.0071798159;-0.7073394880;1422;1620231218.508169105;1422
1620231218.4762449265;-1.4653755228;-1.3831666778;1.5219487551;0.7957088284;-0.0099728465;0.0101971622;0.6055113712;1620231218.4594240189;-0.0537322468;5.2450787968;1.4840937669;0.7068101646;0.0062601370;0.0071798515;-0.7073391348;1422;1620231218.508169105;1422
1620231218.4840168953;-1.4653853826;-1.3831198381;1.5227941524;0.7956337207;-0.0099016666;0.0102870305;0.6056097065;1620231218.4763000011;-0.0537211687;5.2450782587;1.4840920452;0.7068075342;0.0062589134;0.0071808022;-0.7073417644;1422;1620231218.508169105;1422
1620231218.4926540852;-1.4653537794;-1.3830785627;1.5236186980;0.7956087006;-0.0098545252;0.0103276841;0.6056426527;1620231218.4840419292;-0.0537268133;5.2450761984;1.4840933159;0.7068091238;0.0062594261;0.0071790373;-0.7073401894;1422;1620231218.508169105;1422
1620231218.5009410381;-1.4653202303;-1.3830486309;1.5244330508;0.7956389588;-0.0098246213;0.0105006409;0.6056004133;1620231218.4926650524;-0.0537559167;5.2450823629;1.4840981085;0.7068059662;0.0062544953;0.0071833533;-0.7073433444;1423;1620231218.534140513;1423
1620231218.5095899105;-1.4653412234;-1.3829925164;1.5252548051;0.7955556778;-0.0098526751;0.0105848804;0.6057078905;1620231218.5009589195;-0.0537477829;5.2450826907;1.4840950851;0.7068071374;0.0062591580;0.0071837679;-0.7073421287;1423;1620231218.534140513;1423
1620231218.5262119770;-1.4652909632;-1.3829149807;1.5269229237;0.7955288755;-0.0098728201;0.0106707733;0.6057412568;1620231218.5096020699;-0.0537329254;5.2450774099;1.4840894770;0.7068065173;0.0062586505;0.0071840721;-0.7073427496;1423;1620231218.534140513;1423
1620231218.5343759060;-1.4652625510;-1.3828731596;1.5278142848;0.7954638731;-0.0099468734;0.0104211341;0.6058297503;1620231218.5262379646;-0.0537225113;5.2450809177;1.4840899698;0.7068040846;0.0062617843;0.0071814167;-0.7073451798;1423;1620231218.534140513;1423
1620231218.5429830551;-1.4652698362;-1.3828282904;1.5286631531;0.7954256811;-0.0097138491;0.0105460947;0.6058815123;1620231218.5343980789;-0.0537250765;5.2450805455;1.4840861149;0.7068058175;0.0062618490;0.0071833528;-0.7073434280;1424;1620231218.560111865;1424
1620231218.5514140129;-1.4651780970;-1.3828155120;1.5295269853;0.7954679847;-0.0096733135;0.0104721512;0.6058279016;1620231218.5429930687;-0.0537482010;5.2450862773;1.4840945439;0.7068043099;0.0062634630;0.0071871252;-0.7073448818;1424;1620231218.560111865;1424
1620231218.5595040321;-1.4651268123;-1.3827897576;1.5303615547;0.7954286264;-0.0096239805;0.0105603913;0.6058788306;1620231218.5514259338;-0.0537446123;5.2450784052;1.4840959296;0.7068050890;0.0062549225;0.0071772786;-0.7073442788;1424;1620231218.560111865;1424
1620231218.5766758919;-1.4650443055;-1.3827208869;1.5320144167;0.7954168117;-0.0093627715;0.0110456512;0.6058897819;1620231218.5595140457;-0.0537239418;5.2450758073;1.4840928043;0.7068026273;0.0062548214;0.0071796176;-0.7073467158;1425;1620231218.612054577;1425
1620231218.5841550827;-1.4649906396;-1.3826664920;1.5328304904;0.7953687899;-0.0093741933;0.0111760348;0.6059502528;1620231218.5766859055;-0.0537239067;5.2450744164;1.4840891727;0.7068036801;0.0062557217;0.0071765007;-0.7073456875;1425;1620231218.612054577;1425
1620231218.5930929184;-1.4648740881;-1.3826341431;1.5336062167;0.7954609207;-0.0096222033;0.0112616620;0.6058238291;1620231218.5841810703;-0.0537199455;5.2450783259;1.4840860700;0.7068040369;0.0062640992;0.0071832837;-0.7073451879;1425;1620231218.612054577;1425
1620231218.6018040180;-1.4648017126;-1.3825944911;1.5344261114;0.7954469414;-0.0099763987;0.0111195249;0.6058390801;1620231218.5931050777;-0.0537195520;5.2450847373;1.4840856326;0.7068034076;0.0062692565;0.0071890909;-0.7073457121;1425;1620231218.612054577;1425
1620231218.6102769375;-1.4647120984;-1.3825546134;1.5352438386;0.7954516735;-0.0101023861;0.0112368801;0.6058286139;1620231218.6018309593;-0.0537184804;5.2450677713;1.4840855604;0.7068023196;0.0062543631;0.0071727138;-0.7073470973;1426;1620231218.638025889;1426
1620231218.6265249252;-1.4646537840;-1.3824498625;1.5369438381;0.7953770282;-0.0102618157;0.0110405402;0.6059275407;1620231218.6103379726;-0.0537180006;5.2450719815;1.4840829804;0.7068050957;0.0062611336;0.0071794592;-0.7073441950;1426;1620231218.638025889;1426
1620231218.6436319351;-1.4642637331;-1.3824277392;1.5384588086;0.7958372903;-0.0111193145;0.0106249761;0.6053151890;1620231218.6265499592;-0.0537202215;5.2450745653;1.4840923225;0.7068018160;0.0062554651;0.0071792638;-0.7073475244;1427;1620231218.689968569;1427
1620231218.6522688866;-1.4643797231;-1.3823617535;1.5394834262;0.7957640658;-0.0099952198;0.0112265390;0.6054201945;1620231218.6436569691;-0.0537153094;5.2450732190;1.4840863719;0.7068046268;0.0062622594;0.0071822442;-0.7073446254;1427;1620231218.689968569;1427
1620231218.6608839035;-1.4642136283;-1.3823671334;1.5402888613;0.7956608402;-0.0100386630;0.0111828225;0.6055559406;1620231218.6522929668;-0.0537476457;5.2450819797;1.4840936599;0.7068021311;0.0062606601;0.0071861945;-0.7073470932;1427;1620231218.689968569;1427
1620231218.6771800518;-1.4639997776;-1.3822746629;1.5418550883;0.7957062850;-0.0103960412;0.0110641121;0.6054923746;1620231218.6609098911;-0.0537366720;5.2450798757;1.4840876111;0.7068050851;0.0062684597;0.0071863884;-0.7073440704;1427;1620231218.689968569;1427
1620231218.6849520206;-1.4639147754;-1.3822221797;1.5426300898;0.7956710774;-0.0106012761;0.0110730615;0.6055349179;1620231218.6772150993;-0.0537098747;5.2450775615;1.4840815789;0.7068036951;0.0062655667;0.0071826764;-0.7073455226;1428;1620231218.715940025;1428
1620231218.6931300163;-1.4638185928;-1.3821678632;1.5434397957;0.7958083705;-0.0106961018;0.0112372420;0.6053497793;1620231218.6850020885;-0.0537382684;5.2450861654;1.4840836360;0.7068050833;0.0062717832;0.0071932214;-0.7073439732;1428;1620231218.715940025;1428
1620231218.7024528980;-1.4637396672;-1.3821017021;1.5442136141;0.7957579174;-0.0110019922;0.0111251475;0.6054126891;1620231218.6931550503;-0.0537169585;5.2450793998;1.4840828967;0.7068036559;0.0062619515;0.0071824979;-0.7073455957;1428;1620231218.715940025;1428
1620231218.7100789547;-1.4636129398;-1.3820662226;1.5450123314;0.7958351748;-0.0112389057;0.0109756351;0.6053095051;1620231218.7024760246;-0.0537171082;5.2450853896;1.4840807917;0.7068036633;0.0062703312;0.0071871624;-0.7073454667;1428;1620231218.715940025;1428
1620231218.7185881138;-1.4634615234;-1.3820419627;1.5458366674;0.7958072812;-0.0115259198;0.0105385924;0.6053485463;1620231218.7101030350;-0.0537294942;5.2450900738;1.4840849128;0.7068036680;0.0062739220;0.0071920630;-0.7073453803;1429;1620231218.741911313;1429
1620231218.7272059917;-1.4633333985;-1.3819949437;1.5466611994;0.7958747941;-0.0114893730;0.0105184221;0.6052608275;1620231218.7186129093;-0.0537341896;5.2450766573;1.4840889280;0.7068041594;0.0062575144;0.0071776375;-0.7073451811;1429;1620231218.741911313;1429
1620231218.7427680492;-1.4631247062;-1.3818982030;1.5483166442;0.7959146626;-0.0114120439;0.0102525185;0.6052144256;1620231218.7272310257;-0.0537375793;5.2450746250;1.4840900001;0.7068050806;0.0062532900;0.0071741911;-0.7073443330;1429;1620231218.741911313;1429
1620231218.7517850399;-1.4629438466;-1.3818596359;1.5491002713;0.7960621958;-0.0114295208;0.0103075035;0.6050190922;1620231218.7427890301;-0.0537167627;5.2450620859;1.4840841822;0.7068076422;0.0062511971;0.0071668477;-0.7073418662;1430;1620231218.793854009;1430
1620231218.7605578899;-1.4628049855;-1.3817925137;1.5499136505;0.7959581908;-0.0117202213;0.0099715689;0.6051559822;1620231218.7518100739;-0.0537419109;5.2450645015;1.4840877586;0.7068085389;0.0062521172;0.0071715505;-0.7073409144;1430;1620231218.793854009;1430
1620231218.7678909302;-1.4626635753;-1.3817398182;1.5507218546;0.7959518544;-0.0118749935;0.0099029111;0.6051624265;1620231218.7605829239;-0.0537205123;5.2450571946;1.4840856369;0.7068058915;0.0062417403;0.0071613448;-0.7073437548;1430;1620231218.793854009;1430
1620231218.7849619389;-1.4623552321;-1.3816272852;1.5522145764;0.7960567960;-0.0125015584;0.0099283461;0.6050113359;1620231218.7679181099;-0.0537201704;5.2450608331;1.4840859178;0.7068064688;0.0062453228;0.0071658413;-0.7073431009;1430;1620231218.793854009;1430
1620231218.7932999134;-1.4622528149;-1.3815535352;1.5529763441;0.7960917447;-0.0126623779;0.0100190340;0.6049605087;1620231218.7849740982;-0.0537207134;5.2450641149;1.4840817520;0.7068105026;0.0062556331;0.0071713215;-0.7073389234;1431;1620231218.819825377;1431
1620231218.8014650345;-1.4621287473;-1.3814952158;1.5537113325;0.7961583881;-0.0130824699;0.0098192862;0.6048671355;1620231218.7933239937;-0.0537249037;5.2450632742;1.4840862758;0.7068099614;0.0062432210;0.0071632129;-0.7073396561;1431;1620231218.819825377;1431
1620231218.8185420036;-1.4617680802;-1.3814126723;1.5553270991;0.7963417942;-0.0134356795;0.0094353728;0.6046240179;1620231218.8014750481;-0.0537189003;5.2450643089;1.4840872472;0.7068107451;0.0062461010;0.0071634963;-0.7073388446;1432;1620231218.871768105;1432
1620231218.8271698952;-1.4616273512;-1.3813556329;1.5561375237;0.7964270776;-0.0133350863;0.0093711311;0.6045149025;1620231218.8185529709;-0.0537257141;5.2450618367;1.4840906256;0.7068063084;0.0062377867;0.0071613443;-0.7073433731;1432;1620231218.871768105;1432
1620231218.8351919651;-1.4614445247;-1.3813161627;1.5569615609;0.7965605674;-0.0133692635;0.0091686837;0.6043413444;1620231218.8271949291;-0.0537349501;5.2450610529;1.4840910592;0.7068097549;0.0062393852;0.0071617563;-0.7073399110;1432;1620231218.871768105;1432
1620231218.8517210484;-1.4612042290;-1.3811794683;1.5585210656;0.7966285295;-0.0133824185;0.0088653949;0.6042559902;1620231218.8352260590;-0.0537324718;5.2450677298;1.4840907815;0.7068094272;0.0062461301;0.0071666828;-0.7073401291;1432;1620231218.871768105;1432
1620231218.8601560593;-1.4611323516;-1.3810703142;1.5593048429;0.7966299892;-0.0135054696;0.0086777037;0.6042540525;1620231218.8517320156;-0.0537315647;5.2450750840;1.4840872475;0.7068107329;0.0062521530;0.0071711149;-0.7073387262;1433;1620231218.897739481;1433
1620231218.8694550991;-1.4611386037;-1.3810046439;1.5600630983;0.7963943238;-0.0136044789;0.0087209801;0.6045617782;1620231218.8601810932;-0.0537324328;5.2450713238;1.4840877185;0.7068113411;0.0062456635;0.0071670788;-0.7073382167;1433;1620231218.897739481;1433
1620231218.8850860596;-1.4607687510;-1.3808091786;1.5616646054;0.7967542962;-0.0138643728;0.0084754718;0.6040848757;1620231218.8694660664;-0.0537349520;5.2450765858;1.4840889398;0.7068118531;0.0062498845;0.0071712920;-0.7073376251;1433;1620231218.897739481;1433
1620231218.8937370777;-1.4607911396;-1.3807053926;1.5624791208;0.7965709625;-0.0139227790;0.0083582617;0.6043268962;1620231218.8851070404;-0.0537278922;5.2450797566;1.4840860389;0.7068130972;0.0062550623;0.0071754035;-0.7073362944;1433;1620231218.897739481;1433
1620231218.9021151066;-1.4607532980;-1.3806286214;1.5632402774;0.7964438551;-0.0140865389;0.0082043877;0.6044927155;1620231218.8937609196;-0.0537281056;5.2450709303;1.4840882938;0.7068143195;0.0062463078;0.0071637723;-0.7073352683;1434;1620231218.923710793;1434
1620231218.9101819992;-1.4605967251;-1.3805622620;1.5640622481;0.7965760247;-0.0142080082;0.0080834056;0.6043173239;1620231218.9021430016;-0.0537318891;5.2450875228;1.4840815333;0.7068145400;0.0062635665;0.0071835118;-0.7073346951;1434;1620231218.923710793;1434
1620231218.9271349907;-1.4605409145;-1.3803915164;1.5657620820;0.7964387948;-0.0140337132;0.0078132538;0.6045057933;1620231218.9102110863;-0.0537290463;5.2450848825;1.4840885358;0.7068102160;0.0062530767;0.0071734448;-0.7073392109;1434;1620231218.923710793;1434
1620231218.9357190132;-1.4604263455;-1.3802624528;1.5667022491;0.7966886390;-0.0134333819;0.0079819818;0.6041879217;1620231218.9271600246;-0.0537279742;5.2450923766;1.4840802718;0.7068127613;0.0062633113;0.0071808470;-0.7073365019;1435;1620231218.975653505;1435
1620231218.9433810711;-1.4600634695;-1.3802213633;1.5675362726;0.7971341691;-0.0136421636;0.0077198251;0.6035987178;1620231218.9357469082;-0.0537301624;5.2450968706;1.4840787179;0.7068148499;0.0062656489;0.0071833369;-0.7073343688;1435;1620231218.975653505;1435
1620231218.9527230263;-1.4603095375;-1.3801189566;1.5683690209;0.7966173888;-0.0136803190;0.0076571902;0.6042805244;1620231218.9434061050;-0.0537309343;5.2451002138;1.4840799824;0.7068142304;0.0062651805;0.0071845798;-0.7073349794;1435;1620231218.975653505;1435
1620231218.9607090950;-1.4601963121;-1.3800494607;1.5692109750;0.7966897272;-0.0137448472;0.0075370157;0.6041851961;1620231218.9527490139;-0.0537233033;5.2450898741;1.4840811884;0.7068135590;0.0062607740;0.0071756056;-0.7073357804;1435;1620231218.975653505;1435
1620231218.9774279594;-1.4601444767;-1.3798778001;1.5709059092;0.7965626068;-0.0134442882;0.0076543612;0.6043580688;1620231218.9607319832;-0.0537268569;5.2450911422;1.4840840668;0.7068117147;0.0062555325;0.0071729764;-0.7073376963;1436;1620231219.001624817;1436
1620231218.9851870537;-1.4597014646;-1.3797924769;1.5718321772;0.7971386006;-0.0133332762;0.0074255948;0.6036034590;1620231218.9774510860;-0.0537522339;5.2451004120;1.4840851745;0.7068133054;0.0062664162;0.0071841243;-0.7073358974;1436;1620231219.001624817;1436
1620231218.9934809208;-1.4597744710;-1.3796761903;1.5726760744;0.7969497590;-0.0130487434;0.0077174152;0.6038553249;1620231218.9852130413;-0.0537630559;5.2450976979;1.4840883712;0.7068136696;0.0062580508;0.0071797217;-0.7073356522;1436;1620231219.001624817;1436
1620231219.0014159679;-1.4596744909;-1.3795484110;1.5735701598;0.7969470310;-0.0128028502;0.0076798672;0.6038646673;1620231218.9935050011;-0.0537370029;5.2450876357;1.4840817497;0.7068130976;0.0062580750;0.0071741896;-0.7073362797;1436;1620231219.001624817;1436
1620231219.0103480816;-1.4596260215;-1.3794903987;1.5744211810;0.7969053937;-0.0126462115;0.0078607795;0.6039205866;1620231219.0014419556;-0.0537303288;5.2450930532;1.4840793535;0.7068125202;0.0062580937;0.0071771060;-0.7073368269;1437;1620231219.053567617;1437
1620231219.0268011093;-1.4593411440;-1.3793378241;1.5762014247;0.7970504869;-0.0128246118;0.0073326407;0.6037319630;1620231219.0103740692;-0.0537376881;5.2450874773;1.4840786234;0.7068143984;0.0062547504;0.0071726443;-0.7073350249;1437;1620231219.053567617;1437
1620231219.0348629951;-1.4594018245;-1.3792027168;1.5771290470;0.7968971866;-0.0125057765;0.0074601634;0.6039394221;1620231219.0268249512;-0.0537407900;5.2450827690;1.4840808403;0.7068111802;0.0062446340;0.0071655108;-0.7073384024;1437;1620231219.053567617;1437
1620231219.0434410572;-1.4596751890;-1.3790778250;1.5780213767;0.7963572946;-0.0122450541;0.0075927033;0.6046548345;1620231219.0348880291;-0.0537384438;5.2450885993;1.4840832542;0.7068125122;0.0062509105;0.0071718270;-0.7073369519;1438;1620231219.079538889;1438
1620231219.0519940853;-1.4592134137;-1.3790305801;1.5789741130;0.7968356894;-0.0120964496;0.0073764458;0.6040299231;1620231219.0434648991;-0.0537614025;5.2450865959;1.4840871644;0.7068124521;0.0062513532;0.0071722638;-0.7073370037;1438;1620231219.079538889;1438
1620231219.0603990555;-1.4591261962;-1.3789597576;1.5799167651;0.7967723318;-0.0117694206;0.0075027954;0.6041183990;1620231219.0520360470;-0.0537333724;5.2450863890;1.4840842819;0.7068123445;0.0062568664;0.0071725345;-0.7073370597;1438;1620231219.079538889;1438
1620231219.0769999027;-1.4592088051;-1.3787206639;1.5817774428;0.7966348927;-0.0106219818;0.0082850312;0.6043106647;1620231219.0604228973;-0.0537362094;5.2450835344;1.4840872949;0.7068121034;0.0062560449;0.0071723920;-0.7073373094;1438;1620231219.079538889;1438
1620231219.0940160751;-1.4592230800;-1.3785194915;1.5835943496;0.7961765783;-0.0102053211;0.0086565257;0.6049163348;1620231219.0770249367;-0.0537352778;5.2450772431;1.4840875296;0.7068136917;0.0062532541;0.0071708346;-0.7073357626;1439;1620231219.105510217;1439
1620231219.1022050381;-1.4591885643;-1.3784382857;1.5844710810;0.7960899668;-0.0100630508;0.0090891236;0.6050263529;1620231219.0940399170;-0.0537369102;5.2450697550;1.4840915361;0.7068139629;0.0062528066;0.0071693280;-0.7073355109;1439;1620231219.105510217;1439
1620231219.1099390984;-1.4591511229;-1.3783141857;1.5853639674;0.7960454307;-0.0099276650;0.0094752481;0.6050812618;1620231219.1022169590;-0.0537528331;5.2450763547;1.4840979416;0.7068136924;0.0062568591;0.0071760008;-0.7073356777;1439;1620231219.105510217;1439
1620231219.1265969276;-1.4587809604;-1.3781340293;1.5872279675;0.7963492679;-0.0100320380;0.0095568828;0.6046783175;1620231219.1099650860;-0.0537273684;5.2450657889;1.4840953260;0.7068112307;0.0062450850;0.0071609724;-0.7073383940;1440;1620231219.157453025;1440
1620231219.1351850033;-1.4588026646;-1.3780329794;1.5881662119;0.7962363874;-0.0099271514;0.0096639338;0.6048269797;1620231219.1266200542;-0.0537587305;5.2450678449;1.4840996364;0.7068083433;0.0062466060;0.0071711483;-0.7073411627;1440;1620231219.157453025;1440
1620231219.1435029507;-1.4587494505;-1.3779428275;1.5891288932;0.7962754485;-0.0098081839;0.0097044938;0.6047768452;1620231219.1352078915;-0.0537482766;5.2450664133;1.4840935441;0.7068097539;0.0062516376;0.0071709155;-0.7073397110;1440;1620231219.157453025;1440
1620231219.1523280144;-1.4588607466;-1.3778713567;1.5900521658;0.7959766714;-0.0096328504;0.0098034125;0.6051712483;1620231219.1435289383;-0.0537267171;5.2450640105;1.4840899683;0.7068088992;0.0062528494;0.0071696819;-0.7073405669;1441;1620231219.183424369;1441
1620231219.1600720882;-1.4587281693;-1.3777899552;1.5910544742;0.7960478480;-0.0095279060;0.0096736770;0.6050813687;1620231219.1523449421;-0.0537507197;5.2450694858;1.4840938566;0.7068077194;0.0062533722;0.0071739287;-0.7073416981;1441;1620231219.183424369;1441
1620231219.1767458916;-1.4586317402;-1.3776214477;1.5929331337;0.7960789205;-0.0091825428;0.0099767919;0.6050409052;1620231219.1600840092;-0.0537467304;5.2450781017;1.4840927879;0.7068072862;0.0062618808;0.0071823018;-0.7073419707;1441;1620231219.183424369;1441
1620231219.1929850578;-1.4582213085;-1.3774531630;1.5947449381;0.7964701654;-0.0094404995;0.0099863660;0.6045216498;1620231219.1767690182;-0.0537470790;5.2450810710;1.4841035166;0.7068062068;0.0062567155;0.0071798861;-0.7073431195;1442;1620231219.235367033;1442
1620231219.2015259266;-1.4582331443;-1.3773766324;1.5954663312;0.7961093503;-0.0108769060;0.0093902310;0.6049821641;1620231219.1929960251;-0.0537409420;5.2450831155;1.4841019726;0.7068071528;0.0062573974;0.0071782192;-0.7073421852;1442;1620231219.235367033;1442
1620231219.2104709148;-1.4581724098;-1.3772756556;1.5963376242;0.7961665072;-0.0110912673;0.0096366864;0.6048991742;1620231219.2015519142;-0.0537198091;5.2450848907;1.4840958876;0.7068085138;0.0062619377;0.0071785035;-0.7073407821;1442;1620231219.235367033;1442
1620231219.2266590595;-1.4580164366;-1.3771019002;1.5981366877;0.7962200595;-0.0117742262;0.0095534682;0.6048170928;1620231219.2104959488;-0.0537492326;5.2450919014;1.4841011206;0.7068071719;0.0062628139;0.0071843458;-0.7073420559;1443;1620231219.261338433;1443
1620231219.2352058887;-1.4579166602;-1.3770335809;1.5990259520;0.7963429533;-0.0120614807;0.0095725069;0.6046493104;1620231219.2266690731;-0.0537517469;5.2450827188;1.4841005215;0.7068100593;0.0062569526;0.0071787213;-0.7073392796;1443;1620231219.261338433;1443
1620231219.2436819077;-1.4577786096;-1.3769306142;1.5999680195;0.7964708562;-0.0121826952;0.0094817055;0.6044798214;1620231219.2352330685;-0.0537429310;5.2450794674;1.4840963200;0.7068063277;0.0062544872;0.0071757566;-0.7073430604;1443;1620231219.261338433;1443
1620231219.2516469955;-1.4578165746;-1.3768388540;1.6008704140;0.7963435890;-0.0122859939;0.0094809256;0.6046453959;1620231219.2437069416;-0.0537447796;5.2450852019;1.4840998837;0.7068061051;0.0062608889;0.0071807903;-0.7073431751;1444;1620231219.287309809;1444
1620231219.2604858875;-1.4577654739;-1.3767273120;1.6018700744;0.7963069530;-0.0122916291;0.0091625700;0.6046984370;1620231219.2516720295;-0.0537407885;5.2450834751;1.4840969307;0.7068061125;0.0062622559;0.0071811887;-0.7073431516;1444;1620231219.287309809;1444
1620231219.2685840130;-1.4575203083;-1.3766786603;1.6029536781;0.7968587551;-0.0114232310;0.0096782137;0.6039801042;1620231219.2605109215;-0.0537453304;5.2450793921;1.4840993712;0.7068071552;0.0062547117;0.0071757629;-0.7073422314;1444;1620231219.287309809;1444
1620231219.2770369053;-1.4575252707;-1.3766153513;1.6037280563;0.7965181539;-0.0126401015;0.0087119459;0.6044196889;1620231219.2686109543;-0.0537348037;5.2450883644;1.4840948266;0.7068066245;0.0062695094;0.0071857590;-0.7073425292;1444;1620231219.287309809;1444
1620231219.2938199043;-1.4573644979;-1.3764239742;1.6055903603;0.7964867699;-0.0131221719;0.0082233620;0.6044576166;1620231219.2770619392;-0.0537207851;5.2450819172;1.4840912355;0.7068056516;0.0062641361;0.0071813652;-0.7073435936;1445;1620231219.339252417;1445
1620231219.3019208908;-1.4573601087;-1.3762884358;1.6064958817;0.7964112779;-0.0133229455;0.0082445477;0.6045523989;1620231219.2938449383;-0.0537132079;5.2450782980;1.4840877537;0.7068071352;0.0062686439;0.0071816476;-0.7073420684;1445;1620231219.339252417;1445
1620231219.3105089664;-1.4573965030;-1.3761858711;1.6075445939;0.7964922861;-0.0125613963;0.0089566978;0.6044518402;1620231219.3019499779;-0.0537184981;5.2450735233;1.4840883032;0.7068037049;0.0062556164;0.0071730171;-0.7073456989;1445;1620231219.339252417;1445
1620231219.3265869617;-1.4570981544;-1.3760267103;1.6093962037;0.7967157945;-0.0130117320;0.0084932537;0.6041543695;1620231219.3105340004;-0.0537188702;5.2450714580;1.4840866817;0.7068067748;0.0062629461;0.0071765874;-0.7073425303;1446;1620231219.365223889;1446
1620231219.3349139690;-1.4570458032;-1.3759268064;1.6103544774;0.7967201846;-0.0131215875;0.0083901937;0.6041476442;1620231219.3266129494;-0.0537212378;5.2450724837;1.4840832754;0.7068082549;0.0062628316;0.0071790324;-0.7073410276;1446;1620231219.365223889;1446
1620231219.3436520100;-1.4570321988;-1.3758138881;1.6112837070;0.7966488658;-0.0131204875;0.0083177258;0.6042427102;1620231219.3349990845;-0.0537205776;5.2450766321;1.4840872845;0.7068055940;0.0062601309;0.0071777055;-0.7073437238;1446;1620231219.365223889;1446
1620231219.3515250683;-1.4569578444;-1.3757231878;1.6122602284;0.7966363062;-0.0131549940;0.0081175357;0.6042612410;1620231219.3436770439;-0.0537482247;5.2450772876;1.4840893376;0.7068045597;0.0062610420;0.0071834328;-0.7073446911;1446;1620231219.365223889;1446
1620231219.3596980572;-1.4568002900;-1.3756610471;1.6132495363;0.7968270753;-0.0132681063;0.0077612052;0.6040118650;1620231219.3515551090;-0.0537256166;5.2450801864;1.4840883143;0.7068044624;0.0062625067;0.0071843428;-0.7073447661;1447;1620231219.391195161;1447
1620231219.3767869473;-1.4567529851;-1.3754663637;1.6151450643;0.7967241475;-0.0133792499;0.0074459425;0.6041491425;1620231219.3597149849;-0.0537262110;5.2450804766;1.4840874256;0.7068052554;0.0062632674;0.0071855883;-0.7073439544;1447;1620231219.391195161;1447
1620231219.3844230175;-1.4566521178;-1.3753640289;1.6161254122;0.7967596207;-0.0134028461;0.0071801046;0.6041050543;1620231219.3768050671;-0.0537406698;5.2450773200;1.4840911451;0.7068062030;0.0062570491;0.0071818874;-0.7073431000;1447;1620231219.391195161;1447
1620231219.3929600716;-1.4566292898;-1.3752467390;1.6170904573;0.7966810647;-0.0133657488;0.0070514827;0.6042109851;1620231219.3844599724;-0.0537183209;5.2450734785;1.4840881490;0.7068037388;0.0062540813;0.0071756071;-0.7073456524;1448;1620231219.417166513;1448
1620231219.4015209675;-1.4564935796;-1.3751738212;1.6180442694;0.7967409631;-0.0135409724;0.0069105988;0.6041297240;1620231219.3929760456;-0.0537276602;5.2450775324;1.4840850471;0.7068081723;0.0062648165;0.0071858813;-0.7073410229;1448;1620231219.417166513;1448
1620231219.4106440544;-1.4564490680;-1.3750634990;1.6189964931;0.7967533250;-0.0134520927;0.0070101076;0.6041142597;1620231219.4015510082;-0.0537248661;5.2450733642;1.4840831951;0.7068057283;0.0062604415;0.0071827445;-0.7073435357;1448;1620231219.417166513;1448
1620231219.4265120029;-1.4564229730;-1.3748210165;1.6209565303;0.7965356169;-0.0133348249;0.0069605981;0.6044044535;1620231219.4106740952;-0.0537174629;5.2450773932;1.4840833970;0.7068092816;0.0062650388;0.0071865718;-0.7073399055;1448;1620231219.417166513;1448
1620231219.4352800846;-1.4564123998;-1.3747223269;1.6219261201;0.7964669828;-0.0132364409;0.0069724385;0.6044969206;1620231219.4265360832;-0.0537233013;5.2450647367;1.4840849312;0.7068083279;0.0062528789;0.0071717130;-0.7073411169;1449;1620231219.469109257;1449
1620231219.4436590672;-1.4562781091;-1.3746495058;1.6229476795;0.7965635996;-0.0132030784;0.0068216231;0.6043720509;1620231219.4353299141;-0.0537257814;5.2450779533;1.4840865400;0.7068087369;0.0062677458;0.0071856490;-0.7073404352;1449;1620231219.469109257;1449
1620231219.4515728951;-1.4562936743;-1.3745257360;1.6239606629;0.7964756227;-0.0129287394;0.0067584973;0.6044946260;1620231219.4436819553;-0.0537297593;5.2450695761;1.4840892478;0.7068079600;0.0062519529;0.0071738411;-0.7073414711;1449;1620231219.469109257;1449
1620231219.4598879814;-1.4562905026;-1.3744108684;1.6250265986;0.7964197184;-0.0127360037;0.0065630271;0.6045745223;1620231219.4516639709;-0.0537209874;5.2450694082;1.4840835508;0.7068086633;0.0062549874;0.0071746876;-0.7073407330;1450;1620231219.495080617;1450
1620231219.4769918919;-1.4562218328;-1.3742409073;1.6270828220;0.7963416771;-0.0124565982;0.0063915541;0.6046849713;1620231219.4599130154;-0.0537291208;5.2450697740;1.4840891464;0.7068067784;0.0062508607;0.0071712749;-0.7073426875;1450;1620231219.495080617;1450
1620231219.4855549335;-1.4562171761;-1.3741395515;1.6281110062;0.7963136296;-0.0122748530;0.0063531494;0.6047260279;1620231219.4770081043;-0.0537242404;5.2450685824;1.4840846105;0.7068070647;0.0062508845;0.0071711655;-0.7073424023;1450;1620231219.495080617;1450
1620231219.4933350086;-1.4562062327;-1.3740086424;1.6291715974;0.7963155039;-0.0120050167;0.0064550727;0.6047278973;1620231219.4856069088;-0.0537572281;5.2450759895;1.4840895735;0.7068085166;0.0062569084;0.0071827837;-0.7073407803;1450;1620231219.495080617;1450
1620231219.5017590523;-1.4562463636;-1.3739271538;1.6303019459;0.7960635079;-0.0115509078;0.0063082769;0.6050699740;1620231219.4933540821;-0.0537218008;5.2450675576;1.4840840498;0.7068100726;0.0062574907;0.0071738526;-0.7073393110;1451;1620231219.521051905;1451
1620231219.5111820698;-1.4562316183;-1.3738251098;1.6313145940;0.7959905534;-0.0115798841;0.0062842430;0.6051656414;1620231219.5017979145;-0.0537368453;5.2450702208;1.4840910099;0.7068075593;0.0062562470;0.0071772705;-0.7073417988;1451;1620231219.521051905;1451
1620231219.5192310810;-1.4562119506;-1.3737379767;1.6323598975;0.7959378349;-0.0114271358;0.0063309112;0.6052373940;1620231219.5111980438;-0.0537510359;5.2450730496;1.4840941833;0.7068087674;0.0062561577;0.0071801595;-0.7073405630;1451;1620231219.521051905;1451
1620231219.5275859833;-1.4565274742;-1.3736532844;1.6334090838;0.7954078667;-0.0109951074;0.0066397855;0.6059384015;1620231219.5192539692;-0.0537279308;5.2450708214;1.4840910089;0.7068085366;0.0062549354;0.0071723027;-0.7073408842;1452;1620231219.572994697;1452
1620231219.5435938835;-1.4565876013;-1.3734394939;1.6355214239;0.7951596764;-0.0108057784;0.0066887972;0.6062669249;1620231219.5276010036;-0.0537516651;5.2450758110;1.4840933348;0.7068079464;0.0062566801;0.0071786026;-0.7073413946;1452;1620231219.572994697;1452
1620231219.5520880222;-1.4564461503;-1.3733695138;1.6365755205;0.7953771033;-0.0106513750;0.0067802261;0.6059833663;1620231219.5436260700;-0.0537319246;5.2450831516;1.4840850986;0.7068083537;0.0062653669;0.0071864453;-0.7073408311;1452;1620231219.572994697;1452
1620231219.5602250099;-1.4564045103;-1.3733157596;1.6376132687;0.7953833767;-0.0104050840;0.0070077016;0.6059768233;1620231219.5521259308;-0.0537387430;5.2450788211;1.4840834971;0.7068097868;0.0062604776;0.0071820773;-0.7073394867;1452;1620231219.572994697;1452
1620231219.5770549774;-1.4565079053;-1.3730998766;1.6398098453;0.7951406344;-0.0099807227;0.0070125630;0.6063023839;1620231219.5602409840;-0.0537309024;5.2450850021;1.4840817452;0.7068089958;0.0062695737;0.0071892644;-0.7073401236;1453;1620231219.598965985;1453
1620231219.5845539570;-1.4564952662;-1.3730515178;1.6407999920;0.7951430987;-0.0100234608;0.0072422888;0.6062957463;1620231219.5770730972;-0.0537311596;5.2450743211;1.4840864638;0.7068078452;0.0062524655;0.0071756390;-0.7073415631;1453;1620231219.598965985;1453
1620231219.5932860374;-1.4563507736;-1.3729853417;1.6419220933;0.7952390368;-0.0097614206;0.0072526178;0.6061740579;1620231219.5845780373;-0.0537384298;5.2450805316;1.4840871445;0.7068099599;0.0062615508;0.0071857959;-0.7073392665;1453;1620231219.598965985;1453
1620231219.6015141010;-1.4563757695;-1.3729090429;1.6430357099;0.7952316823;-0.0093069180;0.0074775597;0.6061881216;1620231219.5933020115;-0.0537355672;5.2450758966;1.4840894144;0.7068085399;0.0062562546;0.0071788728;-0.7073408026;1453;1620231219.598965985;1453
1620231219.6097450256;-1.4564577275;-1.3728147349;1.6440794842;0.7949986012;-0.0091474293;0.0076487908;0.6064940598;1620231219.6015419960;-0.0537335582;5.2450781552;1.4840903047;0.7068084536;0.0062578531;0.0071805336;-0.7073408578;1454;1620231219.650908753;1454
1620231219.6264109612;-1.4562620911;-1.3727422876;1.6461220515;0.7951983051;-0.0089861546;0.0082359841;0.6062269155;1620231219.6097609997;-0.0537359978;5.2450860798;1.4840917260;0.7068083454;0.0062657367;0.0071839824;-0.7073408611;1454;1620231219.650908753;1454
1620231219.6344621181;-1.4562568911;-1.3726555809;1.6472002586;0.7951677533;-0.0088727137;0.0084244290;0.6062660704;1620231219.6264278889;-0.0537373106;5.2450782110;1.4840910767;0.7068087105;0.0062534355;0.0071768108;-0.7073406780;1454;1620231219.650908753;1454
1620231219.6432240009;-1.4563205961;-1.3725631919;1.6481874677;0.7950044816;-0.0088569402;0.0087809567;0.6064753281;1620231219.6344769001;-0.0537417995;5.2450823458;1.4840912141;0.7068077823;0.0062555318;0.0071803420;-0.7073415511;1454;1620231219.650908753;1454
1620231219.6522068977;-1.4562662485;-1.3725168511;1.6492075668;0.7950627596;-0.0089316088;0.0090551758;0.6063937982;1620231219.6432399750;-0.0537480140;5.2450874794;1.4840882169;0.7068075001;0.0062609815;0.0071849297;-0.7073417383;1455;1620231219.676880049;1455
1620231219.6597518921;-1.4562074671;-1.3724452743;1.6502532663;0.7951130784;-0.0089031375;0.0092508628;0.6063252826;1620231219.6522450447;-0.0537402037;5.2450859972;1.4840857561;0.7068073698;0.0062587597;0.0071796624;-0.7073419416;1455;1620231219.676880049;1455
1620231219.6765708923;-1.4561480944;-1.3723288226;1.6523184684;0.7950637235;-0.0090417461;0.0095554599;0.6063832250;1620231219.6597690582;-0.0537436509;5.2450906180;1.4840841505;0.7068086740;0.0062649475;0.0071856045;-0.7073405233;1455;1620231219.676880049;1455
1620231219.6848089695;-1.4561344855;-1.3722750232;1.6533750551;0.7950022368;-0.0089716691;0.0096689458;0.6064630773;1620231219.6765871048;-0.0537464942;5.2450865503;1.4840869463;0.7068066837;0.0062595325;0.0071800996;-0.7073426159;1456;1620231219.728822745;1456
1620231219.6934399605;-1.4560898055;-1.3722312048;1.6544752853;0.7949758006;-0.0088596625;0.0096124370;0.6065002752;1620231219.6848359108;-0.0537424734;5.2450914042;1.4840893569;0.7068075742;0.0062632687;0.0071833176;-0.7073416604;1456;1620231219.728822745;1456
1620231219.7013819218;-1.4560116927;-1.3722091487;1.6554881618;0.7950616474;-0.0088047196;0.0097467409;0.6063863907;1620231219.6934568882;-0.0537467268;5.2450915867;1.4840904930;0.7068063935;0.0062623326;0.0071835395;-0.7073428462;1456;1620231219.728822745;1456
1620231219.7104389668;-1.4556745925;-1.3721807955;1.6564200357;0.7954187227;-0.0095145124;0.0092372635;0.6059151777;1620231219.7013990879;-0.0537411246;5.2450849895;1.4840888265;0.7068073708;0.0062610510;0.0071812859;-0.7073419038;1457;1620231219.754794105;1457
1620231219.7264080048;-1.4554719754;-1.3721020826;1.6585098538;0.7954768670;-0.0094811049;0.0094367353;0.6058362904;1620231219.7104549408;-0.0537453156;5.2450936849;1.4840861608;0.7068067696;0.0062703670;0.0071915794;-0.7073423175;1457;1620231219.754794105;1457
1620231219.7344360352;-1.4554292519;-1.3720729922;1.6595235990;0.7954571214;-0.0095301498;0.0096276555;0.6058584426;1620231219.7264230251;-0.0537428364;5.2450826779;1.4840830649;0.7068067182;0.0062598386;0.0071806763;-0.7073425729;1457;1620231219.754794105;1457
1620231219.7429909706;-1.4553874255;-1.3720005613;1.6605612542;0.7954252656;-0.0096719491;0.0096836318;0.6058971261;1620231219.7344460487;-0.0537335996;5.2450851228;1.4840844002;0.7068060437;0.0062611670;0.0071805762;-0.7073432362;1457;1620231219.754794105;1457
1620231219.7513449192;-1.4553529042;-1.3719344721;1.6616170296;0.7954081501;-0.0097853254;0.0098032618;0.6059158507;1620231219.7430069447;-0.0537349781;5.2450868066;1.4840797477;0.7068071623;0.0062626675;0.0071825389;-0.7073420851;1458;1620231219.780765457;1458
1620231219.7598159313;-1.4552803285;-1.3718636497;1.6626551027;0.7954228606;-0.0100471713;0.0098092639;0.6058921566;1620231219.7513608932;-0.0537529746;5.2450835996;1.4840852365;0.7068059687;0.0062621098;0.0071831217;-0.7073432769;1458;1620231219.780765457;1458
1620231219.7685499191;-1.4552827647;-1.3718040159;1.6637514794;0.7953289539;-0.0101506610;0.0097244446;0.6060150611;1620231219.7598319054;-0.0537515119;5.2450928605;1.4840896137;0.7068061874;0.0062666945;0.0071882966;-0.7073429652;1458;1620231219.780765457;1458
1620231219.7851231098;-1.4553356982;-1.3716912645;1.6660786382;0.7951674598;-0.0094308918;0.0101053379;0.6062323410;1620231219.7685799599;-0.0537486793;5.2450805412;1.4840894469;0.7068083476;0.0062588191;0.0071808726;-0.7073409518;1459;1620231219.832708233;1459
1620231219.7932639122;-1.4552903486;-1.3716601108;1.6671428522;0.7951725357;-0.0094042577;0.0101728190;0.6062249682;1620231219.7851529121;-0.0537392841;5.2450768875;1.4840839926;0.7068079819;0.0062612076;0.0071833884;-0.7073412705;1459;1620231219.832708233;1459
1620231219.8016669750;-1.4551456660;-1.3716525584;1.6682039686;0.7952454940;-0.0094612285;0.0101050033;0.6061295062;1620231219.7932810783;-0.0537461154;5.2450768388;1.4840870732;0.7068068064;0.0062615066;0.0071839014;-0.7073424372;1459;1620231219.832708233;1459
1620231219.8100180626;-1.4550251896;-1.3716110093;1.6693047079;0.7952928839;-0.0094533567;0.0101198950;0.6060671997;1620231219.8016970158;-0.0537272720;5.2450708379;1.4840791774;0.7068099973;0.0062650855;0.0071848316;-0.7073392076;1459;1620231219.832708233;1459
1620231219.8267540932;-1.4547814303;-1.3715456562;1.6713925819;0.7953750929;-0.0095539570;0.0103048026;0.6059546143;1620231219.8100340366;-0.0537434347;5.2450716282;1.4840849706;0.7068086482;0.0062646515;0.0071817686;-0.7073405907;1460;1620231219.858679617;1460
1620231219.8350059986;-1.4546172849;-1.3715263517;1.6722727688;0.7953025891;-0.0107256923;0.0097378713;0.6060395409;1620231219.8267710209;-0.0537431946;5.2450733983;1.4840939649;0.7068082290;0.0062653765;0.0071846581;-0.7073409737;1460;1620231219.858679617;1460
1620231219.8434319496;-1.4547047025;-1.3714080968;1.6735392219;0.7953649177;-0.0095304214;0.0107670578;0.6059603034;1620231219.8350310326;-0.0537421005;5.2450769619;1.4840959562;0.7068068254;0.0062623285;0.0071844104;-0.7073424058;1460;1620231219.858679617;1460
1620231219.8513739109;-1.4547754974;-1.3713620758;1.6745444525;0.7951053538;-0.0099024157;0.0107827223;0.6062946077;1620231219.8434500694;-0.0537265176;5.2450659847;1.4840938023;0.7068094240;0.0062605276;0.0071831309;-0.7073398381;1461;1620231219.884650961;1461
1620231219.8600099087;-1.4544732581;-1.3713318241;1.6755924791;0.7954915824;-0.0102230787;0.0106986761;0.6057839296;1620231219.8513979912;-0.0537293642;5.2450646343;1.4840960415;0.7068067827;0.0062559256;0.0071818239;-0.7073425314;1461;1620231219.884650961;1461
1620231219.8767900467;-1.4544372931;-1.3712417468;1.6777551757;0.7951844470;-0.0105626480;0.0102342136;0.6061892333;1620231219.8600258827;-0.0537220012;5.2450701475;1.4840932947;0.7068087097;0.0062626818;0.0071860839;-0.7073405028;1461;1620231219.884650961;1461
1620231219.8847730160;-1.4541330740;-1.3712020045;1.6788590202;0.7954445326;-0.0107152482;0.0098905331;0.6058509358;1620231219.8768200874;-0.0537275650;5.2450707052;1.4840898592;0.7068069997;0.0062588016;0.0071836713;-0.7073422703;1461;1620231219.884650961;1461
1620231219.8932600021;-1.4542012241;-1.3711537324;1.6799602120;0.7951501105;-0.0106212679;0.0096699764;0.6062425109;1620231219.8847889900;-0.0537245163;5.2450677071;1.4840858490;0.7068068726;0.0062598928;0.0071840280;-0.7073423841;1462;1620231219.936593561;1462
1620231219.9017219543;-1.4540816610;-1.3711196725;1.6810510131;0.7950983395;-0.0105182318;0.0095727401;0.6063137471;1620231219.8932759762;-0.0537275918;5.2450691119;1.4840840087;0.7068087379;0.0062629763;0.0071846099;-0.7073404870;1462;1620231219.936593561;1462
1620231219.9097321033;-1.4539079632;-1.3710825120;1.6821291375;0.7951225795;-0.0105676030;0.0093482807;0.6062846023;1620231219.9018039703;-0.0537257436;5.2450675737;1.4840866244;0.7068054982;0.0062578061;0.0071830597;-0.7073437858;1462;1620231219.936593561;1462
1620231219.9178090096;-1.4537574545;-1.3710323480;1.6832005903;0.7951364946;-0.0107448025;0.0091484735;0.6062662860;1620231219.9097499847;-0.0537280319;5.2450718981;1.4840844244;0.7068081641;0.0062633785;0.0071871945;-0.7073410306;1463;1620231219.962564993;1463
1620231219.9350779057;-1.4535388927;-1.3709053488;1.6853045084;0.7949608711;-0.0110280838;0.0089296144;0.6064947294;1620231219.9178240299;-0.0537282250;5.2450703742;1.4840899441;0.7068069592;0.0062535929;0.0071786436;-0.7073424079;1463;1620231219.962564993;1463
1620231219.9433999062;-1.4534170505;-1.3708299446;1.6863836978;0.7949726307;-0.0113578478;0.0087115667;0.6064764004;1620231219.9351110458;-0.0537268558;5.2450719274;1.4840955071;0.7068069339;0.0062561032;0.0071798510;-0.7073423987;1463;1620231219.962564993;1463
1620231219.9514000416;-1.4532912026;-1.3707857351;1.6874189043;0.7950418088;-0.0115798409;0.0086244431;0.6063827574;1620231219.9434180260;-0.0537189747;5.2450707650;1.4840939615;0.7068075962;0.0062597050;0.0071757680;-0.7073417465;1463;1620231219.962564993;1463
1620231219.9601020813;-1.4531962730;-1.3707024874;1.6885407263;0.7950778875;-0.0115920708;0.0084252278;0.6063380182;1620231219.9514150620;-0.0537238750;5.2450731228;1.4840904012;0.7068086977;0.0062588806;0.0071763861;-0.7073406469;1464;1620231219.988536361;1464
1620231219.9679141045;-1.4530493273;-1.3707196754;1.6895982837;0.7951742731;-0.0118088501;0.0082733271;0.6062095170;1620231219.9601199627;-0.0537326048;5.2450794000;1.4840942094;0.7068087013;0.0062636662;0.0071813536;-0.7073405505;1464;1620231219.988536361;1464
1620231219.9852170944;-1.4528131832;-1.3706127128;1.6918109759;0.7952497450;-0.0116137722;0.0081219752;0.6061163229;1620231219.9679288864;-0.0537513247;5.2450808578;1.4840989520;0.7068059988;0.0062606140;0.0071819631;-0.7073432718;1464;1620231219.988536361;1464
1620231219.9936580658;-1.4526621127;-1.3705705220;1.6928864016;0.7952821813;-0.0116990444;0.0079495301;0.6060744092;1620231219.9852440357;-0.0537231934;5.2450786531;1.4840900527;0.7068080317;0.0062660583;0.0071824438;-0.7073411874;1464;1620231219.988536361;1464
1620231220.0015480518;-1.4525101368;-1.3705341827;1.6939554586;0.7952506647;-0.0117927202;0.0078551830;0.6061151773;1620231219.9936740398;-0.0537176423;5.2450698771;1.4840913142;0.7068042898;0.0062526765;0.0071699365;-0.7073451717;1465;1620231220.040479033;1465
1620231220.0098679066;-1.4523613381;-1.3704684236;1.6950488225;0.7952519529;-0.0118565504;0.0077191639;0.6061139893;1620231220.0015840530;-0.0537272885;5.2450747759;1.4840915456;0.7068064874;0.0062649486;0.0071793605;-0.7073427717;1465;1620231220.040479033;1465
1620231220.0270669460;-1.4521099770;-1.3703090726;1.6970997324;0.7953193956;-0.0124669198;0.0074827379;0.6060162073;1620231220.0099050999;-0.0537413379;5.2450658599;1.4840931157;0.7068042514;0.0062504322;0.0071727273;-0.7073452016;1465;1620231220.040479033;1465
1620231220.0346469879;-1.4517863455;-1.3702582737;1.6979269094;0.7954680040;-0.0138546976;0.0066961233;0.6058001848;1620231220.0270841122;-0.0537412131;5.2450656211;1.4840940835;0.7068042974;0.0062478475;0.0071708758;-0.7073451973;1466;1620231220.066450329;1466
1620231220.0427889824;-1.4515408705;-1.3702057620;1.6989536772;0.7954497334;-0.0142991727;0.0063658823;0.6058174072;1620231220.0346570015;-0.0537222552;5.2450670593;1.4840868391;0.7068047934;0.0062553086;0.0071798421;-0.7073445447;1466;1620231220.066450329;1466
1620231220.0510718822;-1.4518022790;-1.3701726541;1.7004297885;0.7950931950;-0.0129543945;0.0066859960;0.6063120420;1620231220.0428059101;-0.0537331470;5.2450634789;1.4840878542;0.7068072768;0.0062595256;0.0071828408;-0.7073419955;1466;1620231220.066450329;1466
1620231220.0594980717;-1.4517216869;-1.3700919578;1.7015127161;0.7949612978;-0.0131981948;0.0064811333;0.6064819350;1620231220.0510830879;-0.0537298936;5.2450639705;1.4840916460;0.7068060645;0.0062578413;0.0071798560;-0.7073432521;1466;1620231220.066450329;1466
1620231220.0925951004;-1.4512523564;-1.3698618214;1.7060828166;0.7951333244;-0.0130398514;0.0055152311;0.6062693634;1620231220.0595090389;-0.0537254149;5.2450597047;1.4840900238;0.7068034548;0.0062540553;0.0071768958;-0.7073459234;1467;1620231220.118393113;1467
1620231220.1004021168;-1.4512417201;-1.3697567069;1.7072512601;0.7951405798;-0.0128548197;0.0053508373;0.6062652724;1620231220.0926060677;-0.0537211641;5.2450559464;1.4840872704;0.7068039508;0.0062514809;0.0071735060;-0.7073454848;1467;1620231220.118393113;1467
1620231220.1175360680;-1.4509532826;-1.3696462544;1.7095197824;0.7951721290;-0.0130835044;0.0047966983;0.6062236376;1620231220.1004168987;-0.0537152419;5.2450563407;1.4840866909;0.7068055413;0.0062554613;0.0071762496;-0.7073438325;1468;1620231220.144364473;1468
1620231220.1259291172;-1.4508922014;-1.3696058286;1.7106298417;0.7951274732;-0.0131198535;0.0048491243;0.6062810048;1620231220.1175611019;-0.0537488631;5.2450656394;1.4840925896;0.7068072319;0.0062585249;0.0071842413;-0.7073420350;1468;1620231220.144364473;1468
1620231220.1341459751;-1.4508276264;-1.3694829591;1.7117504738;0.7951067217;-0.0129510336;0.0048999795;0.6063114398;1620231220.1259419918;-0.0537181190;5.2450728618;1.4840890083;0.7068051464;0.0062647938;0.0071887562;-0.7073440176;1468;1620231220.144364473;1468
1620231220.1425569057;-1.4507193228;-1.3694430401;1.7128757206;0.7951396905;-0.0130592541;0.0048855094;0.6062659980;1620231220.1341578960;-0.0537230382;5.2450703947;1.4840882094;0.7068074072;0.0062697399;0.0071933952;-0.7073416675;1469;1620231220.170335793;1469
1620231220.1506009102;-1.4506248540;-1.3693740637;1.7139871373;0.7951072285;-0.0131031555;0.0049236498;0.6063073150;1620231220.1425700188;-0.0537182352;5.2450753054;1.4840889720;0.7068057031;0.0062690050;0.0071908367;-0.7073434028;1469;1620231220.170335793;1469
1620231220.1672580242;-1.4507666042;-1.3691074827;1.7163570712;0.7947894289;-0.0122604199;0.0052954800;0.6067383322;1620231220.1506130695;-0.0537210050;5.2450711716;1.4840882431;0.7068064381;0.0062668021;0.0071885193;-0.7073427115;1469;1620231220.170335793;1469
1620231220.1759159565;-1.4505830827;-1.3690694438;1.7174749999;0.7949867392;-0.0124096304;0.0052438994;0.6064771942;1620231220.1672689915;-0.0537233525;5.2450701295;1.4840877264;0.7068061542;0.0062607296;0.0071881746;-0.7073430524;1469;1620231220.170335793;1469
1620231220.1841299534;-1.4505254200;-1.3690086676;1.7186806152;0.7948878174;-0.0121866341;0.0051257144;0.6066123728;1620231220.1759328842;-0.0537232088;5.2450771905;1.4840861709;0.7068070589;0.0062713811;0.0071930203;-0.7073420047;1470;1620231220.222278537;1470
1620231220.1927809715;-1.4504465216;-1.3689489669;1.7199140873;0.7949001233;-0.0120460690;0.0049338302;0.6066006459;1620231220.1841421127;-0.0537300688;5.2450777210;1.4840890846;0.7068083370;0.0062681188;0.0071916704;-0.7073407703;1470;1620231220.222278537;1470
1620231220.2004449368;-1.4505210083;-1.3688257996;1.7211170844;0.7947864756;-0.0118105451;0.0048782234;0.6067546227;1620231220.1927919388;-0.0537284404;5.2450840449;1.4840908806;0.7068079264;0.0062718352;0.0071957119;-0.7073411066;1470;1620231220.222278537;1470
1620231220.2090749741;-1.4503799730;-1.3687803255;1.7223083478;0.7948190099;-0.0117451472;0.0047821497;0.6067140381;1620231220.2004559040;-0.0537326024;5.2450771101;1.4840881480;0.7068093108;0.0062688932;0.0071933350;-0.7073397734;1470;1620231220.222278537;1470
1620231220.2263131142;-1.4502618845;-1.3686571710;1.7247226953;0.7947811156;-0.0111882251;0.0048443337;0.6067737094;1620231220.2090859413;-0.0537310505;5.2450682680;1.4840911815;0.7068080449;0.0062587604;0.0071819099;-0.7073412442;1471;1620231220.248249913;1471
1620231220.2344670296;-1.4502956173;-1.3685625852;1.7259481846;0.7947918762;-0.0108433036;0.0051178269;0.6067636311;1620231220.2263510227;-0.0537282111;5.2450797051;1.4840870589;0.7068080875;0.0062725588;0.0071926390;-0.7073409704;1471;1620231220.248249913;1471
1620231220.2430200577;-1.4502148012;-1.3685052762;1.7271451073;0.7947359055;-0.0106003960;0.0052128039;0.6068404228;1620231220.2344911098;-0.0537289261;5.2450689903;1.4840880713;0.7068079155;0.0062561131;0.0071822958;-0.7073413931;1471;1620231220.248249913;1471
1620231220.2509100437;-1.4500501796;-1.3684807540;1.7283449648;0.7947011154;-0.0102897938;0.0053532036;0.6068901058;1620231220.2430310249;-0.0537394378;5.2450718860;1.4840876767;0.7068075583;0.0062608892;0.0071886636;-0.7073416430;1472;1620231220.300192625;1472
1620231220.2674119473;-1.4500715664;-1.3683145475;1.7307600286;0.7946553813;-0.0098581672;0.0057436586;0.6069535829;1620231220.2509269714;-0.0537275630;5.2450821317;1.4840884771;0.7068076874;0.0062736684;0.0071950664;-0.7073413357;1472;1620231220.300192625;1472
1620231220.2761709690;-1.4499225524;-1.3682994596;1.7319356529;0.7946980290;-0.0100307209;0.0055954681;0.6068962992;1620231220.2674279213;-0.0537341347;5.2450907671;1.4840927409;0.7068053498;0.0062731485;0.0072021522;-0.7073436040;1472;1620231220.300192625;1472
1620231220.2939689159;-1.4499402673;-1.3681478811;1.7344372584;0.7945028682;-0.0096413180;0.0056687831;0.6071573950;1620231220.2761878967;-0.0537343210;5.2450881387;1.4840913572;0.7068059929;0.0062681669;0.0071980972;-0.7073430468;1473;1620231220.326163913;1473
1620231220.3015410900;-1.4498443608;-1.3681136360;1.7356368490;0.7945595074;-0.0095774210;0.0057701630;0.6070833282;1620231220.2939848900;-0.0537244118;5.2450896826;1.4840903114;0.7068026556;0.0062703640;0.0071950566;-0.7073463930;1473;1620231220.326163913;1473
1620231220.3110990524;-1.4498100860;-1.3681419553;1.7367346139;0.7945014408;-0.0094846099;0.0061736767;0.6071568071;1620231220.3015570641;-0.0537235584;5.2450740285;1.4840873961;0.7068054809;0.0062582007;0.0071798146;-0.7073438325;1473;1620231220.326163913;1473
1620231220.3186130524;-1.4497261821;-1.3680464652;1.7381346293;0.7944859711;-0.0087657445;0.0061201784;0.6071883948;1620231220.3111169338;-0.0537247253;5.2450734915;1.4840882379;0.7068049261;0.0062559378;0.0071791147;-0.7073444140;1473;1620231220.326163913;1473
1620231220.3359649181;-1.4496498199;-1.3679072287;1.7405634311;0.7946506366;-0.0080441998;0.0073927165;0.6069687013;1620231220.3186290264;-0.0537238558;5.2450764348;1.4840880609;0.7068040852;0.0062602869;0.0071816437;-0.7073451901;1474;1620231220.352135257;1474
1620231220.3431890011;-1.4495303881;-1.3679415207;1.7416026457;0.7947259797;-0.0081762263;0.0078792750;0.6068621619;1620231220.3360021114;-0.0537299178;5.2450750960;1.4840878346;0.7068043307;0.0062565268;0.0071825488;-0.7073449689;1474;1620231220.352135257;1474
1620231220.3516340256;-1.4495301839;-1.3678378892;1.7430071269;0.7944661559;-0.0083480261;0.0073989313;0.6072059727;1620231220.3432760239;-0.0537360703;5.2450736380;1.4840922553;0.7068036890;0.0062516601;0.0071774010;-0.7073457053;1474;1620231220.352135257;1474
1620231220.3597590923;-1.4494891537;-1.3678197781;1.7442195900;0.7945101632;-0.0082171208;0.0076704861;0.6071468053;1620231220.3516449928;-0.0537340829;5.2450638115;1.4840897051;0.7068047099;0.0062385016;0.0071659175;-0.7073449178;1475;1620231220.404077961;1475
1620231220.3760459423;-1.4495041537;-1.3677161563;1.7466878617;0.7944384007;-0.0080787729;0.0079020016;0.6072395897;1620231220.3597760201;-0.0537592654;5.2450796343;1.4840929083;0.7068041201;0.0062584654;0.0071855124;-0.7073451321;1475;1620231220.404077961;1475
1620231220.3926060200;-1.4492373344;-1.3677937366;1.7489805945;0.7945470134;-0.0087090358;0.0081873636;0.6070849720;1620231220.3760581017;-0.0537295585;5.2450730166;1.4840837885;0.7068065617;0.0062623385;0.0071820698;-0.7073426930;1475;1620231220.404077961;1475
1620231220.4008738995;-1.4492297183;-1.3677432852;1.7502554032;0.7945473395;-0.0085081325;0.0083259414;0.6070855093;1620231220.3926179409;-0.0537534835;5.2450709328;1.4840862089;0.7068065072;0.0062549571;0.0071806528;-0.7073428271;1476;1620231220.430049289;1476
1620231220.4092199802;-1.4494122741;-1.3675736874;1.7516382175;0.7941800155;-0.0079382287;0.0083673277;0.6075731029;1620231220.4008851051;-0.0537488005;5.2450630741;1.4840850401;0.7068053270;0.0062430471;0.0071671052;-0.7073442490;1476;1620231220.430049289;1476
1620231220.4173979759;-1.4492769815;-1.3675679092;1.7528690795;0.7941675380;-0.0079301126;0.0084328261;0.6075886128;1620231220.4092481136;-0.0537496021;5.2450708862;1.4840810299;0.7068056488;0.0062536742;0.0071782148;-0.7073437209;1476;1620231220.430049289;1476
1620231220.4343719482;-1.4491404643;-1.3675853792;1.7553237944;0.7941099045;-0.0079212637;0.0087893639;0.6076589999;1620231220.4174089432;-0.0537435144;5.2450627985;1.4840814283;0.7068051606;0.0062462436;0.0071675457;-0.7073443827;1476;1620231220.430049289;1476
1620231220.4426550865;-1.4490581023;-1.3675864299;1.7565328453;0.7941458320;-0.0078341509;0.0091590633;0.6076077148;1620231220.4343819618;-0.0537574555;5.2450772420;1.4840811285;0.7068058222;0.0062632557;0.0071865669;-0.7073433782;1477;1620231220.481992009;1477
1620231220.4505500793;-1.4489500984;-1.3675739274;1.7577577375;0.7942300609;-0.0079379599;0.0093476557;0.6074933913;1620231220.4426670074;-0.0537409479;5.2450761570;1.4840804142;0.7068034459;0.0062590421;0.0071818024;-0.7073458383;1477;1620231220.481992009;1477
1620231220.4593319893;-1.4488207752;-1.3675782486;1.7589658505;0.7943076672;-0.0081019300;0.0095047777;0.6073873128;1620231220.4505620003;-0.0537298181;5.2450947943;1.4840782120;0.7068063251;0.0062773531;0.0071994109;-0.7073426200;1477;1620231220.481992009;1477
1620231220.4762830734;-1.4487301008;-1.3675480635;1.7614562298;0.7943769323;-0.0080756247;0.0100230576;0.6072887386;1620231220.4593451023;-0.0537232147;5.2450963637;1.4840790841;0.7068066462;0.0062730168;0.0071939594;-0.7073423931;1478;1620231220.507963369;1478
1620231220.4838690758;-1.4486171110;-1.3675555546;1.7626506493;0.7943448267;-0.0085447690;0.0098465978;0.6073271999;1620231220.4762949944;-0.0537188010;5.2451039546;1.4840878613;0.7068061340;0.0062710446;0.0071968778;-0.7073428927;1478;1620231220.507963369;1478
1620231220.4925990105;-1.4485044447;-1.3676140021;1.7637651229;0.7945111798;-0.0085847245;0.0104294456;0.6070992623;1620231220.4838800430;-0.0537255922;5.2450913590;1.4840876533;0.7068088047;0.0062617574;0.0071900624;-0.7073403756;1478;1620231220.507963369;1478
1620231220.5004138947;-1.4486605982;-1.3675193218;1.7651521058;0.7941315651;-0.0082342142;0.0102890034;0.6076029884;1620231220.4926249981;-0.0537192532;5.2450985146;1.4840863226;0.7068095566;0.0062688251;0.0071908433;-0.7073395538;1478;1620231220.507963369;1478
1620231220.5171060562;-1.4482998453;-1.3676493952;1.7674822213;0.7943323729;-0.0087832256;0.0104359246;0.6073302461;1620231220.5004260540;-0.0537280512;5.2450978214;1.4840859324;0.7068078599;0.0062679647;0.0071942921;-0.7073412217;1479;1620231220.533934705;1479
1620231220.5340449810;-1.4481704843;-1.3676352671;1.7700069486;0.7941828955;-0.0088463219;0.0105179101;0.6075233697;1620231220.5171170235;-0.0537286410;5.2450790157;1.4840839722;0.7068078665;0.0062578857;0.0071792467;-0.7073414572;1479;1620231220.533934705;1479
1620231220.5426259041;-1.4480051409;-1.3676460668;1.7712527004;0.7942882525;-0.0089802490;0.0104466253;0.6073848822;1620231220.5340569019;-0.0537334747;5.2450735771;1.4840862531;0.7068063019;0.0062547278;0.0071775902;-0.7073430654;1479;1620231220.533934705;1479
1620231220.5538520813;-1.4479974951;-1.3676617412;1.7724579141;0.7942186657;-0.0091981158;0.0106044266;0.6074698774;1620231220.5426371098;-0.0537327007;5.2450695199;1.4840909889;0.7068060348;0.0062477014;0.0071729535;-0.7073434415;1480;1620231220.585877497;1480
1620231220.5622301102;-1.4479664570;-1.3676418947;1.7737237442;0.7943605542;-0.0094388924;0.0105229054;0.6072820479;1620231220.5538630486;-0.0537300262;5.2450641058;1.4840936453;0.7068061617;0.0062471782;0.0071693058;-0.7073433563;1480;1620231220.585877497;1480
1620231220.5687150955;-1.4477851315;-1.3676707113;1.7749500014;0.7943685757;-0.0096134302;0.0104949296;0.6072693013;1620231220.5622570515;-0.0537265683;5.2450563305;1.4840941276;0.7068042048;0.0062407777;0.0071655090;-0.7073454066;1480;1620231220.585877497;1480
1620231220.5869340897;-1.4476303219;-1.3676501411;1.7775596959;0.7942838322;-0.0100285512;0.0101070959;0.6073800036;1620231220.5687429905;-0.0537311249;5.2450596204;1.4840964794;0.7068038185;0.0062467094;0.0071697247;-0.7073456976;1481;1620231220.611848761;1481
1620231220.5943388939;-1.4474844268;-1.3676680509;1.7788139989;0.7942924965;-0.0101073682;0.0099388169;0.6073701434;1620231220.5869650841;-0.0537273216;5.2450800310;1.4840894510;0.7068046980;0.0062720124;0.0071931303;-0.7073443571;1481;1620231220.611848761;1481
1620231220.6019608974;-1.4472837467;-1.3676772162;1.7800994270;0.7944130603;-0.0101989441;0.0098240378;0.6072127794;1620231220.5943660736;-0.0537277087;5.2450687853;1.4840884214;0.7068062002;0.0062635907;0.0071847714;-0.7073430156;1481;1620231220.611848761;1481
1620231220.6114010811;-1.4471256421;-1.3676938152;1.7814307067;0.7944032530;-0.0102255636;0.0095725312;0.6072291793;1620231220.6019721031;-0.0537331458;5.2450622397;1.4840904774;0.7068074418;0.0062586105;0.0071792800;-0.7073418749;1481;1620231220.611848761;1481
1620231220.6187570095;-1.4470967836;-1.3676838936;1.7826715855;0.7942886206;-0.0102010291;0.0097146623;0.6073772728;1620231220.6114280224;-0.0537331847;5.2450557131;1.4840957746;0.7068049025;0.0062513257;0.0071738711;-0.7073445315;1482;1620231220.663791561;1482
1620231220.6358659267;-1.4468402198;-1.3676761327;1.7851795715;0.7943463167;-0.0105251372;0.0096923919;0.6072966394;1620231220.6187961102;-0.0537263776;5.2450553152;1.4840951777;0.7068057116;0.0062492935;0.0071706233;-0.7073437739;1482;1620231220.663791561;1482
1620231220.6437320709;-1.4466586764;-1.3676323675;1.7865350066;0.7943561982;-0.0105554004;0.0094319097;0.6072872903;1620231220.6359291077;-0.0537234736;5.2450560283;1.4840910283;0.7068051320;0.0062578883;0.0071781563;-0.7073442007;1482;1620231220.663791561;1482
1620231220.6521089077;-1.4465431285;-1.3677227010;1.7876049884;0.7944030486;-0.0110096329;0.0099223675;0.6072101209;1620231220.6437420845;-0.0537243538;5.2450611128;1.4840910463;0.7068061363;0.0062634049;0.0071827946;-0.7073431012;1483;1620231220.689762833;1483
1620231220.6605350971;-1.4463020353;-1.3676946911;1.7888724546;0.7945190519;-0.0114425231;0.0096483232;0.6070547378;1620231220.6521439552;-0.0537226101;5.2450520022;1.4840855645;0.7068060323;0.0062576466;0.0071741116;-0.7073433443;1483;1620231220.689762833;1483
1620231220.6773450375;-1.4459520054;-1.3677060171;1.7914663621;0.7948814052;-0.0118100878;0.0091282467;0.6065811970;1620231220.6605639458;-0.0537184142;5.2450601707;1.4840826998;0.7068064107;0.0062630979;0.0071812335;-0.7073428456;1483;1620231220.689762833;1483
1620231220.6854588985;-1.4459503272;-1.3675854972;1.7929026893;0.7948901659;-0.0111382089;0.0088154957;0.6065870519;1620231220.6773738861;-0.0537236285;5.2450621386;1.4840863619;0.7068040428;0.0062588983;0.0071805264;-0.7073452561;1483;1620231220.689762833;1483
1620231220.6941909790;-1.4458789570;-1.3678688411;1.7940836686;0.7946196653;-0.0120239424;0.0090656837;0.6069207739;1620231220.6854860783;-0.0537486109;5.2450547437;1.4840909992;0.7068048899;0.0062542760;0.0071821855;-0.7073444336;1484;1620231220.715734241;1484
1620231220.7020940781;-1.4457436993;-1.3678597116;1.7953885644;0.7946326155;-0.0119429038;0.0089645167;0.6069069211;1620231220.6942019463;-0.0537452870;5.2450622719;1.4840916293;0.7068044581;0.0062601043;0.0071856337;-0.7073447786;1484;1620231220.715734241;1484
1620231220.7096869946;-1.4455341980;-1.3679137838;1.7964885934;0.7947405473;-0.0123547889;0.0090673438;0.6067558034;1620231220.7021219730;-0.0537240590;5.2450567825;1.4840947055;0.7068010671;0.0062533211;0.0071787042;-0.7073482973;1484;1620231220.715734241;1484
1620231220.7274479866;-1.4453884102;-1.3678151629;1.7991740747;0.7946009013;-0.0122790460;0.0087551748;0.6069447912;1620231220.7097160816;-0.0537446916;5.2450691662;1.4840960969;0.7068012757;0.0062610127;0.0071880138;-0.7073479264;1484;1620231220.715734241;1484
1620231220.7360000610;-1.4452075953;-1.3678131416;1.8003975151;0.7946165724;-0.0126726040;0.0086098964;0.6069182627;1620231220.7274770737;-0.0537251515;5.2450621839;1.4840869702;0.7068031966;0.0062581076;0.0071795947;-0.7073461181;1485;1620231220.767676873;1485
1620231220.7447550297;-1.4450736968;-1.3678030079;1.8016487200;0.7946850794;-0.0129718412;0.0084870269;0.6068239664;1620231220.7360210419;-0.0537364014;5.2450541947;1.4840870129;0.7068029081;0.0062482199;0.0071663986;-0.7073466276;1485;1620231220.767676873;1485
1620231220.7524878979;-1.4449999115;-1.3677810839;1.8029467428;0.7946152200;-0.0130882129;0.0084763476;0.6069130929;1620231220.7447850704;-0.0537361500;5.2450602141;1.4840896353;0.7068002794;0.0062489163;0.0071650281;-0.7073492620;1485;1620231220.767676873;1485
1620231220.7608990669;-1.4449557074;-1.3676483310;1.8041923988;0.7944006184;-0.0133924499;0.0079931636;0.6071938810;1620231220.7525150776;-0.0537106431;5.2450663746;1.4840794877;0.7068041348;0.0062597929;0.0071726221;-0.7073452365;1486;1620231220.793648297;1486
1620231220.7687759399;-1.4447325133;-1.3677438311;1.8054543555;0.7946795839;-0.0136224163;0.0079235839;0.6068245261;1620231220.7609260082;-0.0537104769;5.2450795910;1.4840806152;0.7068039691;0.0062623210;0.0071806158;-0.7073452985;1486;1620231220.793648297;1486
1620231220.7852900028;-1.4444341279;-1.3677360977;1.8080105917;0.7948181362;-0.0136800348;0.0074929607;0.6066472142;1620231220.7688040733;-0.0537132197;5.2450928308;1.4840802878;0.7068052580;0.0062705121;0.0071943991;-0.7073437980;1486;1620231220.793648297;1486
1620231220.7930960655;-1.4443228311;-1.3676926091;1.8093290601;0.7948713754;-0.0136294636;0.0070567094;0.6065838253;1620231220.7853178978;-0.0537149188;5.2451042732;1.4840767159;0.7068081398;0.0062835549;0.0072090552;-0.7073406534;1486;1620231220.793648297;1486
1620231220.8019490242;-1.4441997715;-1.3677099781;1.8106144866;0.7949176020;-0.0136000090;0.0070247416;0.6065242772;1620231220.7931079865;-0.0537095265;5.2451115605;1.4840770136;0.7068062361;0.0062877069;0.0072097511;-0.7073425117;1487;1620231220.845591073;1487
1620231220.8099770546;-1.4440912608;-1.3676854112;1.8118804371;0.7948817929;-0.0137342839;0.0067142402;0.6065716971;1620231220.8019769192;-0.0537222230;5.2451022819;1.4840763240;0.7068063927;0.0062813258;0.0072094052;-0.7073424154;1487;1620231220.845591073;1487
1620231220.8269720078;-1.4438924701;-1.3676002225;1.8144055526;0.7949303737;-0.0140679264;0.0065190343;0.6065025117;1620231220.8099889755;-0.0537198181;5.2450990101;1.4840724303;0.7068073615;0.0062838181;0.0072048387;-0.7073414718;1487;1620231220.845591073;1487
1620231220.8347880840;-1.4437880456;-1.3675982319;1.8156434475;0.7949204346;-0.0142953371;0.0065169438;0.6065102434;1620231220.8269999027;-0.0537511014;5.2450906560;1.4840821965;0.7068073113;0.0062738502;0.0071982886;-0.7073416771;1487;1620231220.845591073;1487
1620231220.8442089558;-1.4437042634;-1.3675805236;1.8169366947;0.7949316319;-0.0142811053;0.0065245052;0.6064958215;1620231220.8348150253;-0.0537154083;5.2450850812;1.4840773807;0.7068046324;0.0062652560;0.0071910692;-0.7073445035;1488;1620231220.871562385;1488
1620231220.8517799377;-1.4436523805;-1.3675377997;1.8182454079;0.7949956598;-0.0142627415;0.0064154127;0.6064134873;1620231220.8442358971;-0.0537372109;5.2450844226;1.4840807499;0.7068045447;0.0062657959;0.0071932881;-0.7073445639;1488;1620231220.871562385;1488
1620231220.8604979515;-1.4434999361;-1.3675134323;1.8195368024;0.7949734951;-0.0144662909;0.0060097418;0.6064418780;1620231220.8518071175;-0.0537146626;5.2450759738;1.4840797662;0.7068039526;0.0062591982;0.0071830750;-0.7073453177;1488;1620231220.871562385;1488
1620231220.8686358929;-1.4434083705;-1.3674899649;1.8208364950;0.7950204968;-0.0144275314;0.0059326317;0.6063819423;1620231220.8605260849;-0.0537495442;5.2450867683;1.4840810413;0.7068068005;0.0062724343;0.0071991736;-0.7073421911;1488;1620231220.871562385;1488
1620231220.8772521019;-1.4433897235;-1.3674480002;1.8221895268;0.7949809975;-0.0142972905;0.0057715666;0.6064383647;1620231220.8686640263;-0.0537214809;5.2450744760;1.4840746370;0.7068037433;0.0062646012;0.0071853894;-0.7073454555;1489;1620231220.923505033;1489
1620231220.8946800232;-1.4432082978;-1.3673494862;1.8248692628;0.7950461433;-0.0141613222;0.0057061701;0.6063567651;1620231220.8772630692;-0.0537533041;5.2450789902;1.4840785656;0.7068053456;0.0062668738;0.0071945376;-0.7073437413;1489;1620231220.923505033;1489
1620231220.9018640518;-1.4431595013;-1.3672484254;1.8262476322;0.7951380619;-0.0138153122;0.0053359596;0.6062475792;1620231220.8947091103;-0.0537182241;5.2450780025;1.4840758575;0.7068033803;0.0062652354;0.0071861358;-0.7073458050;1489;1620231220.923505033;1489
1620231220.9106569290;-1.4431106349;-1.3671481471;1.8276392709;0.7950335763;-0.0137157981;0.0048980288;0.6063905497;1620231220.9018929005;-0.0537231785;5.2450723589;1.4840794793;0.7068057947;0.0062628112;0.0071792869;-0.7073434835;1490;1620231220.949476457;1490
1620231220.9265310764;-1.4429284674;-1.3670657390;1.8302654791;0.7951544631;-0.0136487503;0.0047539668;0.6062346832;1620231220.9106910229;-0.0537310279;5.2450719935;1.4840850875;0.7068083880;0.0062656027;0.0071810090;-0.7073408499;1490;1620231220.949476457;1490
1620231220.9348731041;-1.4429284424;-1.3670435604;1.8315980154;0.7950397616;-0.0133634422;0.0050327280;0.6063892046;1620231220.9265599251;-0.0537273614;5.2450632193;1.4840901708;0.7068052394;0.0062488707;0.0071692009;-0.7073442639;1490;1620231220.949476457;1490
1620231220.9443941116;-1.4428609512;-1.3670017248;1.8329286224;0.7950342954;-0.0133184189;0.0049707722;0.6063978729;1620231220.9349141121;-0.0537405130;5.2450709555;1.4840883283;0.7068084547;0.0062619243;0.0071850713;-0.7073407746;1490;1620231220.949476457;1490
1620231220.9515089989;-1.4428189684;-1.3669572420;1.8342789621;0.7950395925;-0.0130894690;0.0050691799;0.6063950986;1620231220.9444050789;-0.0537371941;5.2450714163;1.4840906643;0.7068059436;0.0062539012;0.0071794731;-0.7073434117;1491;1620231220.975447761;1491
1620231220.9596440792;-1.4428117128;-1.3669191404;1.8356489593;0.7950508582;-0.0128242806;0.0051402501;0.6063853961;1620231220.9515490532;-0.0537378817;5.2450663820;1.4840891767;0.7068048095;0.0062522186;0.0071762092;-0.7073445929;1491;1620231220.975447761;1491
1620231220.9756529331;-1.4427143074;-1.3668465722;1.8383705005;0.7950482463;-0.0123621249;0.0053152855;0.6063969094;1620231220.9596550465;-0.0537346056;5.2450684127;1.4840884830;0.7068044468;0.0062508245;0.0071751012;-0.7073449788;1491;1620231220.975447761;1491
1620231220.9842898846;-1.4427170311;-1.3668077150;1.8397459403;0.7949793445;-0.0123151282;0.0052226867;0.6064889965;1620231220.9756660461;-0.0537293610;5.2450848824;1.4840825058;0.7068056767;0.0062727979;0.0071915855;-0.7073433880;1491;1620231220.975447761;1491
1620231220.9928998947;-1.4426620099;-1.3668172694;1.8411516526;0.7950932576;-0.0118369866;0.0054141898;0.6063474944;1620231220.9843010902;-0.0537359912;5.2450748202;1.4840858196;0.7068058529;0.0062591856;0.0071842688;-0.7073434069;1492;1620231221.027390513;1492
1620231221.0093290806;-1.4426904933;-1.3667376018;1.8439470251;0.7950637838;-0.0116585867;0.0053205772;0.6063904258;1620231220.9929389954;-0.0537295801;5.2450727317;1.4840896656;0.7068071565;0.0062583001;0.0071790421;-0.7073421651;1492;1620231221.027390513;1492
1620231221.0256071091;-1.4426344907;-1.3666733220;1.8466997076;0.7950830446;-0.0115171190;0.0054117396;0.6063670681;1620231221.0093491077;-0.0537467457;5.2450743349;1.4840950140;0.7068083805;0.0062611193;0.0071809748;-0.7073408974;1493;1620231221.053361889;1493
1620231221.0344069004;-1.4424196996;-1.3666735628;1.8480456444;0.7954374601;-0.0112116792;0.0056676822;0.6059054569;1620231221.0256180763;-0.0537447275;5.2450781475;1.4840959435;0.7068040880;0.0062563151;0.0071794643;-0.7073452445;1493;1620231221.053361889;1493
1620231221.0423278809;-1.4426915831;-1.3666361218;1.8493975498;0.7949866538;-0.0111036650;0.0058744773;0.6064968421;1620231221.0344190598;-0.0537270598;5.2450640802;1.4840909729;0.7068038704;0.0062517496;0.0071717331;-0.7073455808;1493;1620231221.053361889;1493
1620231221.0505940914;-1.4425641603;-1.3666647202;1.8506721739;0.7950843128;-0.0112383339;0.0060690625;0.6063644134;1620231221.0423390865;-0.0537496896;5.2450828653;1.4840934752;0.7068054532;0.0062657916;0.0071891234;-0.7073436984;1493;1620231221.053361889;1493
1620231221.0591099262;-1.4425911548;-1.3667316367;1.8518802751;0.7950804953;-0.0112479146;0.0066408802;0.6063632484;1620231221.0506050587;-0.0537392140;5.2450747611;1.4840913674;0.7068038630;0.0062617762;0.0071835285;-0.7073453798;1494;1620231221.105304505;1494
1620231221.0672919750;-1.4429097742;-1.3666477905;1.8534539233;0.7946508861;-0.0105739853;0.0066743725;0.6069378986;1620231221.0591359138;-0.0537281033;5.2450763329;1.4840879940;0.7068036434;0.0062595739;0.0071844457;-0.7073456094;1494;1620231221.105304505;1494
1620231221.0840570927;-1.4425412706;-1.3667573126;1.8562186867;0.7950719274;-0.0109815212;0.0064130989;0.6063818175;1620231221.0673029423;-0.0537241610;5.2450750882;1.4840884428;0.7068034128;0.0062612751;0.0071836127;-0.7073458333;1494;1620231221.105304505;1494
1620231221.0923929214;-1.4427130231;-1.3671995567;1.8573805844;0.7945926141;-0.0118514580;0.0072894922;0.6069835120;1620231221.0840680599;-0.0537231550;5.2450635714;1.4840932201;0.7068039735;0.0062471010;0.0071679551;-0.7073455571;1494;1620231221.105304505;1494
1620231221.1172769070;-1.4427802241;-1.3670802858;1.8616186828;0.7945070820;-0.0114785331;0.0075054762;0.6070999981;1620231221.0924139023;-0.0537359468;5.2450656672;1.4840949409;0.7068040652;0.0062539108;0.0071760614;-0.7073453231;1495;1620231221.131275873;1495
1620231221.1258161068;-1.4427087699;-1.3671269222;1.8630003375;0.7945063958;-0.0116492360;0.0078318726;0.6070935217;1620231221.1172869205;-0.0537137080;5.2450651548;1.4840831705;0.7068011527;0.0062518354;0.0071751337;-0.7073482612;1495;1620231221.131275873;1495
1620231221.1341290474;-1.4426234205;-1.3670506768;1.8644787351;0.7946900800;-0.0112022550;0.0078051928;0.6068618172;1620231221.1258420944;-0.0537120793;5.2450555065;1.4840840143;0.7068053074;0.0062489547;0.0071630793;-0.7073442573;1496;1620231221.157247313;1496
1620231221.1424269676;-1.4427529593;-1.3669894761;1.8658394015;0.7944600651;-0.0110579328;0.0080267792;0.6071626618;1620231221.1341540813;-0.0537066371;5.2450668377;1.4840802508;0.7068067228;0.0062596850;0.0071722630;-0.7073426550;1496;1620231221.157247313;1496
1620231221.1505579948;-1.4428436666;-1.3669128374;1.8672998961;0.7944912872;-0.0108676234;0.0082936889;0.6071216551;1620231221.1424500942;-0.0537077894;5.2450656251;1.4840792257;0.7068048643;0.0062565001;0.0071725510;-0.7073445374;1496;1620231221.157247313;1496
1620231221.1673378944;-1.4428413727;-1.3670092498;1.8700263202;0.7943951872;-0.0113616519;0.0086946309;0.6072327419;1620231221.1505780220;-0.0537098050;5.2450639806;1.4840799975;0.7068050771;0.0062582593;0.0071748966;-0.7073442853;1496;1620231221.157247313;1496
1620231221.1840629578;-1.4428208031;-1.3670362987;1.8729005514;0.7945751387;-0.0112717134;0.0089658914;0.6069949837;1620231221.1673491001;-0.0537143586;5.2450573045;1.4840775202;0.7068055126;0.0062493391;0.0071695548;-0.7073439832;1497;1620231221.209189913;1497
1620231221.1923170090;-1.4429585298;-1.3670211073;1.8742868065;0.7944717872;-0.0110423010;0.0092943543;0.6071295265;1620231221.1840751171;-0.0537154640;5.2450517676;1.4840807491;0.7068034114;0.0062467277;0.0071601553;-0.7073462011;1497;1620231221.209189913;1497
1620231221.2007288933;-1.4429409998;-1.3669778348;1.8757704659;0.7946008535;-0.0108682781;0.0093763886;0.6069624762;1620231221.1923279762;-0.0537152830;5.2450491443;1.4840813260;0.7068026163;0.0062429265;0.0071549990;-0.7073470813;1497;1620231221.209189913;1497
1620231221.2098860741;-1.4428632246;-1.3670428088;1.8771560601;0.7944913147;-0.0111185209;0.0093846071;0.6071011929;1620231221.2007389069;-0.0537215772;5.2450551082;1.4840783694;0.7068065507;0.0062612626;0.0071736601;-0.7073427988;1498;1620231221.235161345;1498
1620231221.2183990479;-1.4429026607;-1.3669095918;1.8786998419;0.7945914021;-0.0103785543;0.0096464240;0.6069791889;1620231221.2099130154;-0.0537243062;5.2450494378;1.4840877609;0.7068064870;0.0062498916;0.0071603048;-0.7073430984;1498;1620231221.235161345;1498
1620231221.2349309921;-1.4432309906;-1.3668667939;1.8814569032;0.7941090488;-0.0102015630;0.0103614140;0.6076013395;1620231221.2184278965;-0.0537222494;5.2450450461;1.4840868394;0.7068067270;0.0062429832;0.0071609545;-0.7073429129;1498;1620231221.235161345;1498
1620231221.2443730831;-1.4431185565;-1.3669000307;1.8828639483;0.7942509166;-0.0103951198;0.0104355485;0.6074113287;1620231221.2349588871;-0.0537316851;5.2450459540;1.4840910177;0.7068086353;0.0062433150;0.0071661094;-0.7073409510;1499;1620231221.287104009;1499
1620231221.2518100739;-1.4432968704;-1.3667924824;1.8843514364;0.7940959675;-0.0101802356;0.0107155405;0.6076126517;1620231221.2444019318;-0.0537298766;5.2450449002;1.4840944636;0.7068081995;0.0062428077;0.0071658833;-0.7073413932;1499;1620231221.287104009;1499
1620231221.2600159645;-1.4432735719;-1.3668165461;1.8857460942;0.7939992285;-0.0104636511;0.0106076162;0.6077361398;1620231221.2518420219;-0.0537288390;5.2450485988;1.4840945669;0.7068058966;0.0062439619;0.0071682400;-0.7073436603;1499;1620231221.287104009;1499
1620231221.2690510750;-1.4432060101;-1.3668341692;1.8871657327;0.7940775845;-0.0105424251;0.0105512267;0.6076333752;1620231221.2600450516;-0.0537571995;5.2450564183;1.4840951830;0.7068089578;0.0062571492;0.0071788190;-0.7073403776;1499;1620231221.287104009;1499
1620231221.2861299515;-1.4433263458;-1.3668509699;1.8900594764;0.7939568009;-0.0105473743;0.0107419435;0.6077877606;1620231221.2690610886;-0.0537245765;5.2450577081;1.4840916722;0.7068072366;0.0062582506;0.0071765261;-0.7073421111;1500;1620231221.313075369;1500
1620231221.2951660156;-1.4431285088;-1.3659805530;1.8922269547;0.7948972147;-0.0075881420;0.0098684710;0.6066163957;1620231221.2861590385;-0.0537338582;5.2450565171;1.4840864791;0.7068075102;0.0062557274;0.0071760205;-0.7073418651;1500;1620231221.313075369;1500
1620231221.3022179604;-1.4431571987;-1.3659964057;1.8936130732;0.7947314759;-0.0080885870;0.0096513984;0.6068305418;1620231221.2951929569;-0.0537249098;5.2450627794;1.4840874962;0.7068075502;0.0062608941;0.0071784541;-0.7073417547;1500;1620231221.313075369;1500
1620231221.3103790283;-1.4429862724;-1.3660625490;1.8949205367;0.7945948879;-0.0089332251;0.0091431316;0.6070054075;1620231221.3022460938;-0.0537332971;5.2450637224;1.4840856691;0.7068074304;0.0062603922;0.0071820280;-0.7073418426;1500;1620231221.313075369;1500
1620231221.3192501068;-1.4428999719;-1.3660972912;1.8962743871;0.7945123694;-0.0095670046;0.0087983429;0.6071088506;1620231221.3104081154;-0.0537271943;5.2450706197;1.4840894429;0.7068061290;0.0062660198;0.0071870643;-0.7073430420;1501;1620231221.339046681;1501
1620231221.3356430531;-1.4431240776;-1.3660869780;1.8993014877;0.7943471202;-0.0088583332;0.0098513921;0.6073196298;1620231221.3192780018;-0.0537279005;5.2450752227;1.4840903645;0.7068060567;0.0062660563;0.0071895614;-0.7073430886;1501;1620231221.339046681;1501
1620231221.3437330723;-1.4431406895;-1.3660965409;1.9007276396;0.7943303599;-0.0089521225;0.0099658871;0.6073383076;1620231221.3356690407;-0.0537404340;5.2450710199;1.4840910843;0.7068040253;0.0062609525;0.0071833114;-0.7073452271;1501;1620231221.339046681;1501
1620231221.3515698910;-1.4431048601;-1.3661021088;1.9021746337;0.7943587801;-0.0090730042;0.0098767037;0.6073007985;1620231221.3437709808;-0.0537223732;5.2450755164;1.4840864191;0.7068048538;0.0062681431;0.0071891121;-0.7073442767;1502;1620231221.390989473;1502
1620231221.3596580029;-1.4430577633;-1.3661143586;1.9036483231;0.7944461517;-0.0090816958;0.0099605661;0.6071849982;1620231221.3516008854;-0.0537266856;5.2450611810;1.4840839740;0.7068067681;0.0062551315;0.0071757327;-0.7073426149;1502;1620231221.390989473;1502
1620231221.3762230873;-1.4430602853;-1.3660978126;1.9066112949;0.7944703873;-0.0090955518;0.0099116672;0.6071538796;1620231221.3596739769;-0.0537205776;5.2450668035;1.4840819628;0.7068079173;0.0062661537;0.0071803988;-0.7073413216;1502;1620231221.390989473;1502
1620231221.3843050003;-1.4429269842;-1.3661599016;1.9080862977;0.7945717471;-0.0091489859;0.0098492729;0.6070214383;1620231221.3762409687;-0.0537237929;5.2450691602;1.4840800645;0.7068068650;0.0062632750;0.0071833984;-0.7073423681;1502;1620231221.390989473;1502
1620231221.3928380013;-1.4426996048;-1.3662231262;1.9095781115;0.7947870491;-0.0094429962;0.0095611886;0.6067396147;1620231221.3843309879;-0.0537209312;5.2450709635;1.4840820360;0.7068078964;0.0062652602;0.0071840894;-0.7073413129;1503;1620231221.416960857;1503
1620231221.4012989998;-1.4428680980;-1.3661551398;1.9110307615;0.7945404179;-0.0091255392;0.0097605183;0.6070642314;1620231221.3928549290;-0.0537263183;5.2450789020;1.4840802929;0.7068085619;0.0062739274;0.0071904411;-0.7073405066;1503;1620231221.416960857;1503
1620231221.4094800949;-1.4427215205;-1.3661858211;1.9124990175;0.7946652775;-0.0092527468;0.0097033705;0.6068997677;1620231221.4013240337;-0.0537250397;5.2450740523;1.4840822093;0.7068078264;0.0062642430;0.0071847654;-0.7073413850;1503;1620231221.416960857;1503
1620231221.4177839756;-1.4425670700;-1.3661958027;1.9139632046;0.7947117929;-0.0098510200;0.0094166842;0.6068339557;1620231221.4094970226;-0.0537199238;5.2450892303;1.4840802657;0.7068083394;0.0062784829;0.0071983433;-0.7073406081;1504;1620231221.468903457;1504
1620231221.4344410896;-1.4425597591;-1.3661655785;1.9168157387;0.7947786758;-0.0099182065;0.0098199427;0.6067388683;1620231221.4177989960;-0.0537459169;5.2450830888;1.4840822868;0.7068096695;0.0062719746;0.0071892462;-0.7073394293;1504;1620231221.468903457;1504
1620231221.4429988861;-1.4422307513;-1.3663056211;1.9181392907;0.7952719656;-0.0105185573;0.0099427011;0.6060800305;1620231221.4344570637;-0.0537230336;5.2450940163;1.4840806189;0.7068081315;0.0062785347;0.0071962249;-0.7073408369;1504;1620231221.468903457;1504
1620231221.4511489868;-1.4421895023;-1.3662617087;1.9196323334;0.7954424601;-0.0104308671;0.0101286900;0.6058546850;1620231221.4430150986;-0.0537243853;5.2450881016;1.4840804669;0.7068084394;0.0062744129;0.0071933985;-0.7073405946;1504;1620231221.468903457;1504
1620231221.4596540928;-1.4421788847;-1.3662542196;1.9210836745;0.7950551391;-0.0111478847;0.0096648841;0.6063576837;1620231221.4511640072;-0.0537226569;5.2450894966;1.4840806582;0.7068088755;0.0062756177;0.0071912416;-0.7073401701;1505;1620231221.494874889;1505
1620231221.4763059616;-1.4423632092;-1.3661498831;1.9240136474;0.7947906204;-0.0111943159;0.0093619704;0.6067082582;1620231221.4596691132;-0.0537195661;5.2450832268;1.4840827621;0.7068071308;0.0062689443;0.0071879053;-0.7073420065;1505;1620231221.494874889;1505
1620231221.4845709801;-1.4422614953;-1.3661926965;1.9254433920;0.7948520725;-0.0115217853;0.0090351584;0.6066265715;1620231221.4763228893;-0.0537147680;5.2450762296;1.4840833761;0.7068057746;0.0062626493;0.0071817090;-0.7073434804;1505;1620231221.494874889;1505
1620231221.4927299023;-1.4418888661;-1.3663073011;1.9269244779;0.7953478977;-0.0118979865;0.0086856486;0.6059741900;1620231221.4845850468;-0.0537258483;5.2450836507;1.4840842349;0.7068046645;0.0062679760;0.0071882390;-0.7073444761;1505;1620231221.494874889;1505
1620231221.5012149811;-1.4419139322;-1.3662829067;1.9283647329;0.7952435461;-0.0119953660;0.0085475386;0.6061111722;1620231221.4927470684;-0.0537164402;5.2450899083;1.4840790430;0.7068067463;0.0062815591;0.0071983430;-0.7073421727;1506;1620231221.520846233;1506
1620231221.5097351074;-1.4420470886;-1.3661665117;1.9298663615;0.7950029482;-0.0118549893;0.0084281026;0.6064311492;1620231221.5012319088;-0.0537113267;5.2450836093;1.4840790623;0.7068033857;0.0062738002;0.0071873841;-0.7073457110;1506;1620231221.520846233;1506
1620231221.5176870823;-1.4416863551;-1.3662583315;1.9312853251;0.7953167519;-0.0125301779;0.0081046596;0.6060103739;1620231221.5097520351;-0.0537124491;5.2450831445;1.4840804586;0.7068043559;0.0062723137;0.0071841783;-0.7073447873;1506;1620231221.520846233;1506
1620231221.5348789692;-1.4417027739;-1.3661862655;1.9341615563;0.7953377085;-0.0128442982;0.0080517979;0.6059769979;1620231221.5177021027;-0.0537097127;5.2450815542;1.4840860297;0.7068015507;0.0062636374;0.0071802325;-0.7073477073;1507;1620231221.572788865;1507
1620231221.5432610512;-1.4415146797;-1.3662130903;1.9355535130;0.7955232451;-0.0131744975;0.0079769513;0.6057273044;1620231221.5348958969;-0.0537136627;5.2450856425;1.4840879439;0.7068007491;0.0062669338;0.0071841561;-0.7073484392;1507;1620231221.572788865;1507
1620231221.5601530075;-1.4416278185;-1.3661230338;1.9385032838;0.7955348344;-0.0132366091;0.0076789798;0.6057145802;1620231221.5432789326;-0.0537117916;5.2450849347;1.4840904687;0.7068015700;0.0062680496;0.0071867094;-0.7073475831;1507;1620231221.572788865;1507
1620231221.5687680244;-1.4414196135;-1.3661605496;1.9400018040;0.7957858369;-0.0139133297;0.0069758056;0.6053781126;1620231221.5601639748;-0.0537156337;5.2450739466;1.4840909869;0.7068009936;0.0062567659;0.0071763724;-0.7073483639;1508;1620231221.598760233;1508
1620231221.5848109722;-1.4414659162;-1.3660490745;1.9430601545;0.7955293401;-0.0143053973;0.0059586670;0.6057168637;1620231221.5687789917;-0.0537357612;5.2450866157;1.4840942331;0.7068024505;0.0062717973;0.0071868535;-0.7073466687;1508;1620231221.598760233;1508
1620231221.5929260254;-1.4413733478;-1.3661060524;1.9444748269;0.7958712051;-0.0142708399;0.0061620617;0.6052663852;1620231221.5848269463;-0.0537436500;5.2450755236;1.4840915310;0.7068050165;0.0062621935;0.0071838175;-0.7073442205;1508;1620231221.598760233;1508
1620231221.6017470360;-1.4414741446;-1.3660420174;1.9459461867;0.7957574065;-0.0138947711;0.0062308747;0.6054240345;1620231221.5929419994;-0.0537443007;5.2450805862;1.4840946630;0.7068015396;0.0062623505;0.0071858799;-0.7073476725;1508;1620231221.598760233;1508
1620231221.6097190380;-1.4415014426;-1.3659730542;1.9475024546;0.7954332893;-0.0144941255;0.0056084184;0.6058418508;1620231221.6017620564;-0.0537386796;5.2450766149;1.4840935611;0.7068016541;0.0062563149;0.0071814477;-0.7073476564;1509;1620231221.650702977;1509
1620231221.6181170940;-1.4407769224;-1.3661164498;1.9489765124;0.7967980242;-0.0143546635;0.0059030420;0.6040463611;1620231221.6097369194;-0.0537138295;5.2450783626;1.4840941205;0.7067988783;0.0062606177;0.0071827811;-0.7073503785;1509;1620231221.650702977;1509
1620231221.6347639561;-1.4409642969;-1.3659680684;1.9519995916;0.7963694531;-0.0141281946;0.0058384901;0.6046172346;1620231221.6181330681;-0.0537490766;5.2450773242;1.4840942166;0.7068040855;0.0062631541;0.0071875540;-0.7073451044;1509;1620231221.650702977;1509
1620231221.6433260441;-1.4408602607;-1.3659369258;1.9535236631;0.7964556315;-0.0144473808;0.0054314676;0.6044999582;1620231221.6347799301;-0.0537431207;5.2450794946;1.4840909845;0.7068042584;0.0062665924;0.0071915280;-0.7073448608;1510;1620231221.676674361;1510
1620231221.6512598991;-1.4410170042;-1.3658781113;1.9550765487;0.7961704933;-0.0142217225;0.0053409835;0.6048816100;1620231221.6433389187;-0.0537491735;5.2450747401;1.4840923182;0.7068037708;0.0062623403;0.0071865427;-0.7073454363;1510;1620231221.676674361;1510
1620231221.6597709656;-1.4411700715;-1.3658281839;1.9565979163;0.7959455913;-0.0141014746;0.0052019388;0.6051815463;1620231221.6512739658;-0.0537417816;5.2450734519;1.4840905888;0.7068047330;0.0062639223;0.0071837775;-0.7073444889;1510;1620231221.676674361;1510
1620231221.6762719154;-1.4411370699;-1.3657669657;1.9597602718;0.7961783365;-0.0134691416;0.0051419644;0.6048902371;1620231221.6597878933;-0.0537424953;5.2450683031;1.4840917958;0.7068060951;0.0062617117;0.0071828908;-0.7073431564;1510;1620231221.676674361;1510
1620231221.6845939159;-1.4413095880;-1.3657183064;1.9612740098;0.7957763619;-0.0135184696;0.0049675929;0.6054193223;1620231221.6762900352;-0.0537413429;5.2450624775;1.4840949367;0.7068047323;0.0062513177;0.0071757582;-0.7073446825;1511;1620231221.702645721;1511
1620231221.6930270195;-1.4413607578;-1.3656758375;1.9628236879;0.7958066394;-0.0133282963;0.0049349574;0.6053840065;1620231221.6846110821;-0.0537460623;5.2450639681;1.4840932690;0.7068060330;0.0062577844;0.0071793813;-0.7073432889;1511;1620231221.702645721;1511
1620231221.7013208866;-1.4414269793;-1.3656259226;1.9643665945;0.7957466075;-0.0128780157;0.0051410061;0.6054709434;1620231221.6930429935;-0.0537176805;5.2450650320;1.4840909271;0.7068039323;0.0062596247;0.0071791220;-0.7073453744;1511;1620231221.702645721;1511
1620231221.7101790905;-1.4414537849;-1.3655575788;1.9658934386;0.7955832394;-0.0130994156;0.0049637018;0.6056823228;1620231221.7013330460;-0.0537312103;5.2450656059;1.4840934690;0.7068040881;0.0062608913;0.0071795814;-0.7073452028;1511;1620231221.702645721;1511
1620231221.7270400524;-1.4414337201;-1.3655156543;1.9689945627;0.7957634015;-0.0127662096;0.0049938392;0.6054524707;1620231221.7101960182;-0.0537146618;5.2450598842;1.4840870887;0.7068062557;0.0062559717;0.0071760488;-0.7073431162;1512;1620231221.754588457;1512
1620231221.7345941067;-1.4416542293;-1.3654049572;1.9705802393;0.7955664745;-0.0122555467;0.0052648260;0.6057194630;1620231221.7270569801;-0.0537422055;5.2450658520;1.4840940187;0.7068054347;0.0062607525;0.0071800601;-0.7073438536;1512;1620231221.754588457;1512
1620231221.7428400517;-1.4418951894;-1.3653183460;1.9721033591;0.7951480959;-0.0118526667;0.0055570026;0.6062739807;1620231221.7346100807;-0.0537461801;5.2450642878;1.4840948756;0.7068041932;0.0062561378;0.0071797751;-0.7073451378;1512;1620231221.754588457;1512
1620231221.7515130043;-1.4418339736;-1.3653131066;1.9736630317;0.7953307460;-0.0117281107;0.0056775315;0.6060356602;1620231221.7428569794;-0.0537256174;5.2450580823;1.4840915963;0.7068047834;0.0062556810;0.0071787696;-0.7073445624;1513;1620231221.780559697;1513
1620231221.7599170208;-1.4421349153;-1.3651878485;1.9752544002;0.7950323141;-0.0111348494;0.0061139965;0.6064340473;1620231221.7515299320;-0.0537268054;5.2450606554;1.4840914256;0.7068070634;0.0062569216;0.0071774928;-0.7073422861;1513;1620231221.780559697;1513
1620231221.7769279480;-1.4420808703;-1.3651692674;1.9783867541;0.7951756410;-0.0112653055;0.0060337046;0.6062444946;1620231221.7599339485;-0.0537473128;5.2450601866;1.4840973792;0.7068070460;0.0062571376;0.0071784588;-0.7073422917;1513;1620231221.780559697;1513
1620231221.7849669456;-1.4422384589;-1.3651109519;1.9799798343;0.7950144832;-0.0109451598;0.0062074909;0.6064599261;1620231221.7769451141;-0.0537380905;5.2450608927;1.4840911113;0.7068058048;0.0062589855;0.0071795189;-0.7073435049;1513;1620231221.780559697;1513
1620231221.7927970886;-1.4421649975;-1.3651102623;1.9815653027;0.7951995027;-0.0108135445;0.0062578865;0.6062191493;1620231221.7849800587;-0.0537458159;5.2450623010;1.4840835357;0.7068097137;0.0062620363;0.0071799872;-0.7073395672;1514;1620231221.832502401;1514
1620231221.8013319969;-1.4423579503;-1.3650401999;1.9831782266;0.7949620958;-0.0105044006;0.0063059952;0.6065353726;1620231221.7928240299;-0.0537503352;5.2450614581;1.4840858641;0.7068105792;0.0062647675;0.0071829078;-0.7073386485;1514;1620231221.832502401;1514
1620231221.8099040985;-1.4424031878;-1.3650095093;1.9847659866;0.7949864975;-0.0100828758;0.0066003170;0.6065074116;1620231221.8013479710;-0.0537232746;5.2450612032;1.4840833731;0.7068078077;0.0062611421;0.0071800061;-0.7073414795;1514;1620231221.832502401;1514
1620231221.8269710541;-1.4422351962;-1.3649697872;1.9879045493;0.7953820831;-0.0095286893;0.0071948215;0.6059907429;1620231221.8099429607;-0.0537453592;5.2450615861;1.4840899089;0.7068077376;0.0062585502;0.0071818892;-0.7073415534;1515;1620231221.858473785;1515
1620231221.8349559307;-1.4426380853;-1.3649043129;1.9894307847;0.7948484507;-0.0093121720;0.0076253915;0.6066886164;1620231221.8269999027;-0.0537497285;5.2450614877;1.4840909403;0.7068119020;0.0062613295;0.0071854735;-0.7073373310;1515;1620231221.858473785;1515
1620231221.8434739113;-1.4426488709;-1.3648809622;1.9909507463;0.7948904908;-0.0092722295;0.0079449020;0.6066300454;1620231221.8349690437;-0.0537216515;5.2450486954;1.4840885913;0.7068123215;0.0062499166;0.0071701891;-0.7073371679;1515;1620231221.858473785;1515
1620231221.8514959812;-1.4426610714;-1.3648356842;1.9925051987;0.7949478274;-0.0092135523;0.0082538039;0.6065516770;1620231221.8434898853;-0.0537250707;5.2450557255;1.4840923504;0.7068115305;0.0062540067;0.0071801548;-0.7073378211;1515;1620231221.858473785;1515
1620231221.8600540161;-1.4427231626;-1.3648185119;1.9940366953;0.7949063267;-0.0094174712;0.0083461463;0.6066016691;1620231221.8515090942;-0.0537289589;5.2450609529;1.4840868799;0.7068121332;0.0062623917;0.0071873744;-0.7073370713;1516;1620231221.884445129;1516
1620231221.8678441048;-1.4428979756;-1.3647594756;1.9956093381;0.7948751180;-0.0091900828;0.0086378197;0.6066419679;1620231221.8600709438;-0.0537236268;5.2450550601;1.4840878927;0.7068109575;0.0062559992;0.0071773007;-0.7073384050;1516;1620231221.884445129;1516
1620231221.8846139908;-1.4429247161;-1.3647578973;1.9986800629;0.7948200345;-0.0095615018;0.0084062642;0.6067116492;1620231221.8678550720;-0.0537243688;5.2450556942;1.4840854220;0.7068120205;0.0062599145;0.0071808002;-0.7073372726;1516;1620231221.884445129;1516
1620231221.8930449486;-1.4433438173;-1.3647050296;2.0002577782;0.7942848927;-0.0092748362;0.0086335940;0.6074133252;1620231221.8846249580;-0.0537264120;5.2450523175;1.4840894365;0.7068139827;0.0062537736;0.0071789172;-0.7073353853;1516;1620231221.884445129;1516
1620231221.9010539055;-1.4433506108;-1.3646964534;2.0017969089;0.7944544693;-0.0089714145;0.0089839427;0.6071909903;1620231221.8930571079;-0.0537321748;5.2450644735;1.4840887930;0.7068150262;0.0062665181;0.0071924721;-0.7073340921;1517;1620231221.936387849;1517
1620231221.9098670483;-1.4434099263;-1.3646715643;2.0033154005;0.7943310361;-0.0093048893;0.0087477433;0.6073508880;1620231221.9010651112;-0.0537261496;5.2450560378;1.4840934201;0.7068107115;0.0062524114;0.0071771342;-0.7073386842;1517;1620231221.936387849;1517
1620231221.9180269241;-1.4435447198;-1.3646371124;2.0048150246;0.7941932914;-0.0093408296;0.0089409518;0.6075276325;1620231221.9098780155;-0.0537271122;5.2450569733;1.4840921117;0.7068102002;0.0062556908;0.0071843523;-0.7073390928;1517;1620231221.936387849;1517
1620231221.9347839355;-1.4435731253;-1.3645772954;2.0078566278;0.7943530722;-0.0095843261;0.0092355166;0.6073104993;1620231221.9180378914;-0.0537262588;5.2450666531;1.4840849491;0.7068129530;0.0062708531;0.0071929768;-0.7073361202;1518;1620231221.962359169;1518
1620231221.9431500435;-1.4435972549;-1.3645912111;2.0093094923;0.7943716592;-0.0101470745;0.0091041071;0.6072790291;1620231221.9347949028;-0.0537270185;5.2450587573;1.4840843182;0.7068096607;0.0062611873;0.0071837769;-0.7073395892;1518;1620231221.962359169;1518
1620231221.9511721134;-1.4436435304;-1.3645820027;2.0108327472;0.7944800803;-0.0103405421;0.0090757709;0.6071343390;1620231221.9431619644;-0.0537344871;5.2450586164;1.4840831088;0.7068149794;0.0062598267;0.0071882562;-0.7073342409;1518;1620231221.962359169;1518
1620231221.9597439766;-1.4435227957;-1.3645665965;2.0124082297;0.7948111628;-0.0103918325;0.0089840973;0.6067013362;1620231221.9511818886;-0.0537291276;5.2450569047;1.4840862793;0.7068100569;0.0062574211;0.0071845411;-0.7073392189;1518;1620231221.962359169;1518
1620231221.9678049088;-1.4436833584;-1.3645884810;2.0138714305;0.7946178207;-0.0109707559;0.0086771996;0.6069488180;1620231221.9597549438;-0.0537301635;5.2450551703;1.4840847714;0.7068103197;0.0062567041;0.0071827116;-0.7073389812;1519;1620231222.014301969;1519
1620231221.9849150181;-1.4431211588;-1.3645553307;2.0169936287;0.7957753582;-0.0108437563;0.0085799574;0.6054340398;1620231221.9678149223;-0.0537289070;5.2450587424;1.4840899108;0.7068085660;0.0062535932;0.0071827623;-0.7073407606;1519;1620231222.014301969;1519
1620231221.9930980206;-1.4432027543;-1.3645696392;2.0184849325;0.7956565335;-0.0111354092;0.0084751095;0.6055863736;1620231221.9849250317;-0.0537336574;5.2450670378;1.4840901303;0.7068101718;0.0062611409;0.0071904928;-0.7073390106;1519;1620231222.014301969;1519
1620231222.0013990402;-1.4432590514;-1.3645209662;2.0200018862;0.7956352611;-0.0115104188;0.0082605374;0.6056102749;1620231221.9931099415;-0.0537194229;5.2450599299;1.4840882869;0.7068077173;0.0062537514;0.0071814727;-0.7073416203;1519;1620231222.014301969;1519
1620231222.0096790791;-1.4434104249;-1.3644893760;2.0214407974;0.7954716889;-0.0119861143;0.0081947662;0.6058167801;1620231222.0014090538;-0.0537241207;5.2450578056;1.4840859353;0.7068090588;0.0062578396;0.0071812200;-0.7073402462;1520;1620231222.040273257;1520
1620231222.0264670849;-1.4433436008;-1.3644509902;2.0244473955;0.7958175842;-0.0120494449;0.0084655421;0.6053573475;1620231222.0096900463;-0.0537248358;5.2450631964;1.4840877972;0.7068073712;0.0062634582;0.0071879411;-0.7073418145;1520;1620231222.040273257;1520
1620231222.0343699455;-1.4435118712;-1.3643927557;2.0259256808;0.7954809771;-0.0125938814;0.0081114376;0.6057933755;1620231222.0264780521;-0.0537407939;5.2450661897;1.4840896146;0.7068071875;0.0062631243;0.0071848345;-0.7073420326;1520;1620231222.040273257;1520
1620231222.0429670811;-1.4433785801;-1.3643913189;2.0274584051;0.7958175373;-0.0126704621;0.0081445872;0.6053491327;1620231222.0343799591;-0.0537193007;5.2450653722;1.4840839047;0.7068055649;0.0062593234;0.0071852398;-0.7073436835;1521;1620231222.066244713;1521
1620231222.0511109829;-1.4427075833;-1.3644730386;2.0289556221;0.7968018451;-0.0133728544;0.0075800654;0.6040451382;1620231222.0429780483;-0.0537218823;5.2450630890;1.4840855881;0.7068061711;0.0062558547;0.0071819188;-0.7073431422;1521;1620231222.066244713;1521
1620231222.0600490570;-1.4435964502;-1.3642873724;2.0305835693;0.7956610290;-0.0128581867;0.0076575866;0.6055572272;1620231222.0511219501;-0.0537241775;5.2450592391;1.4840834808;0.7068093367;0.0062577544;0.0071816478;-0.7073399650;1521;1620231222.066244713;1521
1620231222.0681190491;-1.4434952151;-1.3643142611;2.0321648430;0.7958664114;-0.0129683139;0.0073974577;0.6052881591;1620231222.0600709915;-0.0537203300;5.2450687558;1.4840852972;0.7068057932;0.0062611297;0.0071843146;-0.7073434488;1521;1620231222.066244713;1521
1620231222.0857079029;-1.4443173634;-1.3642411051;2.0354812450;0.7944743268;-0.0126175242;0.0057896964;0.6071390463;1620231222.0681300163;-0.0537205105;5.2450644425;1.4840868441;0.7068062530;0.0062588667;0.0071834511;-0.7073430182;1522;1620231222.118187345;1522
1620231222.0933940411;-1.4440750126;-1.3642959220;2.0370089089;0.7947344115;-0.0129177895;0.0053689479;0.6067961110;1620231222.0857210159;-0.0537183978;5.2450623362;1.4840893719;0.7068054694;0.0062528389;0.0071745799;-0.7073439445;1522;1620231222.118187345;1522
1620231222.1021940708;-1.4438625615;-1.3643316282;2.0386016368;0.7950915722;-0.0131371492;0.0048227760;0.6063279211;1620231222.0934190750;-0.0537196119;5.2450676060;1.4840904297;0.7068061256;0.0062572806;0.0071804686;-0.7073431898;1522;1620231222.118187345;1522
1620231222.1104950905;-1.4438529375;-1.3642931146;2.0402025328;0.7953183058;-0.0129593703;0.0047147008;0.6060351630;1620231222.1022069454;-0.0537242716;5.2450760300;1.4840905657;0.7068063747;0.0062630152;0.0071873941;-0.7073428198;1522;1620231222.118187345;1522
1620231222.1193211079;-1.4441996231;-1.3641630608;2.0417708399;0.7947254697;-0.0126786142;0.0046729947;0.6068186251;1620231222.1105198860;-0.0537429881;5.2450687456;1.4840942834;0.7068056885;0.0062565059;0.0071803032;-0.7073436351;1523;1620231222.144158649;1523
1620231222.1354990005;-1.4440759522;-1.3641870410;2.0448961185;0.7950336102;-0.0126959604;0.0045770166;0.6064152226;1620231222.1193449497;-0.0537152298;5.2450719043;1.4840955918;0.7068053446;0.0062608037;0.0071796785;-0.7073439470;1523;1620231222.144158649;1523
1620231222.1444060802;-1.4443617821;-1.3640296051;2.0464972828;0.7946015763;-0.0123178243;0.0046278606;0.6069886236;1620231222.1355140209;-0.0537153422;5.2450683261;1.4840965404;0.7068055042;0.0062594373;0.0071779728;-0.7073438170;1523;1620231222.144158649;1523
1620231222.1525080204;-1.4444054827;-1.3638998214;2.0479845266;0.7947925476;-0.0121917981;0.0056279105;0.6067326371;1620231222.1444320679;-0.0537140367;5.2450707077;1.4840955743;0.7068060288;0.0062597644;0.0071796351;-0.7073432730;1524;1620231222.196101409;1524
1620231222.1613669395;-1.4444962294;-1.3639372268;2.0496469222;0.7945119835;-0.0120699659;0.0047287318;0.6071100915;1620231222.1525299549;-0.0537189419;5.2450755102;1.4840975328;0.7068044145;0.0062637250;0.0071879061;-0.7073447670;1524;1620231222.196101409;1524
1620231222.1686959267;-1.4445926619;-1.3638637843;2.0512214328;0.7944195173;-0.0119595893;0.0046989217;0.6072334962;1620231222.1613900661;-0.0537224838;5.2450786711;1.4840988448;0.7068047854;0.0062614598;0.0071844931;-0.7073444512;1524;1620231222.196101409;1524
1620231222.1852169037;-1.4447156314;-1.3637749300;2.0544099574;0.7944036775;-0.0119624047;0.0045636619;0.6072551943;1620231222.1687219143;-0.0537129083;5.2450713456;1.4840970649;0.7068065058;0.0062588648;0.0071781226;-0.7073428197;1524;1620231222.196101409;1524
1620231222.1944949627;-1.4446805954;-1.3637455591;2.0559637455;0.7943765680;-0.0119211656;0.0044459511;0.6072923411;1620231222.1852529049;-0.0537186144;5.2450738498;1.4840946635;0.7068058777;0.0062640057;0.0071843373;-0.7073433387;1525;1620231222.222072809;1525
1620231222.2027549744;-1.4449887584;-1.3636706158;2.0575891713;0.7941084620;-0.0113731965;0.0048061842;0.6076506410;1620231222.1945190430;-0.0537200970;5.2450668494;1.4840968920;0.7068048613;0.0062537672;0.0071737287;-0.7073445526;1525;1620231222.222072809;1525
1620231222.2110838890;-1.4448708337;-1.3636881887;2.0591556595;0.7943259396;-0.0111666195;0.0050310135;0.6073683373;1620231222.2027809620;-0.0537221997;5.2450654344;1.4840939260;0.7068059478;0.0062537432;0.0071761778;-0.7073434423;1525;1620231222.222072809;1525
1620231222.2189080715;-1.4449859723;-1.3636332074;2.0608154410;0.7941404103;-0.0107623764;0.0049783633;0.6076186270;1620231222.2111079693;-0.0537149319;5.2450694987;1.4840880976;0.7068057136;0.0062513856;0.0071723033;-0.7073437365;1526;1620231222.248044145;1526
1620231222.2358651161;-1.4450027754;-1.3635518676;2.0639944376;0.7944322776;-0.0099959394;0.0056314171;0.6072443698;1620231222.2189331055;-0.0537212947;5.2450731581;1.4840909638;0.7068019708;0.0062461807;0.0071754963;-0.7073474900;1526;1620231222.248044145;1526
1620231222.2525429726;-1.4451842795;-1.3633858200;2.0670774373;0.7944648413;-0.0097563354;0.0069675956;0.6071918004;1620231222.2358889580;-0.0537097247;5.2450721307;1.4840881854;0.7068037314;0.0062526187;0.0071744165;-0.7073456848;1526;1620231222.248044145;1526
1620231222.2608740330;-1.4450892095;-1.3633584589;2.0686514954;0.7947539030;-0.0097060520;0.0072594719;0.6068107830;1620231222.2525689602;-0.0537123805;5.2450707491;1.4840872752;0.7068044308;0.0062575369;0.0071807254;-0.7073448784;1527;1620231222.299986849;1527
1620231222.2690370083;-1.4453099900;-1.3632735395;2.0702062399;0.7945010024;-0.0097048112;0.0074633770;0.6071394172;1620231222.2608981133;-0.0537063828;5.2450697713;1.4840882719;0.7068035243;0.0062573623;0.0071761966;-0.7073458317;1527;1620231222.299986849;1527
1620231222.2863500118;-1.4454617172;-1.3632037055;2.0732999038;0.7944871758;-0.0102164995;0.0076873658;0.6071463209;1620231222.2690598965;-0.0537030195;5.2450694239;1.4840915319;0.7068033837;0.0062511469;0.0071702444;-0.7073460875;1527;1620231222.299986849;1527
1620231222.2941570282;-1.4457428291;-1.3631126804;2.0748694368;0.7944950281;-0.0103035511;0.0081564544;0.6071284538;1620231222.2863729000;-0.0536997423;5.2450609581;1.4840895295;0.7068051990;0.0062486855;0.0071663721;-0.7073443346;1527;1620231222.299986849;1527
1620231222.3027338982;-1.4457559277;-1.3630749967;2.0764211434;0.7944803573;-0.0105268372;0.0077611723;0.6071490030;1620231222.2941839695;-0.0537117194;5.2450691816;1.4840890498;0.7068061689;0.0062570873;0.0071799343;-0.7073431537;1528;1620231222.325958177;1528
1620231222.3112990856;-1.4459047062;-1.3630310688;2.0780423432;0.7946158972;-0.0103244683;0.0081349998;0.6069701830;1620231222.3027579784;-0.0537221810;5.2450651145;1.4840909166;0.7068070961;0.0062506590;0.0071735045;-0.7073423492;1528;1620231222.325958177;1528
1620231222.3193969727;-1.4461057330;-1.3629690064;2.0796014785;0.7944323654;-0.0105358874;0.0079446695;0.6072092671;1620231222.3113229275;-0.0537356072;5.2450577475;1.4840980057;0.7068053781;0.0062422424;0.0071649171;-0.7073442273;1528;1620231222.325958177;1528
1620231222.3280849457;-1.4460253052;-1.3629376120;2.0812504383;0.7947368974;-0.0103242010;0.0078868597;0.6068150231;1620231222.3194279671;-0.0537324692;5.2450640860;1.4840977399;0.7068039202;0.0062462260;0.0071704232;-0.7073455931;1529;1620231222.377900833;1529
1620231222.3368420601;-1.4461214773;-1.3628753811;2.0828305196;0.7946831362;-0.0101946119;0.0077054171;0.6068899484;1620231222.3280999660;-0.0537073825;5.2450678281;1.4840895646;0.7068045035;0.0062588152;0.0071764516;-0.7073448378;1529;1620231222.377900833;1529
1620231222.3525099754;-1.4460198793;-1.3628603958;2.0859586033;0.7950695170;-0.0108179949;0.0078154724;0.6063714642;1620231222.3368649483;-0.0537014436;5.2450595624;1.4840895896;0.7068037258;0.0062472837;0.0071653535;-0.7073458294;1529;1620231222.377900833;1529
1620231222.3605051041;-1.4461798884;-1.3627914591;2.0874888045;0.7949894681;-0.0109509372;0.0080370925;0.6064711269;1620231222.3525340557;-0.0537328931;5.2450672631;1.4840965317;0.7068013799;0.0062490972;0.0071730874;-0.7073480791;1529;1620231222.377900833;1529
1620231222.3773379326;-1.4462143805;-1.3627333706;2.0905389321;0.7952383334;-0.0116115155;0.0080956202;0.6061316910;1620231222.3605310917;-0.0537377935;5.2450708899;1.4840913361;0.7068064125;0.0062598536;0.0071834135;-0.7073428505;1530;1620231222.403872289;1530
1620231222.3859250546;-1.4462616684;-1.3626961224;2.0920909347;0.7952791490;-0.0119762586;0.0079378274;0.6060731271;1620231222.3773651123;-0.0537401728;5.2450748326;1.4840904330;0.7068054887;0.0062626130;0.0071871830;-0.7073437108;1530;1620231222.403872289;1530
1620231222.3943500519;-1.4464941229;-1.3626471655;2.0936394577;0.7950663868;-0.0121695644;0.0076443013;0.6063521311;1620231222.3859479427;-0.0537221226;5.2450662856;1.4840880225;0.7068031129;0.0062553029;0.0071788854;-0.7073462338;1530;1620231222.403872289;1530
1620231222.4024050236;-1.4465406826;-1.3626238743;2.0952416629;0.7951440359;-0.0123570534;0.0076720828;0.6062461584;1620231222.3943760395;-0.0537417169;5.2450786395;1.4840918183;0.7068024911;0.0062651442;0.0071902753;-0.7073466523;1530;1620231222.403872289;1530
1620231222.4120259285;-1.4466631855;-1.3625855013;2.0968064791;0.7950588486;-0.0126574215;0.0073863150;0.6063552253;1620231222.4024269581;-0.0537222020;5.2450654725;1.4840891039;0.7068037663;0.0062542447;0.0071805511;-0.7073455733;1531;1620231222.455814977;1531
1620231222.4273879528;-1.4468106191;-1.3625118095;2.1000609578;0.7952473810;-0.0123226566;0.0073605407;0.6061151521;1620231222.4120659828;-0.0537183929;5.2450684250;1.4840868812;0.7068032682;0.0062571772;0.0071808568;-0.7073460420;1531;1620231222.455814977;1531
1620231222.4355020523;-1.4468709139;-1.3624835351;2.1016560291;0.7953082334;-0.0121777520;0.0073796050;0.6060380002;1620231222.4274129868;-0.0537159435;5.2450678394;1.4840885728;0.7068034025;0.0062591698;0.0071794234;-0.7073459047;1531;1620231222.455814977;1531
1620231222.4513230324;-1.4472407043;-1.3623463026;2.1048742568;0.7950559490;-0.0122017758;0.0071806797;0.6063708375;1620231222.4355340004;-0.0537103138;5.2450613155;1.4840868493;0.7068058603;0.0062571571;0.0071772606;-0.7073434885;1532;1620231222.481786353;1532
1620231222.4601190090;-1.4471625433;-1.3623769956;2.1064275662;0.7953081839;-0.0122054872;0.0073051622;0.6060384091;1620231222.4513359070;-0.0537140371;5.2450579846;1.4840895614;0.7068050907;0.0062571343;0.0071781237;-0.7073442490;1532;1620231222.481786353;1532
1620231222.4766759872;-1.4472032528;-1.3623011492;2.1096652708;0.7953294004;-0.0119427125;0.0073962885;0.6060146958;1620231222.4601340294;-0.0537143475;5.2450655646;1.4840897949;0.7068035418;0.0062599090;0.0071812165;-0.7073457407;1532;1620231222.481786353;1532
1620231222.4846360683;-1.4474844291;-1.3622698710;2.1112568770;0.7948121180;-0.0124068960;0.0070422728;0.6066878706;1620231222.4766910076;-0.0537031960;5.2450571796;1.4840847600;0.7068035856;0.0062518684;0.0071718281;-0.7073458633;1533;1620231222.507757729;1533
1620231222.4932661057;-1.4477369093;-1.3621591234;2.1129420695;0.7945663746;-0.0119274367;0.0072226848;0.6070171707;1620231222.4846510887;-0.0537216565;5.2450544275;1.4840903681;0.7068058881;0.0062488947;0.0071700497;-0.7073436069;1533;1620231222.507757729;1533
1620231222.5016930103;-1.4476122022;-1.3621512917;2.1146140202;0.7949995164;-0.0113813680;0.0075032709;0.6064568693;1620231222.4932820797;-0.0537181329;5.2450610597;1.4840885650;0.7068056452;0.0062539694;0.0071758555;-0.7073437460;1533;1620231222.507757729;1533
1620231222.5101730824;-1.4477297512;-1.3620818403;2.1162560646;0.7948041486;-0.0115997775;0.0071189351;0.6067133848;1620231222.5017089844;-0.0537176169;5.2450475519;1.4840904854;0.7068059901;0.0062435332;0.0071638712;-0.7073436149;1533;1620231222.507757729;1533
1620231222.5267529488;-1.4477957362;-1.3619758993;2.1195998695;0.7949500020;-0.0113657894;0.0069075522;0.6065291409;1620231222.5101869106;-0.0537166685;5.2450511346;1.4840919872;0.7068054405;0.0062471661;0.0071671603;-0.7073440987;1534;1620231222.559700425;1534
1620231222.5351469517;-1.4478818241;-1.3618804499;2.1213299259;0.7949358424;-0.0111538619;0.0065797037;0.6065552780;1620231222.5267670155;-0.0537071319;5.2450412156;1.4840857844;0.7068052172;0.0062416565;0.0071581816;-0.7073444614;1534;1620231222.559700425;1534
1620231222.5434300900;-1.4478568994;-1.3617815008;2.1230065828;0.7950351329;-0.0110162820;0.0061629739;0.6064320215;1620231222.5351800919;-0.0537123395;5.2450393535;1.4840851639;0.7068084183;0.0062446853;0.0071574634;-0.7073412433;1534;1620231222.559700425;1534
1620231222.5519850254;-1.4484995892;-1.3616368439;2.1250442647;0.7940387942;-0.0096724715;0.0057538285;0.6077628897;1620231222.5434451103;-0.0537142039;5.2450454663;1.4840880486;0.7068086797;0.0062499496;0.0071619159;-0.7073408905;1535;1620231222.585671705;1535
1620231222.5602509975;-1.4481905835;-1.3617348709;2.1266818418;0.7945384021;-0.0097968876;0.0056534657;0.6071085462;1620231222.5520129204;-0.0537341617;5.2450582942;1.4840929448;0.7068061128;0.0062515648;0.0071708158;-0.7073433510;1535;1620231222.585671705;1535
1620231222.5763978958;-1.4481610524;-1.3616402713;2.1299959516;0.7947233096;-0.0092642410;0.0059188732;0.6068723111;1620231222.5602829456;-0.0537347955;5.2450525371;1.4840936726;0.7068092760;0.0062550891;0.0071684975;-0.7073401826;1535;1620231222.585671705;1535
1620231222.5846350193;-1.4483166038;-1.3615902217;2.1315404380;0.7946372791;-0.0089331740;0.0064495307;0.6069845110;1620231222.5764110088;-0.0537147885;5.2450592457;1.4840930349;0.7068072215;0.0062569014;0.0071700208;-0.7073422040;1535;1620231222.585671705;1535
1620231222.5931830406;-1.4485980180;-1.3628241137;2.1323087657;0.7941283953;-0.0116646730;0.0088052176;0.6075742715;1620231222.5846550465;-0.0537299467;5.2450506535;1.4840998271;0.7068056019;0.0062468613;0.0071642756;-0.7073439693;1536;1620231222.611643145;1536
1620231222.6014969349;-1.4488226523;-1.3628899883;2.1337698275;0.7936882633;-0.0119957226;0.0091475225;0.6081376211;1620231222.5931949615;-0.0537326519;5.2450492327;1.4840966034;0.7068070921;0.0062474704;0.0071642532;-0.7073424752;1536;1620231222.611643145;1536
1620231222.6097469330;-1.4489657459;-1.3627217161;2.1354155880;0.7937415954;-0.0115088801;0.0094832361;0.6080722766;1620231222.6015079021;-0.0537119729;5.2450556054;1.4840913125;0.7068053825;0.0062558578;0.0071705923;-0.7073440451;1536;1620231222.611643145;1536
1620231222.6265869141;-1.4491049270;-1.3626874097;2.1384915282;0.7935977500;-0.0121182174;0.0095875654;0.6082465278;1620231222.6097619534;-0.0537387557;5.2450591475;1.4840945837;0.7068049793;0.0062521832;0.0071707320;-0.7073444790;1537;1620231222.663585753;1537
1620231222.6349511147;-1.4491308678;-1.3624911744;2.1400864601;0.7938302724;-0.0117832214;0.0095741838;0.6079498247;1620231222.6265990734;-0.0537135201;5.2450487084;1.4840892318;0.7068062604;0.0062512571;0.0071648336;-0.7073432669;1537;1620231222.663585753;1537
1620231222.6435120106;-1.4494032725;-1.3628452985;2.1414559863;0.7935040495;-0.0123620794;0.0104722364;0.6083492703;1620231222.6349649429;-0.0537160715;5.2450483940;1.4840907153;0.7068083796;0.0062495049;0.0071654019;-0.7073411590;1537;1620231222.663585753;1537
1620231222.6525919437;-1.4495234811;-1.3626683772;2.1430835978;0.7934471255;-0.0120838970;0.0103246928;0.6084316224;1620231222.6435248852;-0.0537181269;5.2450447339;1.4840905829;0.7068092654;0.0062484093;0.0071636921;-0.7073403009;1537;1620231222.663585753;1537
1620231222.6610040665;-1.4495903529;-1.3626070267;2.1446162743;0.7935261641;-0.0117606255;0.0104596225;0.6083325660;1620231222.6526150703;-0.0537375387;5.2450411792;1.4840925667;0.7068083956;0.0062458863;0.0071621332;-0.7073412081;1538;1620231222.689557089;1538
1620231222.6694650650;-1.4496326748;-1.3625995551;2.1460876063;0.7934710453;-0.0118939470;0.0105569142;0.6084001856;1620231222.6610310078;-0.0537122795;5.2450506793;1.4840902531;0.7068047462;0.0062519037;0.0071678273;-0.7073447439;1538;1620231222.689557089;1538
1620231222.6855070591;-1.4496421332;-1.3621819807;2.1494131941;0.7935391796;-0.0110533397;0.0098001226;0.6083398325;1620231222.6694869995;-0.0537135545;5.2450473743;1.4840891345;0.7068068178;0.0062520330;0.0071665140;-0.7073426861;1538;1620231222.689557089;1538
1620231222.6941049099;-1.4496935368;-1.3621818127;2.1507988418;0.7935871099;-0.0114080798;0.0101356831;0.6082652568;1620231222.6855289936;-0.0537401221;5.2450583630;1.4840914425;0.7068119722;0.0062638662;0.0071761622;-0.7073373330;1538;1620231222.689557089;1538
1620231222.7031140327;-1.4499168452;-1.3620852018;2.1522467414;0.7933901320;-0.0110866766;0.0104820737;0.6085222348;1620231222.6941208839;-0.0537183104;5.2450594152;1.4840963420;0.7068081264;0.0062588347;0.0071705746;-0.7073412771;1539;1620231222.741499881;1539
1620231222.7108490467;-1.4498002170;-1.3620767515;2.1535749515;0.7935951046;-0.0115606844;0.0104839901;0.6082460411;1620231222.7031359673;-0.0537439999;5.2450643756;1.4841003279;0.7068037324;0.0062566180;0.0071734241;-0.7073456585;1539;1620231222.741499881;1539
1620231222.7194719315;-1.4496641785;-1.3619858993;2.1549645246;0.7938789241;-0.0119798895;0.0103264979;0.6078701338;1620231222.7108759880;-0.0537441088;5.2450592251;1.4840957714;0.7068058996;0.0062505443;0.0071728253;-0.7073435527;1539;1620231222.741499881;1539
1620231222.7361409664;-1.4497437936;-1.3606297216;2.1581678462;0.7943795050;-0.0107938258;0.0095283857;0.6072511056;1620231222.7194941044;-0.0537102653;5.2450695759;1.4840875293;0.7068039848;0.0062626174;0.0071834788;-0.7073452511;1540;1620231222.767471185;1540
1620231222.7446930408;-1.4496774492;-1.3605764861;2.1596026633;0.7946446821;-0.0109918326;0.0093371148;0.6069034743;1620231222.7361640930;-0.0537428010;5.2450712089;1.4840921919;0.7068043867;0.0062613392;0.0071876943;-0.7073448181;1540;1620231222.767471185;1540
1620231222.7529261112;-1.4497686997;-1.3605609507;2.1609941259;0.7945242479;-0.0110912381;0.0091758513;0.6070617824;1620231222.7447290421;-0.0537142274;5.2450767144;1.4840841183;0.7068041492;0.0062652238;0.0071825219;-0.7073450736;1540;1620231222.767471185;1540
1620231222.7609879971;-1.4498216546;-1.3605187552;2.1623798393;0.7945540351;-0.0112566135;0.0087617261;0.6070258694;1620231222.7529470921;-0.0537378987;5.2450761445;1.4840847059;0.7068025829;0.0062619921;0.0071831036;-0.7073466613;1540;1620231222.767471185;1540
1620231222.7690479755;-1.4502662142;-1.3619124233;2.1630601618;0.7935030601;-0.0135399340;0.0104032924;0.6083266683;1620231222.7610130310;-0.0537364210;5.2450758770;1.4840827770;0.7068046784;0.0062646827;0.0071834347;-0.7073445403;1541;1620231222.793442577;1541
1620231222.7858750820;-1.4502789477;-1.3617934133;2.1657316850;0.7936315400;-0.0134199150;0.0103151429;0.6081632038;1620231222.7690761089;-0.0537388722;5.2450777376;1.4840871874;0.7068025802;0.0062663224;0.0071882432;-0.7073465735;1541;1620231222.793442577;1541
1620231222.7948169708;-1.4499622828;-1.3602346776;2.1676670707;0.7945543150;-0.0110440197;0.0085633574;0.6070322389;1620231222.7858970165;-0.0537447886;5.2450745064;1.4840898344;0.7068057332;0.0062655928;0.0071859363;-0.7073434528;1541;1620231222.793442577;1541
1620231222.8022959232;-1.4499884118;-1.3601695488;2.1689288853;0.7945673727;-0.0110856197;0.0086872824;0.6070126279;1620231222.7948410511;-0.0537492457;5.2450792621;1.4840882092;0.7068058519;0.0062682864;0.0071907564;-0.7073432613;1541;1620231222.793442577;1541
1620231222.8112039566;-1.4500367795;-1.3600962268;2.1701611740;0.7945355650;-0.0113331971;0.0086708686;0.6070499243;1620231222.8023200035;-0.0537233015;5.2450716772;1.4840849849;0.7068048446;0.0062652214;0.0071835449;-0.7073443683;1542;1620231222.845385297;1542
1620231222.8191409111;-1.4501566133;-1.3600515549;2.1712586302;0.7945029532;-0.0116687844;0.0090322988;0.6070809785;1620231222.8112299442;-0.0537468974;5.2450779577;1.4840846848;0.7068107280;0.0062800421;0.0071966147;-0.7073382250;1542;1620231222.845385297;1542
1620231222.8357520103;-1.4501309569;-1.3599347750;2.1737185564;0.7945470634;-0.0122777532;0.0087198241;0.6070158034;1620231222.8191630840;-0.0537226111;5.2450829787;1.4840855603;0.7068026501;0.0062754837;0.0071964949;-0.7073463385;1542;1620231222.845385297;1542
1620231222.8439769745;-1.4502228041;-1.3598687274;2.1749307776;0.7945893702;-0.0124206248;0.0085883969;0.6069593893;1620231222.8357760906;-0.0537164502;5.2450903347;1.4840877562;0.7068037849;0.0062857623;0.0072050358;-0.7073450263;1543;1620231222.871356569;1543
1620231222.8524460793;-1.4502072042;-1.3598130679;2.1761637220;0.7947302037;-0.0123530139;0.0084653133;0.6067780854;1620231222.8440001011;-0.0537346115;5.2450874971;1.4840927975;0.7068023398;0.0062815563;0.0072035019;-0.7073465233;1543;1620231222.871356569;1543
1620231222.8608460426;-1.4501177113;-1.3597371615;2.1774728347;0.7949119896;-0.0124174735;0.0078428590;0.6065469682;1620231222.8524699211;-0.0537282941;5.2450839693;1.4840938512;0.7068004600;0.0062749803;0.0071984966;-0.7073485110;1543;1620231222.871356569;1543
1620231222.8689930439;-1.4502479193;-1.3597055441;2.1785628739;0.7947623063;-0.0124807032;0.0081011746;0.6067383947;1620231222.8608698845;-0.0537010113;5.2450893858;1.4840900888;0.7068001279;0.0062890633;0.0072052108;-0.7073486494;1543;1620231222.871356569;1543
1620231222.8855979443;-1.4502166342;-1.3595260391;2.1810303555;0.7949526737;-0.0124853757;0.0073771143;0.6064980957;1620231222.8690168858;-0.0537233333;5.2450880216;1.4840947156;0.7067962713;0.0062728372;0.0071980031;-0.7073527205;1544;1620231222.923299289;1544
1620231222.8942050934;-1.4502094298;-1.3594407474;2.1822244903;0.7950442589;-0.0123867029;0.0071792578;0.6063824323;1620231222.8856110573;-0.0537086441;5.2450618165;1.4840865211;0.7068007708;0.0062639044;0.0071850735;-0.7073484351;1544;1620231222.923299289;1544
1620231222.9021749496;-1.4499814304;-1.3594018048;2.1833438750;0.7952562513;-0.0130135766;0.0065613620;0.6060982513;1620231222.8942279816;-0.0537287481;5.2450672918;1.4840893933;0.7068015900;0.0062689413;0.0071907452;-0.7073475143;1544;1620231222.923299289;1544
1620231222.9109790325;-1.4500515635;-1.3592981606;2.1844683608;0.7951719108;-0.0132103311;0.0064278735;0.6062060721;1620231222.9022009373;-0.0537347271;5.2450625509;1.4840909837;0.7068018241;0.0062673100;0.0071907367;-0.7073472949;1544;1620231222.923299289;1544
1620231222.9195001125;-1.4503054557;-1.3591762454;2.1855682696;0.7949809553;-0.0127664676;0.0068623406;0.6064612159;1620231222.9110031128;-0.0537252499;5.2450553266;1.4840918071;0.7068061546;0.0062644231;0.0071833786;-0.7073430680;1545;1620231222.949270737;1545
1620231222.9361579418;-1.4499232742;-1.3590601795;2.1878167762;0.7955482455;-0.0131593784;0.0061746699;0.6057158520;1620231222.9195261002;-0.0537217120;5.2450554994;1.4840909813;0.7068042332;0.0062652579;0.0071838582;-0.7073449757;1545;1620231222.949270737;1545
1620231222.9447269440;-1.4501539726;-1.3589809468;2.1888921942;0.7951982040;-0.0135290744;0.0057346359;0.6061715058;1620231222.9361801147;-0.0537372814;5.2450516414;1.4840899609;0.7068035391;0.0062580002;0.0071832947;-0.7073457392;1545;1620231222.949270737;1545
1620231222.9524340630;-1.4501257164;-1.3588675565;2.1900439840;0.7955946471;-0.0129677165;0.0058987116;0.6056617877;1620231222.9447519779;-0.0537047537;5.2450443861;1.4840830470;0.7068027296;0.0062561808;0.0071754916;-0.7073466434;1546;1620231222.975242049;1546
1620231222.9612510204;-1.4503079847;-1.3587905348;2.1911438683;0.7953146432;-0.0131421308;0.0054204182;0.6060301327;1620231222.9524579048;-0.0537333362;5.2450495479;1.4840919079;0.7068023665;0.0062597722;0.0071824152;-0.7073469042;1546;1620231222.975242049;1546
1620231222.9694850445;-1.4505844460;-1.3585954879;2.1924394067;0.7950748309;-0.0120564646;0.0055590151;0.6063660216;1620231222.9612860680;-0.0537256712;5.2450558531;1.4840896754;0.7068017440;0.0062651322;0.0071870142;-0.7073474320;1546;1620231222.975242049;1546
1620231222.9856460094;-1.4505543812;-1.3583702935;2.1947501084;0.7952959064;-0.0117176688;0.0047914602;0.6060892339;1620231222.9695129395;-0.0537225124;5.2450515571;1.4840884099;0.7068025586;0.0062610161;0.0071816222;-0.7073467093;1546;1620231222.975242049;1546
1620231222.9940960407;-1.4508233890;-1.3583010398;2.1957464601;0.7949535849;-0.0117697471;0.0047869308;0.6065371845;1620231222.9856688976;-0.0537271314;5.2450481599;1.4840879666;0.7068054447;0.0062650273;0.0071830200;-0.7073437757;1547;1620231223.027184745;1547
1620231223.0023469925;-1.4508976509;-1.3582118537;2.1967356322;0.7948350338;-0.0122730603;0.0043046558;0.6066861718;1620231222.9941198826;-0.0537278792;5.2450531551;1.4840906054;0.7068015722;0.0062639065;0.0071862576;-0.7073476222;1547;1620231223.027184745;1547
1620231223.0108439922;-1.4508955565;-1.3581273847;2.1977710745;0.7949859084;-0.0119466805;0.0045655103;0.6064930654;1620231223.0023701191;-0.0537318036;5.2450463652;1.4840960325;0.7068016624;0.0062569686;0.0071809417;-0.7073476475;1547;1620231223.027184745;1547
1620231223.0192959309;-1.4509240061;-1.3580542061;2.1987354169;0.7949435566;-0.0123213337;0.0042081673;0.6065436653;1620231223.0108671188;-0.0537331959;5.2450464876;1.4840920235;0.7068037997;0.0062558802;0.0071812690;-0.7073455182;1548;1620231223.053156049;1548
1620231223.0357639790;-1.4509913480;-1.3579039562;2.2007316854;0.7950557686;-0.0119066865;0.0044768139;0.6064029301;1620231223.0193190575;-0.0537317019;5.2450562860;1.4840922718;0.7068023768;0.0062649243;0.0071893969;-0.7073467774;1548;1620231223.053156049;1548
1620231223.0443890095;-1.4510327172;-1.3578059904;2.2017686868;0.7950208590;-0.0117727341;0.0043712423;0.6064520828;1620231223.0357871056;-0.0537140246;5.2450504101;1.4840863762;0.7068016423;0.0062599410;0.0071827874;-0.7073476225;1548;1620231223.053156049;1548
1620231223.0609459877;-1.4516224860;-1.3580138470;2.2033962927;0.7939279643;-0.0121686332;0.0046373070;0.6078723610;1620231223.0444030762;-0.0537167676;5.2450488613;1.4840846907;0.7068034134;0.0062612504;0.0071847607;-0.7073458212;1549;1620231223.105098761;1549
1620231223.0773870945;-1.4517211474;-1.3577995186;2.2054239360;0.7939835496;-0.0118014082;0.0043514683;0.6078091103;1620231223.0610001087;-0.0537444912;5.2450588214;1.4840940807;0.7068024449;0.0062636816;0.0071867413;-0.7073467473;1549;1620231223.105098761;1549
1620231223.0857319832;-1.4517448013;-1.3577200456;2.2063966408;0.7940133936;-0.0117199745;0.0042303512;0.6077725538;1620231223.0774009228;-0.0537336206;5.2450503153;1.4840952972;0.7068027110;0.0062545791;0.0071762364;-0.7073466687;1549;1620231223.105098761;1549
1620231223.0942699909;-1.4518998578;-1.3576193297;2.2073256204;0.7938703471;-0.0114913155;0.0044203557;0.6079624018;1620231223.0857539177;-0.0537455668;5.2450488309;1.4840980384;0.7068017740;0.0062508629;0.0071773638;-0.7073476263;1549;1620231223.105098761;1549
1620231223.1022400856;-1.4518965564;-1.3575572783;2.2082430591;0.7939176056;-0.0115068317;0.0043765460;0.6079007108;1620231223.0942969322;-0.0537184596;5.2450511317;1.4840942662;0.7068029199;0.0062531034;0.0071744176;-0.7073464913;1550;1620231223.131070193;1550
1620231223.1107170582;-1.4521073414;-1.3574324483;2.2088266555;0.7939505533;-0.0118397746;0.0058615906;0.6078387783;1620231223.1022539139;-0.0537222777;5.2450490402;1.4840926265;0.7068022682;0.0062517820;0.0071760709;-0.7073471375;1550;1620231223.131070193;1550
1620231223.1191980839;-1.4520632208;-1.3572772865;2.2099144497;0.7940220785;-0.0114872859;0.0054639595;0.6077558114;1620231223.1107420921;-0.0537178957;5.2450556535;1.4840882169;0.7068046814;0.0062597516;0.0071778055;-0.7073446380;1550;1620231223.131070193;1550
1620231223.1357100010;-1.4522066622;-1.3582113105;2.2107812627;0.7938647022;-0.0137072140;0.0084975463;0.6078805299;1620231223.1192200184;-0.0537431626;5.2450508157;1.4840946050;0.7068063628;0.0062533923;0.0071733447;-0.7073430594;1551;1620231223.157041545;1551
1620231223.1445410252;-1.4522999651;-1.3581155444;2.2116616216;0.7938338825;-0.0135258002;0.0086117263;0.6079232335;1620231223.1357319355;-0.0537483241;5.2450500812;1.4840972481;0.7068069566;0.0062472633;0.0071692358;-0.7073425619;1551;1620231223.157041545;1551
1620231223.1525480747;-1.4524635787;-1.3579644809;2.2125948587;0.7937757567;-0.0130009594;0.0088954224;0.6080064922;1620231223.1446080208;-0.0537364335;5.2450434290;1.4840958796;0.7068093194;0.0062464608;0.0071672285;-0.7073402283;1551;1620231223.157041545;1551
1620231223.1618950367;-1.4525324911;-1.3578370231;2.2135473098;0.7939146840;-0.0123559854;0.0092296383;0.6078335445;1620231223.1525700092;-0.0537455193;5.2450430903;1.4840991329;0.7068061774;0.0062447250;0.0071644020;-0.7073434119;1551;1620231223.157041545;1551
1620231223.1696219444;-1.4524774494;-1.3574503947;2.2147188864;0.7941342296;-0.0113331234;0.0087517641;0.6075736929;1620231223.1619110107;-0.0537444561;5.2450534350;1.4840991443;0.7068085712;0.0062556758;0.0071738145;-0.7073408277;1552;1620231223.208984249;1552
1620231223.1858720779;-1.4527099788;-1.3573311686;2.2163922335;0.7940218889;-0.0111098845;0.0093551941;0.6077156331;1620231223.1696450710;-0.0537345998;5.2450506100;1.4840989470;0.7068073960;0.0062519277;0.0071712885;-0.7073420608;1552;1620231223.208984249;1552
1620231223.1942229271;-1.4529185234;-1.3571895206;2.2172032609;0.7938246189;-0.0108397501;0.0095409625;0.6079752827;1620231223.1858940125;-0.0537439239;5.2450589655;1.4840949744;0.7068094157;0.0062630183;0.0071835691;-0.7073398199;1552;1620231223.208984249;1552
1620231223.2025640011;-1.4529897214;-1.3571208893;2.2180298991;0.7938379890;-0.0106787828;0.0097668699;0.6079570865;1620231223.1942470074;-0.0537391847;5.2450545018;1.4840959963;0.7068095103;0.0062593033;0.0071793731;-0.7073398009;1552;1620231223.208984249;1552
1620231223.2108359337;-1.4530001499;-1.3570442370;2.2188169715;0.7939100428;-0.0104427802;0.0100337419;0.6078627446;1620231223.2025859356;-0.0537378285;5.2450480585;1.4840947220;0.7068096668;0.0062529321;0.0071742070;-0.7073397532;1553;1620231223.234955513;1553
1620231223.2195529938;-1.4529317098;-1.3570250798;2.2195834180;0.7940792705;-0.0104740817;0.0101528572;0.6076391406;1620231223.2108619213;-0.0537424016;5.2450599507;1.4840952817;0.7068101100;0.0062665461;0.0071857086;-0.7073390731;1553;1620231223.234955513;1553
1620231223.2365069389;-1.4530333486;-1.3568658914;2.2211430611;0.7941851394;-0.0098635204;0.0105795239;0.6075037028;1620231223.2195749283;-0.0537475974;5.2450517547;1.4841001728;0.7068095211;0.0062517348;0.0071752636;-0.7073398987;1553;1620231223.234955513;1553
1620231223.2441658974;-1.4531152355;-1.3567558145;2.2218948790;0.7940695237;-0.0098093771;0.0105773458;0.6076557311;1620231223.2365319729;-0.0537179162;5.2450535264;1.4840921148;0.7068084555;0.0062619303;0.0071791724;-0.7073408337;1553;1620231223.234955513;1553
1620231223.2519669533;-1.4533319507;-1.3566942783;2.2225825271;0.7938984831;-0.0096728525;0.0110338027;0.6078732513;1620231223.2441899776;-0.0537262176;5.2450510285;1.4840919717;0.7068080966;0.0062545695;0.0071770618;-0.7073412789;1554;1620231223.286898241;1554
1620231223.2611498833;-1.4533027020;-1.3565738828;2.2233605557;0.7940548358;-0.0095050175;0.0110401089;0.6076715300;1620231223.2519810200;-0.0537270726;5.2450560056;1.4840902822;0.7068095777;0.0062620055;0.0071835435;-0.7073396672;1554;1620231223.286898241;1554
1620231223.2687990665;-1.4532402077;-1.3565656214;2.2240305096;0.7942128310;-0.0097019723;0.0111519558;0.6074598626;1620231223.2611730099;-0.0537539426;5.2450513282;1.4840938532;0.7068096271;0.0062539490;0.0071775031;-0.7073397504;1554;1620231223.286898241;1554
1620231223.2852740288;-1.4533639514;-1.3564119192;2.2254956942;0.7941240745;-0.0096684497;0.0111950037;0.6075756309;1620231223.2688241005;-0.0537314988;5.2450507222;1.4840910307;0.7068104170;0.0062560180;0.0071790696;-0.7073389270;1554;1620231223.286898241;1554
1620231223.2938530445;-1.4534120442;-1.3563660478;2.2261941807;0.7941312201;-0.0094706491;0.0113005169;0.6075674533;1620231223.2852880955;-0.0537249485;5.2450497834;1.4840910379;0.7068074643;0.0062509642;0.0071726879;-0.7073419868;1555;1620231223.312869681;1555
1620231223.3024489880;-1.4534513782;-1.3563031239;2.2268839612;0.7941019439;-0.0094560731;0.0112427097;0.6076070168;1620231223.2938759327;-0.0537249298;5.2450498126;1.4840885955;0.7068091189;0.0062552349;0.0071769318;-0.7073402527;1555;1620231223.312869681;1555
1620231223.3105859756;-1.4535836615;-1.3562239086;2.2275623995;0.7940534775;-0.0090528515;0.0116379544;0.6076690537;1620231223.3024621010;-0.0537211395;5.2450592660;1.4840903784;0.7068081366;0.0062643467;0.0071856844;-0.7073410648;1555;1620231223.312869681;1555
1620231223.3271839619;-1.4537944371;-1.3560456547;2.2288568193;0.7937797080;-0.0085927516;0.0121440510;0.6080234057;1620231223.3106110096;-0.0537315528;5.2450514941;1.4840882444;0.7068096269;0.0062590026;0.0071829991;-0.7073396502;1555;1620231223.312869681;1555
1620231223.3353490829;-1.4536244406;-1.3559576548;2.2295399819;0.7940340976;-0.0085779986;0.0121170429;0.6076919014;1620231223.3272080421;-0.0537284654;5.2450565367;1.4840912928;0.7068085693;0.0062634093;0.0071851740;-0.7073406459;1556;1620231223.364812337;1556
1620231223.3440389633;-1.4536350258;-1.3559039734;2.2300984453;0.7940320252;-0.0087981289;0.0123595013;0.6076865792;1620231223.3353769779;-0.0537308721;5.2450511643;1.4840920007;0.7068084781;0.0062615900;0.0071834371;-0.7073407707;1556;1620231223.364812337;1556
1620231223.3528480530;-1.4536402377;-1.3558352326;2.2306929714;0.7939387125;-0.0089243415;0.0125290789;0.6078031747;1620231223.3440749645;-0.0537249815;5.2450424837;1.4840879575;0.7068077455;0.0062539066;0.0071765294;-0.7073416410;1556;1620231223.364812337;1556
1620231223.3607530594;-1.4538584921;-1.3557274507;2.2312361206;0.7937319287;-0.0089818862;0.0128600368;0.6080654328;1620231223.3528618813;-0.0537297929;5.2450443832;1.4840907527;0.7068078297;0.0062554075;0.0071783086;-0.7073415254;1556;1620231223.364812337;1556
1620231223.3768899441;-1.4538001286;-1.3555857897;2.2324528239;0.7938248643;-0.0092265888;0.0126792519;0.6079442339;1620231223.3607790470;-0.0537235481;5.2450412659;1.4840911430;0.7068046435;0.0062530853;0.0071762648;-0.7073447505;1557;1620231223.390783673;1557
1620231223.3856730461;-1.4537802408;-1.3555210983;2.2330285072;0.7938485358;-0.0091469869;0.0126130351;0.6079159039;1620231223.3769159317;-0.0537436370;5.2450442503;1.4840975330;0.7068053356;0.0062523075;0.0071759886;-0.7073440686;1557;1620231223.390783673;1557
1620231223.3939440250;-1.4537194628;-1.3554806679;2.2335847824;0.7939392413;-0.0091589974;0.0124827824;0.6077999458;1620231223.3856959343;-0.0537268440;5.2450508166;1.4840937756;0.7068065337;0.0062609821;0.0071819924;-0.7073427338;1557;1620231223.390783673;1557
1620231223.4017820358;-1.4537064646;-1.3554375414;2.2341475229;0.7939163021;-0.0090323549;0.0124763957;0.6078319351;1620231223.3939669132;-0.0537216110;5.2450540936;1.4840926670;0.7068052459;0.0062618414;0.0071836377;-0.7073439963;1557;1620231223.390783673;1557
1620231223.4105360508;-1.4536246076;-1.3553650423;2.2346901723;0.7939810366;-0.0089089384;0.0123641071;0.6077514896;1620231223.4017970562;-0.0537190157;5.2450443879;1.4840904504;0.7068057147;0.0062582076;0.0071783988;-0.7073436132;1558;1620231223.442726385;1558
1620231223.4192810059;-1.4535942996;-1.3552907510;2.2351943567;0.7939668117;-0.0088743074;0.0123178123;0.6077715197;1620231223.4105610847;-0.0537159431;5.2450462485;1.4840900950;0.7068059831;0.0062576089;0.0071804706;-0.7073433292;1558;1620231223.442726385;1558
1620231223.4352190495;-1.4534812283;-1.3551574145;2.2361181657;0.7939366256;-0.0093241289;0.0121954239;0.6078066854;1620231223.4193038940;-0.0537188593;5.2450531904;1.4840912453;0.7068030699;0.0062606663;0.0071849559;-0.7073461676;1558;1620231223.442726385;1558
1620231223.4440729618;-1.4534400371;-1.3550676296;2.2365696848;0.7939207341;-0.0096031987;0.0121548083;0.6078239113;1620231223.4352419376;-0.0537108997;5.2450480994;1.4840917109;0.7068054808;0.0062623164;0.0071786448;-0.7073438081;1558;1620231223.442726385;1558
1620231223.4523940086;-1.4533846177;-1.3549792404;2.2370013152;0.7938782894;-0.0100810141;0.0119119534;0.6078764184;1620231223.4440879822;-0.0537070841;5.2450520579;1.4840940615;0.7068036297;0.0062612805;0.0071810706;-0.7073456422;1559;1620231223.494669089;1559
1620231223.4609019756;-1.4532763147;-1.3549260003;2.2374376304;0.7939239696;-0.0101955669;0.0118879392;0.6078153156;1620231223.4524180889;-0.0537086663;5.2450442352;1.4840931264;0.7068033790;0.0062570818;0.0071764321;-0.7073459770;1559;1620231223.494669089;1559
1620231223.4775679111;-1.4531203885;-1.3548017812;2.2383021567;0.7940332456;-0.0105416961;0.0116765353;0.6076707465;1620231223.4609260559;-0.0537175410;5.2450496001;1.4840935998;0.7068022792;0.0062579650;0.0071810260;-0.7073470215;1559;1620231223.494669089;1559
1620231223.4854919910;-1.4530450226;-1.3547405114;2.2387369938;0.7940631532;-0.0108307145;0.0113829840;0.6076321519;1620231223.4775938988;-0.0537107971;5.2450445810;1.4840917877;0.7068040352;0.0062575689;0.0071774428;-0.7073453068;1559;1620231223.494669089;1559
1620231223.4941759109;-1.4530079675;-1.3546890234;2.2391338671;0.7940404995;-0.0108164433;0.0113167953;0.6076632454;1620231223.4855160713;-0.0537310193;5.2450462739;1.4840952504;0.7068025704;0.0062576402;0.0071780018;-0.7073467641;1560;1620231223.520640513;1560
1620231223.5023601055;-1.4529262323;-1.3546223154;2.2395461114;0.7940270293;-0.0109111196;0.0110875131;0.6076833808;1620231223.4941990376;-0.0537354798;5.2450475713;1.4840996341;0.7068021084;0.0062588395;0.0071826023;-0.7073471685;1560;1620231223.520640513;1560
1620231223.5113101006;-1.4528427882;-1.3545615754;2.2399485230;0.7940338861;-0.0110479262;0.0108290135;0.6076766110;1620231223.5023820400;-0.0537178332;5.2450444609;1.4840910524;0.7068036760;0.0062579829;0.0071782053;-0.7073456543;1560;1620231223.520640513;1560
1620231223.5188779831;-1.4527344951;-1.3544845077;2.2403198332;0.7940927451;-0.0110173999;0.0108239486;0.6076003384;1620231223.5113260746;-0.0537080051;5.2450418445;1.4840924218;0.7068026193;0.0062573553;0.0071759983;-0.7073467381;1560;1620231223.520640513;1560
1620231223.5363860130;-1.4523312736;-1.3544117259;2.2409305440;0.7943395821;-0.0121492595;0.0104244403;0.6072630031;1620231223.5189120770;-0.0537222839;5.2450503080;1.4840977787;0.7068029498;0.0062622210;0.0071832301;-0.7073462914;1561;1620231223.572583217;1561
1620231223.5443680286;-1.4522207364;-1.3543319251;2.2412441742;0.7943766662;-0.0121785310;0.0105828728;0.6072111645;1620231223.5364120007;-0.0537303781;5.2450494431;1.4840963724;0.7068037690;0.0062641005;0.0071849974;-0.7073454382;1561;1620231223.572583217;1561
1620231223.5522050858;-1.4521652880;-1.3545726064;2.2412566350;0.7944860629;-0.0130810489;0.0113227292;0.6070358950;1620231223.5444269180;-0.0537308917;5.2450345080;1.4840997724;0.7068011429;0.0062492040;0.0071708784;-0.7073483373;1561;1620231223.572583217;1561
1620231223.5599970818;-1.4518748207;-1.3544760452;2.2416341645;0.7947615066;-0.0131466689;0.0109905155;0.6066799166;1620231223.5522179604;-0.0537279614;5.2450406719;1.4840991185;0.7068012876;0.0062562637;0.0071737233;-0.7073481015;1561;1620231223.572583217;1561
1620231223.5767440796;-1.4518175771;-1.3543425833;2.2422581596;0.7946267987;-0.0132880919;0.0107815138;0.6068570147;1620231223.5600080490;-0.0537280731;5.2450453132;1.4841021416;0.7068033083;0.0062579408;0.0071783105;-0.7073460210;1562;1620231223.598554505;1562
1620231223.5931239128;-1.4514703578;-1.3542603733;2.2428672167;0.7948262358;-0.0135011621;0.0103422782;0.6065987230;1620231223.5767560005;-0.0537334679;5.2450527158;1.4841002906;0.7068041155;0.0062630080;0.0071849701;-0.7073451020;1562;1620231223.598554505;1562
1620231223.6009819508;-1.4513653166;-1.3541843341;2.2432031689;0.7948380372;-0.0135162671;0.0100905334;0.6065871630;1620231223.5931360722;-0.0537116900;5.2450441891;1.4840954059;0.7068020461;0.0062523875;0.0071717198;-0.7073473982;1563;1620231223.650497233;1563
1620231223.6098809242;-1.4512670245;-1.3541074790;2.2434862649;0.7948293030;-0.0136403015;0.0098888791;0.6065991521;1620231223.6009919643;-0.0537142554;5.2450399935;1.4840929705;0.7068031914;0.0062552026;0.0071737718;-0.7073462080;1563;1620231223.650497233;1563
1620231223.6265048981;-1.4510222123;-1.3539442790;2.2440240978;0.7948796888;-0.0138719737;0.0096746255;0.6065313267;1620231223.6099090576;-0.0537397760;5.2450503455;1.4840980079;0.7068036739;0.0062611554;0.0071833624;-0.7073455760;1563;1620231223.650497233;1563
1620231223.6347470284;-1.4509396314;-1.3538502032;2.2442667196;0.7948600301;-0.0142206504;0.0095131767;0.6065515684;1620231223.6265170574;-0.0537407783;5.2450499541;1.4840951563;0.7068047980;0.0062623295;0.0071847408;-0.7073444283;1563;1620231223.650497233;1563
1620231223.6429309845;-1.4508779984;-1.3537320586;2.2445487357;0.7948313695;-0.0141326556;0.0095179522;0.6065911067;1620231223.6347720623;-0.0537197191;5.2450452799;1.4840909271;0.7068052419;0.0062643251;0.0071847387;-0.7073439670;1564;1620231223.676468609;1564
1620231223.6513719559;-1.4507186425;-1.3536698999;2.2447843833;0.7948512862;-0.0141903510;0.0096213899;0.6065620295;1620231223.6429429054;-0.0537233498;5.2450551470;1.4840912659;0.7068044452;0.0062661283;0.0071889509;-0.7073447044;1564;1620231223.676468609;1564
1620231223.6597120762;-1.4506247631;-1.3535828722;2.2450334687;0.7948395945;-0.0141916701;0.0096280556;0.6065772136;1620231223.6513829231;-0.0537402527;5.2450533572;1.4840967784;0.7068020235;0.0062591077;0.0071846937;-0.7073472297;1564;1620231223.676468609;1564
1620231223.6763360500;-1.4504738002;-1.3533519652;2.2455828153;0.7947073852;-0.0142123833;0.0092851246;0.6067552773;1620231223.6597249508;-0.0537217684;5.2450514489;1.4840901057;0.7068055178;0.0062651568;0.0071877057;-0.7073436539;1564;1620231223.676468609;1564
1620231223.6844251156;-1.4503858822;-1.3532698671;2.2458728747;0.7947225277;-0.0140458188;0.0092384538;0.6067400348;1620231223.6763489246;-0.0537218471;5.2450485178;1.4840907353;0.7068037219;0.0062626472;0.0071845987;-0.7073455022;1565;1620231223.702439945;1565
1620231223.6939609051;-1.4503658374;-1.3531399834;2.2461935216;0.7947351084;-0.0137004052;0.0092761167;0.6067308794;1620231223.6844370365;-0.0537230939;5.2450514406;1.4840897227;0.7068052325;0.0062679224;0.0071897815;-0.7073438934;1565;1620231223.702439945;1565
1620231223.7012600899;-1.4501921368;-1.3531018414;2.2464005042;0.7947432086;-0.0141696912;0.0088975078;0.6067151610;1620231223.6939721107;-0.0537315788;5.2450503740;1.4840934619;0.7068037106;0.0062630869;0.0071882653;-0.7073454723;1565;1620231223.702439945;1565
1620231223.7097311020;-1.4501159421;-1.3530108276;2.2466707241;0.7947145130;-0.0140329466;0.0088893334;0.6067560458;1620231223.7012701035;-0.0537199909;5.2450521552;1.4840913240;0.7068025722;0.0062671623;0.0071887923;-0.7073465685;1566;1620231223.754382697;1566
1620231223.7265141010;-1.4498433951;-1.3528492319;2.2471438889;0.7948344037;-0.0138266339;0.0089027265;0.6066035249;1620231223.7097430229;-0.0537201029;5.2450549516;1.4840898083;0.7068042946;0.0062696369;0.0071928141;-0.7073447846;1566;1620231223.754382697;1566
1620231223.7352790833;-1.4497449459;-1.3527607363;2.2473610981;0.7947574781;-0.0137428240;0.0089353877;0.6067057315;1620231223.7265660763;-0.0537174303;5.2450514888;1.4840874478;0.7068014762;0.0062658464;0.0071854501;-0.7073477092;1566;1620231223.754382697;1566
1620231223.7433741093;-1.4496551333;-1.3526470569;2.2475852018;0.7946859959;-0.0136193046;0.0089675981;0.6068016684;1620231223.7352900505;-0.0537400137;5.2450551733;1.4840938377;0.7068037054;0.0062655101;0.0071895901;-0.7073454426;1566;1620231223.754382697;1566
1620231223.7515299320;-1.4494433939;-1.3525008565;2.2478824364;0.7948634791;-0.0131272944;0.0090831098;0.6065782891;1620231223.7433989048;-0.0537180496;5.2450534029;1.4840912784;0.7068027915;0.0062711614;0.0071913746;-0.7073462877;1567;1620231223.780354025;1567
1620231223.7598230839;-1.4493119481;-1.3524156590;2.2481307579;0.7948743277;-0.0129100352;0.0091316808;0.6065680065;1620231223.7515420914;-0.0537431459;5.2450400607;1.4840963667;0.7068026504;0.0062537607;0.0071793236;-0.7073467050;1567;1620231223.780354025;1567
1620231223.7763779163;-1.4492148139;-1.3522627704;2.2486305543;0.7946971379;-0.0127159370;0.0090071523;0.6068060935;1620231223.7598359585;-0.0537385402;5.2450368066;1.4840925040;0.7068048817;0.0062605936;0.0071796490;-0.7073444117;1567;1620231223.780354025;1567
1620231223.7847709656;-1.4491260037;-1.3521960912;2.2488335574;0.7946984107;-0.0124052355;0.0091805798;0.6068082590;1620231223.7763900757;-0.0537416210;5.2450444737;1.4840931312;0.7068029441;0.0062633344;0.0071887251;-0.7073462314;1567;1620231223.780354025;1567
1620231223.7932910919;-1.4490093718;-1.3521177504;2.2490676732;0.7947169610;-0.0122370114;0.0091805583;0.6067873803;1620231223.7847850323;-0.0537444461;5.2450424158;1.4840937345;0.7068027175;0.0062614075;0.0071838570;-0.7073465244;1568;1620231223.832296753;1568
1620231223.8016180992;-1.4489870541;-1.3523282330;2.2491289355;0.7945715783;-0.0127609405;0.0102074741;0.6069505522;1620231223.7933039665;-0.0537347588;5.2450419120;1.4840938981;0.7068021672;0.0062590159;0.0071805834;-0.7073471286;1568;1620231223.832296753;1568
1620231223.8097479343;-1.4488776625;-1.3522578099;2.2493171253;0.7945083954;-0.0128123467;0.0100355094;0.6070350418;1620231223.8016688824;-0.0537378412;5.2450489144;1.4840944077;0.7068035909;0.0062681434;0.0071898830;-0.7073455308;1568;1620231223.832296753;1568
1620231223.8264389038;-1.4486578719;-1.3520431625;2.2498037314;0.7945085973;-0.0123408951;0.0104059137;0.6070383086;1620231223.8097600937;-0.0537176899;5.2450290787;1.4840907177;0.7068020567;0.0062506051;0.0071698224;-0.7073474226;1569;1620231223.858268121;1569
1620231223.8345839977;-1.4485398659;-1.3519367057;2.2500384786;0.7945168332;-0.0121822183;0.0105073245;0.6070289874;1620231223.8264529705;-0.0537453625;5.2450434352;1.4840980042;0.7067999577;0.0062612220;0.0071833669;-0.7073492886;1569;1620231223.858268121;1569
1620231223.8428759575;-1.4484442601;-1.3518480992;2.2502768456;0.7944462967;-0.0119998838;0.0105966268;0.6071233778;1620231223.8345959187;-0.0537322268;5.2450432905;1.4840962361;0.7067996826;0.0062647146;0.0071841102;-0.7073495251;1569;1620231223.858268121;1569
1620231223.8513989449;-1.4485300082;-1.3516693869;2.2505888202;0.7941625864;-0.0114150601;0.0107170276;0.6075036033;1620231223.8428890705;-0.0537375072;5.2450397158;1.4840951421;0.7067987660;0.0062560958;0.0071760994;-0.7073505985;1569;1620231223.858268121;1569
1620231223.8597619534;-1.4482582412;-1.3516473373;2.2508039845;0.7944270905;-0.0113936904;0.0107454879;0.6071575711;1620231223.8514111042;-0.0537392646;5.2450489158;1.4840942812;0.7067972311;0.0062667829;0.0071878261;-0.7073519186;1570;1620231223.884239425;1570
1620231223.8767530918;-1.4481467573;-1.3514410007;2.2512791446;0.7942186993;-0.0111015011;0.0104786902;0.6074402122;1620231223.8597741127;-0.0537384506;5.2450567694;1.4840902496;0.7068016420;0.0062807834;0.0071957853;-0.7073473060;1570;1620231223.884239425;1570
1620231223.8847970963;-1.4479535775;-1.3513777523;2.2514882286;0.7942426712;-0.0109455263;0.0104837538;0.6074116113;1620231223.8767890930;-0.0537374896;5.2450482149;1.4841002320;0.7067978099;0.0062594550;0.0071812783;-0.7073514716;1570;1620231223.884239425;1570
1620231223.8932740688;-1.4477503339;-1.3512772164;2.2517616677;0.7943623563;-0.0105605247;0.0105561230;0.6072606447;1620231223.8848090172;-0.0537343126;5.2450558235;1.4840970330;0.7067967066;0.0062636227;0.0071865592;-0.7073524835;1570;1620231223.884239425;1570
1620231223.9012169838;-1.4476525706;-1.3512118842;2.2519437382;0.7943009865;-0.0105179686;0.0106571295;0.6073398890;1620231223.8932909966;-0.0537169999;5.2450506557;1.4840947761;0.7067961430;0.0062601324;0.0071791449;-0.7073531529;1571;1620231223.936182137;1571
1620231223.9096050262;-1.4475448797;-1.3511270733;2.2521660814;0.7942309916;-0.0103333212;0.0107571460;0.6074328262;1620231223.9012279510;-0.0537351850;5.2450553409;1.4840936751;0.7067983624;0.0062641874;0.0071839316;-0.7073508507;1571;1620231223.936182137;1571
1620231223.9273319244;-1.4472453678;-1.3510702179;2.2525030810;0.7941033670;-0.0103870256;0.0109589565;0.6075951394;1620231223.9096190929;-0.0537142725;5.2450456025;1.4840929176;0.7067975322;0.0062591800;0.0071743894;-0.7073518214;1571;1620231223.936182137;1571
1620231223.9351708889;-1.4471466435;-1.3509847743;2.2527410927;0.7940149997;-0.0098746887;0.0113034014;0.6077128466;1620231223.9273478985;-0.0537456398;5.2450471965;1.4840959072;0.7067989203;0.0062591324;0.0071767825;-0.7073504106;1572;1620231223.962153505;1572
1620231223.9435510635;-1.4469125187;-1.3509648137;2.2529049081;0.7940839821;-0.0098755930;0.0114663735;0.6076196379;1620231223.9351840019;-0.0537215359;5.2450446735;1.4840904746;0.7068014557;0.0062554418;0.0071730856;-0.7073479473;1572;1620231223.962153505;1572
1620231223.9511001110;-1.4468969038;-1.3508437919;2.2531444331;0.7938876459;-0.0094944483;0.0116701260;0.6078783343;1620231223.9435799122;-0.0537479398;5.2450469410;1.4840956086;0.7068010179;0.0062554534;0.0071749368;-0.7073483658;1572;1620231223.962153505;1572
1620231223.9604229927;-1.4467650100;-1.3507800160;2.2533286505;0.7937897649;-0.0094087117;0.0117643313;0.6080056627;1620231223.9511098862;-0.0537513980;5.2450492076;1.4840923143;0.7068000034;0.0062617666;0.0071818673;-0.7073492534;1572;1620231223.962153505;1572
1620231223.9771258831;-1.4464535226;-1.3506517104;2.2536651330;0.7937800714;-0.0095485725;0.0118698274;0.6080140872;1620231223.9604458809;-0.0537317161;5.2450408501;1.4840911995;0.7068018989;0.0062533844;0.0071740604;-0.7073475127;1573;1620231224.014096209;1573
1620231223.9847218990;-1.4461379331;-1.3506481750;2.2538113264;0.7939920826;-0.0097941066;0.0118716220;0.6077332579;1620231223.9771389961;-0.0537435919;5.2450531023;1.4840943574;0.7068035744;0.0062619294;0.0071803404;-0.7073456992;1573;1620231224.014096209;1573
1620231223.9932401180;-1.4459858159;-1.3505741508;2.2540037773;0.7939723963;-0.0097621982;0.0118120311;0.6077606513;1620231223.9847440720;-0.0537334276;5.2450542158;1.4840930105;0.7068012368;0.0062638820;0.0071840753;-0.7073479798;1573;1620231224.014096209;1573
1620231224.0012409687;-1.4457995783;-1.3505117732;2.2542108643;0.7939485832;-0.0097553672;0.0116402525;0.6077951831;1620231223.9932529926;-0.0537227952;5.2450589754;1.4840883350;0.7068015382;0.0062699086;0.0071864298;-0.7073476013;1573;1620231224.014096209;1573
1620231224.0099349022;-1.4454545430;-1.3504900656;2.2544490643;0.7941249996;-0.0098718375;0.0113249067;0.6075687437;1620231224.0012519360;-0.0537498255;5.2450578358;1.4840935241;0.7067993545;0.0062597368;0.0071847311;-0.7073498907;1574;1620231224.040067577;1574
1620231224.0263168812;-1.4449241087;-1.3503891967;2.2548041211;0.7942988320;-0.0093853979;0.0114528052;0.6073467815;1620231224.0099470615;-0.0537190055;5.2450583631;1.4840872672;0.7068017820;0.0062737411;0.0071900783;-0.7073472866;1574;1620231224.040067577;1574
1620231224.0343470573;-1.4449170535;-1.3503329241;2.2549518763;0.7940733559;-0.0090887440;0.0117193445;0.6076409772;1620231224.0263280869;-0.0537482486;5.2450583041;1.4840927339;0.7067996237;0.0062656628;0.0071866829;-0.7073495494;1574;1620231224.040067577;1574
1620231224.0436489582;-1.4446925863;-1.3502695877;2.2551050010;0.7940783505;-0.0088249197;0.0118852617;0.6076351163;1620231224.0343580246;-0.0537231829;5.2450557513;1.4840898485;0.7068001344;0.0062622372;0.0071802226;-0.7073491350;1575;1620231224.066038945;1575
1620231224.0512840748;-1.4445126839;-1.3502127481;2.2552428293;0.7940433804;-0.0086521313;0.0120519182;0.6076800161;1620231224.0436971188;-0.0537548687;5.2450558055;1.4840905459;0.7068026360;0.0062640809;0.0071857764;-0.7073465627;1575;1620231224.066038945;1575
1620231224.0597350597;-1.4442927027;-1.3501768247;2.2553240546;0.7939725167;-0.0086043685;0.0123283441;0.6077677349;1620231224.0513091087;-0.0537262169;5.2450408300;1.4840859240;0.7068016918;0.0062499588;0.0071681710;-0.7073478097;1575;1620231224.066038945;1575
1620231224.0677890778;-1.4440838119;-1.3501131504;2.2554237960;0.7939715932;-0.0087344940;0.0124119393;0.6077653837;1620231224.0597469807;-0.0537497399;5.2450466166;1.4840967294;0.7068004084;0.0062538534;0.0071784993;-0.7073489529;1575;1620231224.066038945;1575
1620231224.0842730999;-1.4436629095;-1.3500044871;2.2556588298;0.7939424640;-0.0088468226;0.0125217192;0.6077995592;1620231224.0678009987;-0.0537542908;5.2450506796;1.4840927418;0.7068021809;0.0062616743;0.0071884737;-0.7073470112;1576;1620231224.117981633;1576
1620231224.0929260254;-1.4436785923;-1.3497816688;2.2562763549;0.7933283216;-0.0076621453;0.0110928791;0.6086447352;1620231224.0842859745;-0.0537477895;5.2450469373;1.4840936304;0.7068048585;0.0062615537;0.0071830748;-0.7073443916;1576;1620231224.117981633;1576
1620231224.1010301113;-1.4434396869;-1.3497687777;2.2563651204;0.7933197479;-0.0078053705;0.0111025777;0.6086539136;1620231224.0929379463;-0.0537217646;5.2450383583;1.4840913836;0.7068040332;0.0062522625;0.0071730061;-0.7073454007;1576;1620231224.117981633;1576
1620231224.1099689007;-1.4431169867;-1.3497840717;2.2564462270;0.7933996006;-0.0076093981;0.0113227265;0.6085482452;1620231224.1010420322;-0.0537265489;5.2450375143;1.4840889726;0.7068057772;0.0062555113;0.0071761705;-0.7073435972;1576;1620231224.117981633;1576
1620231224.1265220642;-1.4426058792;-1.3496853281;2.2566732654;0.7935264303;-0.0077564979;0.0110396472;0.6083861992;1620231224.1099810600;-0.0537311714;5.2450385997;1.4840927925;0.7068043360;0.0062551607;0.0071764974;-0.7073450370;1577;1620231224.143952921;1577
1620231224.1432969570;-1.4421767305;-1.3496546283;2.2567266156;0.7933680546;-0.0083043010;0.0109043979;0.6085879251;1620231224.1265339851;-0.0537244775;5.2450360319;1.4840900078;0.7068033768;0.0062546386;0.0071745363;-0.7073460200;1577;1620231224.143952921;1577
1620231224.1513071060;-1.4419223987;-1.3496220988;2.2567805281;0.7933747626;-0.0085332568;0.0108626745;0.6085767592;1620231224.1433091164;-0.0537479693;5.2450307284;1.4840991044;0.7068030104;0.0062486570;0.0071721793;-0.7073464629;1578;1620231224.195895633;1578
1620231224.1595079899;-1.4415931400;-1.3495817990;2.2565806573;0.7936989785;-0.0095808089;0.0118588992;0.6081196479;1620231224.1513359547;-0.0537514103;5.2450369536;1.4840927876;0.7068045109;0.0062558072;0.0071801823;-0.7073448192;1578;1620231224.195895633;1578
1620231224.1765129566;-1.4406526267;-1.3499217006;2.2563443290;0.7942996434;-0.0111636278;0.0118969562;0.6073070989;1620231224.1595199108;-0.0537296911;5.2450379193;1.4840891039;0.7068051141;0.0062600249;0.0071816530;-0.7073441642;1578;1620231224.195895633;1578
1620231224.1844980717;-1.4402671458;-1.3499980580;2.2562772525;0.7942911312;-0.0117875418;0.0116633558;0.6073109737;1620231224.1765251160;-0.0537488990;5.2450406825;1.4840872900;0.7068053153;0.0062607873;0.0071825544;-0.7073439473;1578;1620231224.195895633;1578
1620231224.1928460598;-1.4400274864;-1.3499758870;2.2562841545;0.7942282858;-0.0118186245;0.0116997445;0.6073918555;1620231224.1845090389;-0.0537497945;5.2450410203;1.4840900390;0.7068035995;0.0062613491;0.0071868119;-0.7073456136;1579;1620231224.221867065;1579
1620231224.2012319565;-1.4397329681;-1.3499890684;2.2563221567;0.7942724162;-0.0118631912;0.0116564248;0.6073341101;1620231224.1928739548;-0.0537436547;5.2450491383;1.4840885034;0.7068062679;0.0062714299;0.0071949161;-0.7073427754;1579;1620231224.221867065;1579
1620231224.2102930546;-1.4395496001;-1.3500110678;2.2563044724;0.7940665587;-0.0119199649;0.0117530562;0.6076002637;1620231224.2012441158;-0.0537197867;5.2450420120;1.4840871430;0.7068041710;0.0062660119;0.0071866740;-0.7073450025;1579;1620231224.221867065;1579
1620231224.2269449234;-1.4387863283;-1.3500431721;2.2562994529;0.7942188768;-0.0120562532;0.0117879194;0.6073977836;1620231224.2103190422;-0.0537283926;5.2450543662;1.4840877315;0.7068049349;0.0062765469;0.0072051482;-0.7073439579;1579;1620231224.221867065;1579
1620231224.2435009480;-1.4383429050;-1.3500149971;2.2561890730;0.7939702526;-0.0125101108;0.0120598517;0.6077082319;1620231224.2269690037;-0.0537499533;5.2450580329;1.4840961760;0.7068072600;0.0062748826;0.0072055140;-0.7073416456;1580;1620231224.273809793;1580
1620231224.2517340183;-1.4380294199;-1.3500226843;2.2561621304;0.7940037287;-0.0127184271;0.0120741057;0.6076598855;1620231224.2435240746;-0.0537465067;5.2450702180;1.4840940099;0.7068083890;0.0062828683;0.0072129628;-0.7073403706;1580;1620231224.273809793;1580
1620231224.2607460022;-1.4378195818;-1.3499820472;2.2561772884;0.7938880159;-0.0129398795;0.0118679276;0.6078104392;1620231224.2517580986;-0.0537410725;5.2450678408;1.4840930231;0.7068058005;0.0062746126;0.0072059399;-0.7073431020;1581;1620231224.299781089;1581
1620231224.2685759068;-1.4373969280;-1.3499798901;2.2562082135;0.7940611630;-0.0128958821;0.0117828897;0.6075868079;1620231224.2607688904;-0.0537170517;5.2450604801;1.4840874429;0.7068089119;0.0062749959;0.0071963631;-0.7073400871;1581;1620231224.299781089;1581
1620231224.2856049538;-1.4365863454;-1.3500985727;2.2561045840;0.7941594719;-0.0129921036;0.0119522800;0.6074529459;1620231224.2685990334;-0.0537365095;5.2450649941;1.4840933826;0.7068080795;0.0062721006;0.0071933039;-0.7073409757;1581;1620231224.299781089;1581
1620231224.2932560444;-1.4360863845;-1.3501333172;2.2561234825;0.7944119585;-0.0131830226;0.0115821759;0.6071257706;1620231224.2856259346;-0.0537104005;5.2450522245;1.4840953235;0.7068064403;0.0062659235;0.0071852450;-0.7073427503;1581;1620231224.299781089;1581
1620231224.3024311066;-1.4357770375;-1.3501273998;2.2561050736;0.7942861528;-0.0131215056;0.0115844980;0.6072916374;1620231224.2932798862;-0.0537361765;5.2450517045;1.4841010454;0.7068038600;0.0062600828;0.0071836845;-0.7073453962;1582;1620231224.325752505;1582
1620231224.3101649284;-1.4354877222;-1.3501181418;2.2560889875;0.7943749786;-0.0130777983;0.0116002195;0.6071760861;1620231224.3024458885;-0.0537199203;5.2450429252;1.4840999420;0.7068048637;0.0062601006;0.0071808423;-0.7073444220;1582;1620231224.325752505;1582
1620231224.3192059994;-1.4350050588;-1.3501068553;2.2560749425;0.7945826873;-0.0130352596;0.0116194446;0.6069047895;1620231224.3102080822;-0.0537407969;5.2450403169;1.4840974867;0.7068069797;0.0062581219;0.0071820896;-0.7073423124;1582;1620231224.325752505;1582
1620231224.3358879089;-1.4344876561;-1.3500613369;2.2559788050;0.7942347891;-0.0132383799;0.0115010550;0.6073578605;1620231224.3192338943;-0.0537178448;5.2450403921;1.4840915646;0.7068051505;0.0062634936;0.0071821976;-0.7073440916;1582;1620231224.325752505;1582
1620231224.3442399502;-1.4341020916;-1.3500695979;2.2559647130;0.7941960591;-0.0131431852;0.0114305944;0.6074119013;1620231224.3359138966;-0.0537207578;5.2450448646;1.4840932598;0.7068000472;0.0062623059;0.0071874124;-0.7073491485;1583;1620231224.377695153;1583
1620231224.3518788815;-1.4338694846;-1.3500175767;2.2559527526;0.7939320867;-0.0129277855;0.0114297685;0.6077615276;1620231224.3443040848;-0.0537160652;5.2450459070;1.4840962322;0.7067972474;0.0062643879;0.0071847229;-0.7073519551;1583;1620231224.377695153;1583
1620231224.3617150784;-1.4335087815;-1.3500068811;2.2559510769;0.7939562930;-0.0128843653;0.0112750118;0.6077337181;1620231224.3518910408;-0.0537398905;5.2450557521;1.4841007199;0.7067971784;0.0062690479;0.0071938997;-0.7073518894;1583;1620231224.377695153;1583
1620231224.3765890598;-1.4325397208;-1.3500517697;2.2559258833;0.7942968138;-0.0125880969;0.0110677734;0.6072986216;1620231224.3617401123;-0.0537327598;5.2450523546;1.4841006134;0.7067974297;0.0062598211;0.0071854119;-0.7073518063;1584;1620231224.403666521;1584
1620231224.3928990364;-1.4319044371;-1.3500878264;2.2557773340;0.7940038774;-0.0126836755;0.0109671706;0.6076814035;1620231224.3766028881;-0.0537264004;5.2450474315;1.4840949030;0.7068029027;0.0062622549;0.0071889633;-0.7073462799;1584;1620231224.403666521;1584
1620231224.4004940987;-1.4315409368;-1.3500597465;2.2557392219;0.7939821914;-0.0126009897;0.0109553973;0.6077116701;1620231224.3929131031;-0.0537154299;5.2450503129;1.4840939114;0.7068033788;0.0062705813;0.0071913090;-0.7073457066;1584;1620231224.403666521;1584
1620231224.4094440937;-1.4312275650;-1.3500144141;2.2557173699;0.7939396338;-0.0125604027;0.0108894217;0.6077692939;1620231224.4005060196;-0.0537461363;5.2450453849;1.4840995511;0.7068023344;0.0062591096;0.0071855356;-0.7073469104;1585;1620231224.455609201;1585
1620231224.4261400700;-1.4305120382;-1.3499569659;2.2556503790;0.7939296009;-0.0124242528;0.0108303397;0.6077862540;1620231224.4094560146;-0.0537207611;5.2450463687;1.4840961279;0.7068010176;0.0062620265;0.0071878417;-0.7073481770;1585;1620231224.455609201;1585
1620231224.4337880611;-1.4300815134;-1.3499581646;2.2556209525;0.7939652601;-0.0122389527;0.0108712893;0.6077426996;1620231224.4261519909;-0.0537426440;5.2450445627;1.4841019304;0.7068008691;0.0062583848;0.0071834155;-0.7073484026;1585;1620231224.455609201;1585
1620231224.4428689480;-1.4296276099;-1.3499714009;2.2555856537;0.7940207010;-0.0120790779;0.0109008050;0.6076729340;1620231224.4337980747;-0.0537208531;5.2450438595;1.4840971162;0.7068013045;0.0062576415;0.0071841711;-0.7073479664;1585;1620231224.455609201;1585
1620231224.4517960548;-1.4293012158;-1.3499410071;2.2555760632;0.7939903921;-0.0119601904;0.0107981399;0.6077167195;1620231224.4428970814;-0.0537441018;5.2450485178;1.4841019703;0.7068000216;0.0062618091;0.0071869005;-0.7073491836;1586;1620231224.481580617;1586
1620231224.4608280659;-1.4290835734;-1.3498820775;2.2555975167;0.7937305679;-0.0115625888;0.0108037130;0.6080636249;1620231224.4518189430;-0.0537142289;5.2450414214;1.4840993723;0.7067989285;0.0062549045;0.0071769023;-0.7073504385;1586;1620231224.481580617;1586
1620231224.4684100151;-1.4286693718;-1.3499072599;2.2555808891;0.7937497766;-0.0113771992;0.0107864723;0.6080423533;1620231224.4608509541;-0.0537457772;5.2450472348;1.4840996783;0.7068027739;0.0062589929;0.0071852957;-0.7073464747;1586;1620231224.481580617;1586
1620231224.4776959419;-1.4281599646;-1.3499897874;2.2554783364;0.7939560364;-0.0113730434;0.0109471817;0.6077702077;1620231224.4684340954;-0.0537179718;5.2450452814;1.4840960532;0.7068003249;0.0062609216;0.0071818507;-0.7073489398;1587;1620231224.507551881;1587
1620231224.4950120449;-1.4274361636;-1.3500181675;2.2553096996;0.7938066939;-0.0114382669;0.0112105223;0.6079592281;1620231224.4777090549;-0.0537117686;5.2450512328;1.4840951438;0.7067992549;0.0062656826;0.0071852997;-0.7073499318;1587;1620231224.507551881;1587
1620231224.5047590733;-1.4268427915;-1.3501096330;2.2552020479;0.7940364120;-0.0116790201;0.0113056353;0.6076528282;1620231224.4950408936;-0.0537422994;5.2450497537;1.4840953234;0.7068017137;0.0062629939;0.0071842296;-0.7073475095;1587;1620231224.507551881;1587
1620231224.5110270977;-1.4264362930;-1.3501367888;2.2550833232;0.7940027462;-0.0118707165;0.0114356748;0.6076906700;1620231224.5048189163;-0.0537225551;5.2450499140;1.4840933612;0.7068002891;0.0062625209;0.0071838257;-0.7073489414;1587;1620231224.507551881;1587
1620231224.5195260048;-1.4260627122;-1.3501713389;2.2549733080;0.7939109497;-0.0119613438;0.0116203899;0.6078053115;1620231224.5110530853;-0.0537163285;5.2450425736;1.4840968184;0.7068020959;0.0062537223;0.0071768033;-0.7073472850;1588;1620231224.559494569;1588
1620231224.5347459316;-1.4252778267;-1.3502323300;2.2548312134;0.7938983771;-0.0118131482;0.0120315756;0.6078166315;1620231224.5195500851;-0.0537433713;5.2450508511;1.4840979378;0.7068027638;0.0062600808;0.0071824394;-0.7073465042;1588;1620231224.559494569;1588
1620231224.5514810085;-1.4247058882;-1.3502603554;2.2546622856;0.7934407218;-0.0123266555;0.0115933821;0.6084122517;1620231224.5347590446;-0.0537217766;5.2450495402;1.4840907453;0.7068046216;0.0062627226;0.0071803265;-0.7073446459;1588;1620231224.559494569;1588
1620231224.5598490238;-1.4240815992;-1.3504010816;2.2545345574;0.7937922357;-0.0125472340;0.0115575866;0.6079497312;1620231224.5515019894;-0.0537279931;5.2450486008;1.4840930302;0.7068039747;0.0062614338;0.0071854315;-0.7073452519;1589;1620231224.585465913;1589
1620231224.5677208900;-1.4236390542;-1.3504412043;2.2544664030;0.7938262017;-0.0125081269;0.0115023153;0.6079072339;1620231224.5598609447;-0.0537246992;5.2450455584;1.4840914602;0.7068046362;0.0062603136;0.0071835186;-0.7073446202;1589;1620231224.585465913;1589
1620231224.5773921013;-1.4230742443;-1.3505449525;2.2543253946;0.7940530731;-0.0127561944;0.0115153676;0.6076054582;1620231224.5677449703;-0.0537452904;5.2450487084;1.4840972960;0.7068035298;0.0062581330;0.0071832424;-0.7073457479;1589;1620231224.585465913;1589
1620231224.5950551033;-1.4223086874;-1.3506083229;2.2541123067;0.7937940833;-0.0130652440;0.0115696664;0.6079361772;1620231224.5774180889;-0.0537358761;5.2450437662;1.4840984546;0.7068031881;0.0062538491;0.0071762722;-0.7073461980;1590;1620231224.637408673;1590
1620231224.6021780968;-1.4218482680;-1.3506583315;2.2539834614;0.7938824488;-0.0133558572;0.0115390845;0.6078150443;1620231224.5950770378;-0.0537255261;5.2450468416;1.4840948387;0.7068061047;0.0062604877;0.0071840534;-0.7073431459;1590;1620231224.637408673;1590
1620231224.6100199223;-1.4214332904;-1.3507448645;2.2537627241;0.7938441587;-0.0135110536;0.0119811420;0.6078530706;1620231224.6022009850;-0.0537452970;5.2450514777;1.4840997350;0.7068048796;0.0062588236;0.0071863354;-0.7073443616;1590;1620231224.637408673;1590
1620231224.6263260841;-1.4207492632;-1.3500465330;2.2540001681;0.7939076058;-0.0126128886;0.0103875954;0.6078188269;1620231224.6100559235;-0.0537271845;5.2450407453;1.4840938766;0.7068081608;0.0062567423;0.0071774408;-0.7073411916;1590;1620231224.637408673;1590
1620231224.6355149746;-1.4202403072;-1.3501288834;2.2538966441;0.7940843014;-0.0129221468;0.0102047314;0.6075845652;1620231224.6263370514;-0.0537302275;5.2450459931;1.4840936486;0.7068038817;0.0062614330;0.0071835937;-0.7073453635;1591;1620231224.663379985;1591
1620231224.6435430050;-1.4196832955;-1.3502008796;2.2538212515;0.7943647063;-0.0131568155;0.0099431963;0.6072172135;1620231224.6355459690;-0.0537257864;5.2450476554;1.4840900228;0.7068025224;0.0062619600;0.0071832692;-0.7073467204;1591;1620231224.663379985;1591
1620231224.6514720917;-1.4191025970;-1.3501889596;2.2538286837;0.7946249031;-0.0130394369;0.0096287601;0.6068842752;1620231224.6435689926;-0.0537511679;5.2450585337;1.4840966599;0.7068007825;0.0062670497;0.0071951316;-0.7073482933;1591;1620231224.663379985;1591
1620231224.6610569954;-1.4187070428;-1.3503199962;2.2536660322;0.7944319323;-0.0134624495;0.0095755353;0.6071284679;1620231224.6514940262;-0.0537348452;5.2450650702;1.4840934073;0.7068063242;0.0062785061;0.0072011587;-0.7073425930;1591;1620231224.663379985;1591
1620231224.6697690487;-1.4182490896;-1.3503585675;2.2535941446;0.7944059544;-0.0134636842;0.0094920078;0.6071637429;1620231224.6610789299;-0.0537495335;5.2450589454;1.4840982659;0.7068046370;0.0062642458;0.0071893115;-0.7073445258;1592;1620231224.715322793;1592
1620231224.6774420738;-1.4178808709;-1.3503203115;2.2535745639;0.7943264956;-0.0133351559;0.0092838142;0.6072737462;1620231224.6697890759;-0.0537277028;5.2450641358;1.4840982931;0.7068050300;0.0062668953;0.0071950265;-0.7073440515;1592;1620231224.715322793;1592
1620231224.6939749718;-1.4167646513;-1.3504025835;2.2534074738;0.7944924596;-0.0132465841;0.0092127669;0.6070596220;1620231224.6774640083;-0.0537480157;5.2450671699;1.4841047586;0.7068052873;0.0062678818;0.0071967050;-0.7073437686;1592;1620231224.715322793;1592
1620231224.7026829720;-1.4166410914;-1.3503696892;2.2533382312;0.7940772958;-0.0129897137;0.0094130353;0.6076050613;1620231224.6939949989;-0.0537449820;5.2450655487;1.4840951502;0.7068044350;0.0062698848;0.0071968046;-0.7073446015;1593;1620231224.741294129;1593
1620231224.7110729218;-1.4163601974;-1.3503150771;2.2533262134;0.7938573451;-0.0127852509;0.0092876935;0.6078986689;1620231224.7027060986;-0.0537415510;5.2450551066;1.4840975221;0.7068051332;0.0062586082;0.0071843179;-0.7073441306;1593;1620231224.741294129;1593
1620231224.7263860703;-1.4153184886;-1.3504526885;2.2531577514;0.7940483026;-0.0126365762;0.0093322698;0.6076516426;1620231224.7110910416;-0.0537476102;5.2450545160;1.4840933228;0.7068071745;0.0062648140;0.0071917229;-0.7073419607;1593;1620231224.741294129;1593
1620231224.7350420952;-1.4147257473;-1.3505744046;2.2530702785;0.7941694906;-0.0126944743;0.0093371225;0.6074919659;1620231224.7264039516;-0.0537192850;5.2450532081;1.4840900082;0.7068041457;0.0062677742;0.0071885361;-0.7073449933;1593;1620231224.741294129;1593
1620231224.7433960438;-1.4142423075;-1.3506869322;2.2529980063;0.7940593766;-0.0126030687;0.0095446340;0.6076345686;1620231224.7351078987;-0.0537431812;5.2450563028;1.4840956248;0.7068052559;0.0062630522;0.0071889981;-0.7073439211;1594;1620231224.767265505;1594
1620231224.7518761158;-1.4138752879;-1.3506831010;2.2529691965;0.7939687850;-0.0124714594;0.0094808994;0.6077566485;1620231224.7434179783;-0.0537187484;5.2450570129;1.4840932346;0.7068027860;0.0062675587;0.0071901349;-0.7073463376;1594;1620231224.767265505;1594
1620231224.7596089840;-1.4134547923;-1.3507175095;2.2529260203;0.7939391667;-0.0123829544;0.0094313614;0.6077979199;1620231224.7518880367;-0.0537446951;5.2450575667;1.4841009592;0.7068033243;0.0062658134;0.0071934231;-0.7073457818;1594;1620231224.767265505;1594
1620231224.7767128944;-1.4124843852;-1.3508426653;2.2527746240;0.7939178437;-0.0121081269;0.0095782210;0.6078290125;1620231224.7596299648;-0.0537411601;5.2450475591;1.4840985124;0.7068020121;0.0062592232;0.0071844590;-0.7073472424;1594;1620231224.767265505;1594
1620231224.7849690914;-1.4121437619;-1.3507731465;2.2528108438;0.7938673807;-0.0116646426;0.0094497792;0.6079056010;1620231224.7767350674;-0.0537436115;5.2450588313;1.4840951998;0.7068056009;0.0062747061;0.0071969306;-0.7073433924;1595;1620231224.819208153;1595
1620231224.7937150002;-1.4115562829;-1.3508663756;2.2527218702;0.7940888911;-0.0115811798;0.0096169805;0.6076151932;1620231224.7849929333;-0.0537156701;5.2450612458;1.4840882877;0.7068039810;0.0062749871;0.0071984933;-0.7073449927;1595;1620231224.819208153;1595
1620231224.8013930321;-1.4111179076;-1.3508704054;2.2527095150;0.7940120914;-0.0111909978;0.0096571868;0.6077222220;1620231224.7937400341;-0.0537149270;5.2450530334;1.4840906052;0.7068050213;0.0062698694;0.0071914355;-0.7073440703;1595;1620231224.819208153;1595
1620231224.8099100590;-1.4106656266;-1.3509145804;2.2526651147;0.7939386787;-0.0108098997;0.0098573696;0.6078218100;1620231224.8014309406;-0.0537425113;5.2450584113;1.4840981454;0.7068034853;0.0062643880;0.0071929902;-0.7073456380;1596;1620231224.845179481;1596
1620231224.8261470795;-1.4099271214;-1.3509392969;2.2525699240;0.7936596312;-0.0101623861;0.0103558583;0.6081890100;1620231224.8099329472;-0.0537161753;5.2450621572;1.4840929019;0.7068043612;0.0062777136;0.0072017161;-0.7073445558;1596;1620231224.845179481;1596
1620231224.8338630199;-1.4093855803;-1.3510665768;2.2524310557;0.7935937813;-0.0102044036;0.0106799356;0.6082686244;1620231224.8261580467;-0.0537385200;5.2450575587;1.4840969791;0.7068028721;0.0062683686;0.0071932103;-0.7073462131;1596;1620231224.845179481;1596
1620231224.8424599171;-1.4088764194;-1.3511022044;2.2523549266;0.7937415942;-0.0100553003;0.0109284089;0.6080737968;1620231224.8338739872;-0.0537349382;5.2450623484;1.4840949409;0.7068042348;0.0062744624;0.0071987213;-0.7073447414;1596;1620231224.845179481;1596
1620231224.8506419659;-1.4084218076;-1.3511552943;2.2522598938;0.7937016152;-0.0100806846;0.0111131749;0.6081222107;1620231224.8424720764;-0.0537419814;5.2450586517;1.4840943010;0.7068058649;0.0062707483;0.0071957426;-0.7073431758;1597;1620231224.897122209;1597
1620231224.8594129086;-1.4078834157;-1.3512383920;2.2521690791;0.7937714822;-0.0101864122;0.0111666788;0.6080282694;1620231224.8506529331;-0.0537256878;5.2450658916;1.4840929164;0.7068039895;0.0062799374;0.0072061404;-0.7073448624;1597;1620231224.897122209;1597
1620231224.8770270348;-1.4068811270;-1.3514244024;2.2519799095;0.7937138877;-0.0103561043;0.0112339119;0.6080993462;1620231224.8594520092;-0.0537381811;5.2450599415;1.4840954647;0.7068078372;0.0062766853;0.0071994360;-0.7073411147;1597;1620231224.897122209;1597
1620231224.8852539062;-1.4064463232;-1.3515023953;2.2518863668;0.7936790346;-0.0102658771;0.0114151463;0.6081429900;1620231224.8770489693;-0.0537237848;5.2450637906;1.4840932740;0.7068034674;0.0062755222;0.0072024522;-0.7073454608;1597;1620231224.897122209;1597
1620231224.8941490650;-1.4060178747;-1.3515076265;2.2518597744;0.7936218068;-0.0100475288;0.0113947870;0.6082216978;1620231224.8852760792;-0.0537195065;5.2450570348;1.4840913274;0.7068063663;0.0062733812;0.0071951076;-0.7073426579;1598;1620231224.923093617;1598
1620231224.9007248878;-1.4055511415;-1.3516183768;2.2517203652;0.7935173074;-0.0099361572;0.0117515840;0.6083530685;1620231224.8941750526;-0.0537459140;5.2450555589;1.4840947033;0.7068036687;0.0062667802;0.0071947239;-0.7073454159;1598;1620231224.923093617;1598
1620231224.9089980125;-1.4050304338;-1.3517144875;2.2516050509;0.7935906122;-0.0105126658;0.0117390636;0.6082479909;1620231224.9007959366;-0.0537412804;5.2450591120;1.4840953287;0.7068038231;0.0062689780;0.0071969546;-0.7073452194;1598;1620231224.923093617;1598
1620231224.9175920486;-1.4046926358;-1.3518899247;2.2513635477;0.7932197893;-0.0109985985;0.0121791989;0.6087142710;1620231224.9090089798;-0.0537184131;5.2450565072;1.4840921535;0.7068055844;0.0062710819;0.0071925444;-0.7073434856;1599;1620231224.949064921;1599
1620231224.9293670654;-1.4041810266;-1.3519280577;2.2512300906;0.7932152589;-0.0112826922;0.0122216206;0.6087141249;1620231224.9176208973;-0.0537215234;5.2450566743;1.4840931445;0.7068039375;0.0062723013;0.0071944314;-0.7073451012;1599;1620231224.949064921;1599
1620231224.9457879066;-1.4036465873;-1.3519985612;2.2510663482;0.7932981735;-0.0116048562;0.0123632909;0.6085971445;1620231224.9293889999;-0.0537203115;5.2450510446;1.4840932511;0.7068051056;0.0062657378;0.0071883610;-0.7073440539;1599;1620231224.949064921;1599
1620231224.9607949257;-1.4019425839;-1.3522883661;2.2505985861;0.7934962590;-0.0129810609;0.0120200583;0.6083179245;1620231224.9458060265;-0.0537482955;5.2450658053;1.4841009341;0.7068037089;0.0062712518;0.0072024562;-0.7073452573;1600;1620231225.001007625;1600
1620231224.9686269760;-1.4015729158;-1.3523017587;2.2505130268;0.7935070397;-0.0128857468;0.0120261508;0.6083057679;1620231224.9608058929;-0.0537202003;5.2450484479;1.4840960236;0.7068033675;0.0062565307;0.0071812079;-0.7073459449;1600;1620231225.001007625;1600
1620231224.9930191040;-1.4000154100;-1.3525832767;2.2501532798;0.7935180214;-0.0132985333;0.0115974943;0.6082908818;1620231224.9686470032;-0.0537240822;5.2450572486;1.4840901150;0.7068074795;0.0062693428;0.0071916323;-0.7073416167;1600;1620231225.001007625;1600
1620231225.0011260509;-1.3993156481;-1.3527536125;2.2499748603;0.7937713779;-0.0138802268;0.0113553648;0.6079518029;1620231224.9930310249;-0.0537283190;5.2450541267;1.4840916040;0.7068064791;0.0062629476;0.0071865938;-0.7073427241;1601;1620231225.026978969;1601
1620231225.0114009380;-1.3987392093;-1.3527178696;2.2499341452;0.7939290856;-0.0137969582;0.0110604052;0.6077531723;1620231225.0011379719;-0.0537397637;5.2450579329;1.4840960868;0.7068057846;0.0062624395;0.0071873521;-0.7073434149;1601;1620231225.026978969;1601
1620231225.0186860561;-1.3982502282;-1.3527537133;2.2498357754;0.7939051236;-0.0138896257;0.0109070745;0.6077851336;1620231225.0114200115;-0.0537302939;5.2450604873;1.4840952939;0.7068044410;0.0062639950;0.0071909618;-0.7073447070;1601;1620231225.026978969;1601
1620231225.0344018936;-1.3973792300;-1.3529181379;2.2495295741;0.7936013766;-0.0144449201;0.0107788832;0.6081710409;1620231225.0187060833;-0.0537209441;5.2450591094;1.4840903540;0.7068063492;0.0062688468;0.0071928301;-0.7073427384;1602;1620231225.078921673;1602
1620231225.0428900719;-1.3970810814;-1.3528412524;2.2494228669;0.7931772698;-0.0142429614;0.0106962579;0.6087302743;1620231225.0344140530;-0.0537501282;5.2450662206;1.4840951198;0.7068099033;0.0062757114;0.0072002028;-0.7073390510;1602;1620231225.078921673;1602
1620231225.0507071018;-1.3965354358;-1.3529005356;2.2493082605;0.7932334828;-0.0139217056;0.0108882038;0.6086610509;1620231225.0429019928;-0.0537415505;5.2450586955;1.4840940959;0.7068060398;0.0062650346;0.0071910539;-0.7073430993;1602;1620231225.078921673;1602
1620231225.0591061115;-1.3959175232;-1.3530017486;2.2491388151;0.7933135931;-0.0140809374;0.0107884489;0.6085547466;1620231225.0507180691;-0.0537188635;5.2450547073;1.4840944492;0.7068057755;0.0062596390;0.0071825955;-0.7073434972;1602;1620231225.078921673;1602
1620231225.0671091080;-1.3952590398;-1.3531016818;2.2490533684;0.7935220972;-0.0140377275;0.0106240784;0.6082867353;1620231225.0591170788;-0.0537277394;5.2450623532;1.4840895102;0.7068064563;0.0062682398;0.0071951753;-0.7073426128;1603;1620231225.104893121;1603
1620231225.0839359760;-1.3941884004;-1.3533004324;2.2487992602;0.7933521111;-0.0142483903;0.0103815665;0.6085077110;1620231225.0671200752;-0.0537208725;5.2450573290;1.4840928982;0.7068064039;0.0062652449;0.0071880363;-0.7073427643;1603;1620231225.104893121;1603
1620231225.0924389362;-1.3937418339;-1.3533626874;2.2487069815;0.7932429413;-0.0142173144;0.0102358095;0.6086532119;1620231225.0839478970;-0.0537391940;5.2450544680;1.4840986834;0.7068077708;0.0062619501;0.0071857488;-0.7073414509;1603;1620231225.104893121;1603
1620231225.1005780697;-1.3932900034;-1.3533252610;2.2487641526;0.7932017581;-0.0133970238;0.0102197693;0.6087257569;1620231225.0924499035;-0.0537264984;5.2450514088;1.4840947821;0.7068065917;0.0062581540;0.0071849827;-0.7073426704;1603;1620231225.104893121;1603
1620231225.1097040176;-1.3927395648;-1.3533882630;2.2486728655;0.7931503373;-0.0130611174;0.0102510162;0.6087995289;1620231225.1005899906;-0.0537205666;5.2450538425;1.4840969421;0.7068067541;0.0062584092;0.0071832471;-0.7073425236;1604;1620231225.130864377;1604
1620231225.1171050072;-1.3921726942;-1.3534542293;2.2485979180;0.7930861832;-0.0127799710;0.0102392779;0.6088892638;1620231225.1097159386;-0.0537226650;5.2450543268;1.4840956868;0.7068043675;0.0062606481;0.0071859207;-0.7073448614;1604;1620231225.130864377;1604
1620231225.1343131065;-1.3910266329;-1.3536137936;2.2483475436;0.7929609085;-0.0122171099;0.0106437415;0.6090570176;1620231225.1171300411;-0.0537198753;5.2450525944;1.4840932167;0.7068045301;0.0062624065;0.0071870383;-0.7073446719;1604;1620231225.130864377;1604
1620231225.1436810493;-1.3903121511;-1.3537813133;2.2481066303;0.7930794509;-0.0122718753;0.0108618835;0.6088976967;1620231225.1343369484;-0.0537199508;5.2450543480;1.4840926462;0.7068074864;0.0062651833;0.0071876799;-0.7073416868;1605;1620231225.182807177;1605
1620231225.1505188942;-1.3899775559;-1.3536883399;2.2481215103;0.7928633746;-0.0115483147;0.0108891023;0.6091926897;1620231225.1437070370;-0.0537228937;5.2450520224;1.4840986195;0.7068060902;0.0062620821;0.0071868179;-0.7073431181;1605;1620231225.182807177;1605
1620231225.1593160629;-1.3893989141;-1.3538090020;2.2479223901;0.7926495384;-0.0115913701;0.0111317921;0.6094656944;1620231225.1505439281;-0.0537258699;5.2450618172;1.4840947939;0.7068058996;0.0062714936;0.0071967987;-0.7073431237;1605;1620231225.182807177;1605
1620231225.1762580872;-1.3882845860;-1.3538607690;2.2477560532;0.7926429460;-0.0110780553;0.0112952718;0.6094808066;1620231225.1593279839;-0.0537214435;5.2450581103;1.4840992824;0.7068051290;0.0062685710;0.0071930138;-0.7073439581;1605;1620231225.182807177;1605
1620231225.1838901043;-1.3876766682;-1.3539628741;2.2476243424;0.7927067670;-0.0111269041;0.0113560641;0.6093957773;1620231225.1762709618;-0.0537200617;5.2450584692;1.4840965607;0.7068047738;0.0062683173;0.0071951088;-0.7073442941;1606;1620231225.208778465;1606
1620231225.1925289631;-1.3872417379;-1.3539916255;2.2475710691;0.7924966111;-0.0108113987;0.0113794623;0.6096742925;1620231225.1839020252;-0.0537205802;5.2450564183;1.4840948298;0.7068072943;0.0062692685;0.0071962980;-0.7073417550;1606;1620231225.208778465;1606
1620231225.2002539635;-1.3867243883;-1.3541351565;2.2474648541;0.7923256389;-0.0108211812;0.0115489936;0.6098931092;1620231225.1925408840;-0.0537415910;5.2450539658;1.4840988584;0.7068063800;0.0062642376;0.0071935604;-0.7073427409;1606;1620231225.208778465;1606
1620231225.2091219425;-1.3862369383;-1.3542615564;2.2473310049;0.7921657953;-0.0105726854;0.0118843751;0.6100986254;1620231225.2002639771;-0.0537119438;5.2450475213;1.4840941490;0.7068048002;0.0062607178;0.0071854359;-0.7073444333;1606;1620231225.208778465;1606
1620231225.2260050774;-1.3851131589;-1.3543996591;2.2471590163;0.7919919895;-0.0100774532;0.0119906080;0.6103305324;1620231225.2091450691;-0.0537229061;5.2450551588;1.4840960384;0.7068063448;0.0062696806;0.0071938248;-0.7073427252;1607;1620231225.260721137;1607
1620231225.2338249683;-1.3845336619;-1.3544628575;2.2470418686;0.7919412997;-0.0099150284;0.0120677895;0.6103974431;1620231225.2260169983;-0.0537431423;5.2450510890;1.4841004620;0.7068071173;0.0062629030;0.0071921597;-0.7073420303;1607;1620231225.260721137;1607
1620231225.2427830696;-1.3838907486;-1.3546010406;2.2468426146;0.7920070408;-0.0099546361;0.0123619477;0.6103056078;1620231225.2338359356;-0.0537186250;5.2450492917;1.4840988192;0.7068063053;0.0062611950;0.0071880778;-0.7073428982;1607;1620231225.260721137;1607
1620231225.2504770756;-1.3831975744;-1.3547730102;2.2466591198;0.7919425019;-0.0102969599;0.0125788760;0.6103792412;1620231225.2427940369;-0.0537386603;5.2450546605;1.4841003624;0.7068069877;0.0062630108;0.0071933406;-0.7073421468;1608;1620231225.286692505;1608
1620231225.2591609955;-1.3826480668;-1.3548060600;2.2465137237;0.7918834019;-0.0102217368;0.0129789729;0.6104488023;1620231225.2504870892;-0.0537060841;5.2450506427;1.4840967380;0.7068048718;0.0062632089;0.0071902122;-0.7073442911;1608;1620231225.286692505;1608
1620231225.2763381004;-1.3815202725;-1.3549309690;2.2461561194;0.7917846115;-0.0106867009;0.0131416122;0.6105654932;1620231225.2591729164;-0.0537143851;5.2450560930;1.4840939963;0.7068078168;0.0062727261;0.0071976798;-0.7073411881;1608;1620231225.286692505;1608
1620231225.2839930058;-1.3809106267;-1.3550039732;2.2459963516;0.7918098404;-0.0108783966;0.0133810982;0.6105241873;1620231225.2763640881;-0.0537117750;5.2450578082;1.4840930082;0.7068089132;0.0062725412;0.0071964643;-0.7073401066;1608;1620231225.286692505;1608
1620231225.2932999134;-1.3802831500;-1.3550658855;2.2458593027;0.7918414749;-0.0110534203;0.0134155764;0.6104792567;1620231225.2840130329;-0.0537086279;5.2450563882;1.4840902481;0.7068085873;0.0062685316;0.0071953545;-0.7073404791;1609;1620231225.338635193;1609
1620231225.3004529476;-1.3796378276;-1.3551388589;2.2457076742;0.7919140025;-0.0111919715;0.0134024187;0.6103829352;1620231225.2933111191;-0.0537141453;5.2450479755;1.4840951746;0.7068100674;0.0062607442;0.0071873032;-0.7073391509;1609;1620231225.338635193;1609
1620231225.3097839355;-1.3790351571;-1.3552655956;2.2455598209;0.7918305874;-0.0114040050;0.0133411062;0.6104885620;1620231225.3004639149;-0.0537110868;5.2450620184;1.4840994894;0.7068102999;0.0062749873;0.0072010560;-0.7073386525;1609;1620231225.338635193;1609
1620231225.3260679245;-1.3777161055;-1.3554293173;2.2453416050;0.7920393205;-0.0114007366;0.0130404391;0.6102242907;1620231225.3098099232;-0.0537127672;5.2450493124;1.4840968929;0.7068117279;0.0062605086;0.0071888054;-0.7073374784;1609;1620231225.338635193;1609
1620231225.3423418999;-1.3763638269;-1.3556146900;2.2450149213;0.7920297330;-0.0118065474;0.0126962592;0.6102362760;1620231225.3261001110;-0.0537154045;5.2450554786;1.4840942974;0.7068121110;0.0062706088;0.0071968071;-0.7073369247;1610;1620231225.364606601;1610
1620231225.3511829376;-1.3757206005;-1.3557355713;2.2448092746;0.7920440595;-0.0120792970;0.0127334995;0.6102115669;1620231225.3423800468;-0.0537156391;5.2450561975;1.4840937208;0.7068112996;0.0062683399;0.0071935051;-0.7073377893;1610;1620231225.364606601;1610
1620231225.3592810631;-1.3750606710;-1.3558094711;2.2446454062;0.7920871601;-0.0123195822;0.0126638003;0.6101522654;1620231225.3511939049;-0.0537161800;5.2450618581;1.4840935046;0.7068139018;0.0062712056;0.0071984931;-0.7073351128;1611;1620231225.390577953;1611
1620231225.3761351109;-1.3738265392;-1.3559259239;2.2443388168;0.7919698833;-0.0129279954;0.0123791788;0.6102977362;1620231225.3593039513;-0.0537148380;5.2450585617;1.4840958077;0.7068134692;0.0062699587;0.0071972355;-0.7073355690;1611;1620231225.390577953;1611
1620231225.3841779232;-1.3731873530;-1.3560151406;2.2441685648;0.7919707948;-0.0131869768;0.0122188674;0.6102942431;1620231225.3761560917;-0.0537194586;5.2450646190;1.4840958977;0.7068108874;0.0062754718;0.0072025100;-0.7073380463;1611;1620231225.390577953;1611
1620231225.3924698830;-1.3724828636;-1.3561121750;2.2440380572;0.7920888449;-0.0132787539;0.0120431209;0.6101425241;1620231225.3841888905;-0.0537202260;5.2450572365;1.4840954232;0.7068106358;0.0062632554;0.0071905840;-0.7073385273;1611;1620231225.390577953;1611
1620231225.4009261131;-1.3718271974;-1.3562085433;2.2438975097;0.7921456220;-0.0134079076;0.0118917819;0.6100689527;1620231225.3924820423;-0.0537374130;5.2450639854;1.4840948075;0.7068132135;0.0062745948;0.0072006927;-0.7073357482;1612;1620231225.442520705;1612
1620231225.4106268883;-1.3711601190;-1.3562935244;2.2437835357;0.7922024750;-0.0134025918;0.0118196346;0.6099966438;1620231225.4009370804;-0.0537207127;5.2450563190;1.4840940888;0.7068126991;0.0062651988;0.0071924545;-0.7073364294;1612;1620231225.442520705;1612
1620231225.4192459583;-1.3703783852;-1.3564743329;2.2435521134;0.7921866029;-0.0140142468;0.0112002279;0.6100151982;1620231225.4106829166;-0.0537456809;5.2450598208;1.4840979250;0.7068131325;0.0062661241;0.0071929214;-0.7073359833;1612;1620231225.442520705;1612
1620231225.4360129833;-1.3691116558;-1.3566283977;2.2432465162;0.7922016865;-0.0140391678;0.0109625049;0.6099993551;1620231225.4192690849;-0.0537227766;5.2450713990;1.4840929393;0.7068117306;0.0062780654;0.0072062766;-0.7073371424;1613;1620231225.468491969;1613
1620231225.4437201023;-1.3684727085;-1.3566932812;2.2430730401;0.7921743509;-0.0141456860;0.0108754992;0.6100339505;1620231225.4360349178;-0.0537168442;5.2450566356;1.4840934880;0.7068117146;0.0062662821;0.0071885992;-0.7073374427;1613;1620231225.468491969;1613
1620231225.4531829357;-1.3677843052;-1.3567659557;2.2429065350;0.7921649235;-0.0143379812;0.0107388283;0.6100441245;1620231225.4437448978;-0.0537205756;5.2450570465;1.4840920695;0.7068124724;0.0062647329;0.0071903099;-0.7073366818;1613;1620231225.468491969;1613
1620231225.4610490799;-1.3671112678;-1.3568402064;2.2427370301;0.7922059976;-0.0144096301;0.0107033626;0.6099897195;1620231225.4532051086;-0.0537226667;5.2450600740;1.4840915745;0.7068123114;0.0062691030;0.0071950629;-0.7073367557;1613;1620231225.468491969;1613
1620231225.4687941074;-1.3664358052;-1.3569289080;2.2425537674;0.7921778942;-0.0145923364;0.0106346302;0.6100230752;1620231225.4610741138;-0.0537187943;5.2450548075;1.4840924055;0.7068110995;0.0062637955;0.0071878131;-0.7073380873;1614;1620231225.494463369;1614
1620231225.4858789444;-1.3651044893;-1.3571127453;2.2421734984;0.7919526234;-0.0148775859;0.0105038651;0.6103108786;1620231225.4688179493;-0.0537212823;5.2450650441;1.4840952763;0.7068119088;0.0062763318;0.0071947575;-0.7073370969;1614;1620231225.494463369;1614
1620231225.4942080975;-1.3644041341;-1.3571802159;2.2420256035;0.7919813076;-0.0148083118;0.0104455778;0.6102763409;1620231225.4859011173;-0.0537438000;5.2450654989;1.4841010791;0.7068091946;0.0062665272;0.0071964115;-0.7073398792;1614;1620231225.494463369;1614
1620231225.5110120773;-1.3629718343;-1.3572938817;2.2418309481;0.7921231876;-0.0144994454;0.0098644201;0.6101092648;1620231225.4942328930;-0.0537215386;5.2450587812;1.4840989054;0.7068096623;0.0062645705;0.0071881718;-0.7073395130;1615;1620231225.546406073;1615
1620231225.5271968842;-1.3615248852;-1.3574862166;2.2415836254;0.7922733315;-0.0144724138;0.0092384208;0.6099247240;1620231225.5110371113;-0.0537253112;5.2450557224;1.4840951562;0.7068100799;0.0062627162;0.0071878623;-0.7073391153;1615;1620231225.546406073;1615
1620231225.5350730419;-1.3608408941;-1.3575420510;2.2414560366;0.7922327141;-0.0143904274;0.0089932022;0.6099830855;1620231225.5272231102;-0.0537278689;5.2450594640;1.4840946262;0.7068099841;0.0062675775;0.0071907373;-0.7073391387;1615;1620231225.546406073;1615
1620231225.5441958904;-1.3601856721;-1.3575915299;2.2413493836;0.7922603857;-0.0141528741;0.0089036182;0.6099540171;1620231225.5350890160;-0.0537184689;5.2450630816;1.4840909509;0.7068082252;0.0062714769;0.0071898618;-0.7073408706;1616;1620231225.572377497;1616
1620231225.5522880554;-1.3595574832;-1.3576445563;2.2412206868;0.7921828636;-0.0139603722;0.0088746124;0.6100595544;1620231225.5442199707;-0.0537173893;5.2450580432;1.4840914872;0.7068102110;0.0062638459;0.0071836471;-0.7073390171;1616;1620231225.572377497;1616
1620231225.5605790615;-1.3588566424;-1.3577344038;2.2410549079;0.7921720991;-0.0138712764;0.0089293478;0.6100747657;1620231225.5523109436;-0.0537402006;5.2450649007;1.4840996606;0.7068093377;0.0062697357;0.0071919331;-0.7073397534;1616;1620231225.572377497;1616
1620231225.5765841007;-1.3575820374;-1.3578645118;2.2407815784;0.7918769138;-0.0134735065;0.0090856697;0.6104644696;1620231225.5605900288;-0.0537237766;5.2450661088;1.4840980008;0.7068099071;0.0062696447;0.0071931418;-0.7073391729;1616;1620231225.572377497;1616
1620231225.5847649574;-1.3569137662;-1.3579442906;2.2405991733;0.7917393985;-0.0131664542;0.0094397959;0.6106441351;1620231225.5766189098;-0.0537432297;5.2450618261;1.4840994091;0.7068103148;0.0062684551;0.0071931286;-0.7073387762;1617;1620231225.624320161;1617
1620231225.5937008858;-1.3562487515;-1.3580119458;2.2404575967;0.7916507184;-0.0129716323;0.0096098487;0.6107606140;1620231225.5847799778;-0.0537278224;5.2450478320;1.4840994690;0.7068125013;0.0062556164;0.0071800938;-0.7073368374;1617;1620231225.624320161;1617
1620231225.6015620232;-1.3555666635;-1.3580318446;2.2403868319;0.7915971915;-0.0125529836;0.0095697763;0.6108393638;1620231225.5937380791;-0.0537125013;5.2450536777;1.4840916689;0.7068087362;0.0062602613;0.0071793443;-0.7073405662;1617;1620231225.624320161;1617
1620231225.6098749638;-1.3551619322;-1.3582837431;2.2400428423;0.7911262597;-0.0130540859;0.0100865460;0.6114303670;1620231225.6015760899;-0.0537442326;5.2450571540;1.4840960364;0.7068101566;0.0062612104;0.0071850165;-0.7073390808;1618;1620231225.650291449;1618
1620231225.6263248920;-1.3537878741;-1.3584876947;2.2397765177;0.7910517268;-0.0129033968;0.0102555411;0.6115271799;1620231225.6098899841;-0.0537152636;5.2450573212;1.4840910318;0.7068101822;0.0062710017;0.0071901181;-0.7073389167;1618;1620231225.650291449;1618
1620231225.6349210739;-1.3530602124;-1.3586119239;2.2396521651;0.7909884368;-0.0127485197;0.0103837964;0.6116101249;1620231225.6263430119;-0.0537165249;5.2450526547;1.4840951075;0.7068099166;0.0062565587;0.0071781762;-0.7073394313;1618;1620231225.650291449;1618
1620231225.6433799267;-1.3523969601;-1.3586328790;2.2396026286;0.7909719949;-0.0124015288;0.0103701351;0.6116387542;1620231225.6349320412;-0.0537477862;5.2450583166;1.4841005858;0.7068096022;0.0062601052;0.0071861893;-0.7073396327;1618;1620231225.650291449;1618
1620231225.6514899731;-1.3517616338;-1.3587414959;2.2394651398;0.7908969796;-0.0124656666;0.0104406712;0.6117332484;1620231225.6433949471;-0.0537447117;5.2450460888;1.4841045611;0.7068090843;0.0062446262;0.0071726846;-0.7073404241;1619;1620231225.676262897;1619
1620231225.6599459648;-1.3510184075;-1.3588930785;2.2393218227;0.7908102066;-0.0125913785;0.0104365787;0.6118429146;1620231225.6515259743;-0.0537151682;5.2450532165;1.4840966541;0.7068079595;0.0062572853;0.0071794365;-0.7073413677;1619;1620231225.676262897;1619
1620231225.6678249836;-1.3503641672;-1.3589698770;2.2392411765;0.7906909207;-0.0122309687;0.0105966560;0.6120016195;1620231225.6599669456;-0.0537110288;5.2450487276;1.4840948166;0.7068095061;0.0062591293;0.0071783684;-0.7073398167;1619;1620231225.676262897;1619
1620231225.6843199730;-1.3489270725;-1.3591590746;2.2390266545;0.7906595932;-0.0115012893;0.0110635308;0.6120479771;1620231225.6678390503;-0.0537160542;5.2450471620;1.4840929432;0.7068089807;0.0062574643;0.0071782331;-0.7073403579;1619;1620231225.676262897;1619
1620231225.6932060719;-1.3483393753;-1.3592377290;2.2390025845;0.7904473030;-0.0108855934;0.0112678495;0.6123296503;1620231225.6843349934;-0.0537193534;5.2450565951;1.4840918107;0.7068081472;0.0062657225;0.0071840104;-0.7073410590;1620;1620231225.728205577;1620
1620231225.7011818886;-1.3476098513;-1.3593124868;2.2388615158;0.7904617173;-0.0106428344;0.0118434395;0.6123044475;1620231225.6932220459;-0.0537322106;5.2450524745;1.4840991027;0.7068078241;0.0062552287;0.0071787627;-0.7073415280;1620;1620231225.728205577;1620
1620231225.7095661163;-1.3468085953;-1.3594785692;2.2386363935;0.7903879680;-0.0108717766;0.0119381263;0.6123937832;1620231225.7011930943;-0.0537370850;5.2450541869;1.4841005014;0.7068060450;0.0062590797;0.0071822995;-0.7073432358;1620;1620231225.728205577;1620
1620231225.7264571190;-1.3454103246;-1.3596409754;2.2383609256;0.7902935544;-0.0109911253;0.0122838872;0.6125066523;1620231225.7095820904;-0.0537333253;5.2450484306;1.4840983587;0.7068069947;0.0062554391;0.0071781111;-0.7073423615;1621;1620231225.754176865;1621
1620231225.7344660759;-1.3446469221;-1.3597154510;2.2382165329;0.7903531947;-0.0110452480;0.0126284203;0.6124217118;1620231225.7264730930;-0.0537289139;5.2450556099;1.4840998651;0.7068032066;0.0062619468;0.0071870272;-0.7073459987;1621;1620231225.754176865;1621
1620231225.7426619530;-1.3439113638;-1.3597941443;2.2380792218;0.7903244319;-0.0111181222;0.0125690663;0.6124587319;1620231225.7344810963;-0.0537092605;5.2450543157;1.4840936086;0.7068054273;0.0062658706;0.0071877727;-0.7073437373;1621;1620231225.754176865;1621
1620231225.7509999275;-1.3431193734;-1.3599387322;2.2379326811;0.7902566840;-0.0113844825;0.0125139429;0.6125423807;1620231225.7426950932;-0.0537250539;5.2450550828;1.4840967244;0.7068044824;0.0062615997;0.0071829673;-0.7073447681;1621;1620231225.754176865;1621
1620231225.7599930763;-1.3423554192;-1.3600472926;2.2378277022;0.7902841766;-0.0114238253;0.0124748723;0.6125069746;1620231225.7510170937;-0.0537224575;5.2450561613;1.4840961339;0.7068032128;0.0062623232;0.0071837121;-0.7073460228;1622;1620231225.806119625;1622
1620231225.7762100697;-1.3408047045;-1.3602607348;2.2375708967;0.7903127299;-0.0112513951;0.0125850372;0.6124710702;1620231225.7600040436;-0.0537076653;5.2450545761;1.4840906175;0.7068062811;0.0062689463;0.0071879412;-0.7073428552;1622;1620231225.806119625;1622
1620231225.7847750187;-1.3401140114;-1.3603317756;2.2374456132;0.7902003733;-0.0109591982;0.0127332739;0.6126182577;1620231225.7762260437;-0.0537113375;5.2450584269;1.4840911471;0.7068038761;0.0062689265;0.0071916893;-0.7073452205;1622;1620231225.806119625;1622
1620231225.7930650711;-1.3393063606;-1.3604599444;2.2372852437;0.7901671743;-0.0109964621;0.0128203641;0.6126585939;1620231225.7847909927;-0.0537313514;5.2450529980;1.4840982107;0.7068031520;0.0062606064;0.0071880438;-0.7073460548;1622;1620231225.806119625;1622
1620231225.8011550903;-1.3385495128;-1.3605772961;2.2371217994;0.7901903958;-0.0109977261;0.0131868572;0.6126208414;1620231225.7930810452;-0.0537364909;5.2450522559;1.4840956243;0.7068075628;0.0062631078;0.0071852750;-0.7073416532;1623;1620231225.832090937;1623
1620231225.8093860149;-1.3377440885;-1.3606895438;2.2369200112;0.7902385002;-0.0112992077;0.0130577108;0.6125560683;1620231225.8011701107;-0.0537446949;5.2450661431;1.4840990955;0.7068063872;0.0062736264;0.0071993392;-0.7073425918;1623;1620231225.832090937;1623
1620231225.8177139759;-1.3369436830;-1.3607926984;2.2366960740;0.7901074994;-0.0117641765;0.0131169313;0.6127150150;1620231225.8094170094;-0.0537367951;5.2450545368;1.4840977287;0.7068059303;0.0062640898;0.0071882888;-0.7073432452;1623;1620231225.832090937;1623
1620231225.8343389034;-1.3353959579;-1.3610150423;2.2362787062;0.7902259767;-0.0125623120;0.0134546138;0.6125390334;1620231225.8177289963;-0.0537148219;5.2450578950;1.4840961280;0.7068030349;0.0062619672;0.0071859658;-0.7073461808;1624;1620231225.858062305;1624
1620231225.8429629803;-1.3345772920;-1.3611397422;2.2360461404;0.7903302364;-0.0129999872;0.0135582409;0.6123930861;1620231225.8343539238;-0.0537382829;5.2450601330;1.4841018181;0.7068046374;0.0062624644;0.0071874417;-0.7073445602;1624;1620231225.858062305;1624
1620231225.8510880470;-1.3337509982;-1.3612378960;2.2358434514;0.7904567619;-0.0132993324;0.0135426094;0.6122236789;1620231225.8429799080;-0.0537082363;5.2450480360;1.4840914504;0.7068048802;0.0062524343;0.0071732328;-0.7073445505;1624;1620231225.858062305;1624
1620231225.8595070839;-1.3329930277;-1.3612953973;2.2356811685;0.7904197374;-0.0133703233;0.0134587326;0.6122717826;1620231225.8511030674;-0.0537470373;5.2450672068;1.4840970084;0.7068057559;0.0062703270;0.0071967677;-0.7073432780;1624;1620231225.858062305;1624
1620231225.8763329983;-1.3313656527;-1.3615012422;2.2353203104;0.7904424833;-0.0136431359;0.0132433874;0.6122410947;1620231225.8595309258;-0.0537126684;5.2450669993;1.4840908472;0.7068059195;0.0062731464;0.0071942020;-0.7073431156;1625;1620231225.910005081;1625
1620231225.8845739365;-1.3305486810;-1.3615878091;2.2351549373;0.7904546269;-0.0137118750;0.0130320561;0.6122284156;1620231225.8763461113;-0.0537060946;5.2450663446;1.4840875627;0.7068046012;0.0062691286;0.0071871632;-0.7073445402;1625;1620231225.910005081;1625
1620231225.8931961060;-1.3298051917;-1.3616219338;2.2349994801;0.7903508934;-0.0137546238;0.0128118580;0.6123660114;1620231225.8845889568;-0.0537155692;5.2450733771;1.4840881981;0.7068057984;0.0062693216;0.0071915126;-0.7073432979;1625;1620231225.910005081;1625
1620231225.9010539055;-1.3286988124;-1.3618405473;2.2347564077;0.7908095637;-0.0141984138;0.0126652588;0.6117664835;1620231225.8932309151;-0.0537097677;5.2450808458;1.4840856692;0.7068096540;0.0062812097;0.0071981531;-0.7073392722;1625;1620231225.910005081;1625
1620231225.9098339081;-1.3279152561;-1.3619363026;2.2345295793;0.7907339222;-0.0144789174;0.0125521774;0.6118600069;1620231225.9010670185;-0.0537391100;5.2450803036;1.4840927942;0.7068092413;0.0062755568;0.0071962259;-0.7073397544;1626;1620231225.935976457;1626
1620231225.9179790020;-1.3271825490;-1.3620070659;2.2343023370;0.7905531053;-0.0146749295;0.0125450022;0.6120890924;1620231225.9098520279;-0.0537099392;5.2450845341;1.4840873116;0.7068053960;0.0062734900;0.0071973713;-0.7073436035;1626;1620231225.935976457;1626
1620231225.9344649315;-1.3255066150;-1.3622448503;2.2337281166;0.7904113098;-0.0155677904;0.0124692891;0.6122516820;1620231225.9179921150;-0.0537106480;5.2450807508;1.4840862633;0.7068080307;0.0062728582;0.0071957038;-0.7073409934;1626;1620231225.935976457;1626
1620231225.9432508945;-1.3247478038;-1.3622556362;2.2335836426;0.7903394532;-0.0154285508;0.0123802486;0.6123497677;1620231225.9344789982;-0.0537104633;5.2450789215;1.4840807654;0.7068071588;0.0062744209;0.0071981978;-0.7073418254;1627;1620231225.987919081;1627
1620231225.9509789944;-1.3239407144;-1.3623074081;2.2334244485;0.7903190059;-0.0154028774;0.0123999670;0.6123764048;1620231225.9432630539;-0.0537106742;5.2450785132;1.4840836374;0.7068071213;0.0062737614;0.0071952172;-0.7073418990;1627;1620231225.987919081;1627
1620231225.9603679180;-1.3230306924;-1.3623932039;2.2332656528;0.7904059327;-0.0154033409;0.0119219373;0.6122736856;1620231225.9509890079;-0.0537364182;5.2450739654;1.4840886304;0.7068046267;0.0062637210;0.0071883610;-0.7073445504;1627;1620231225.987919081;1627
1620231225.9762868881;-1.3212418251;-1.3625245782;2.2329593094;0.7905253807;-0.0154084157;0.0112074181;0.6121328262;1620231225.9603860378;-0.0537398731;5.2450835874;1.4840866129;0.7068082017;0.0062776195;0.0071994998;-0.7073407416;1627;1620231225.987919081;1627
1620231225.9842801094;-1.3203890613;-1.3625675536;2.2327908381;0.7905577367;-0.0153316993;0.0108985741;0.6120985420;1620231225.9763031006;-0.0537441170;5.2450793946;1.4840916709;0.7068076629;0.0062708119;0.0071941273;-0.7073413950;1628;1620231226.013890513;1628
1620231225.9929220676;-1.3195002916;-1.3619260612;2.2332504802;0.7904248278;-0.0132891464;0.0082472791;0.6123593493;1620231225.9842939377;-0.0537187602;5.2450745313;1.4840884245;0.7068080564;0.0062669637;0.0071905532;-0.7073410722;1628;1620231226.013890513;1628
1620231226.0014059544;-1.3185864886;-1.3619994360;2.2330566041;0.7904249194;-0.0132979563;0.0081263467;0.6123606565;1620231225.9929380417;-0.0537179124;5.2450783837;1.4840901015;0.7068058705;0.0062698473;0.0071901129;-0.7073432355;1628;1620231226.013890513;1628
1620231226.0129749775;-1.3176810348;-1.3620572847;2.2328165770;0.7905468977;-0.0133580371;0.0081197606;0.6122019559;1620231226.0014200211;-0.0537142330;5.2450825881;1.4840905024;0.7068055567;0.0062705284;0.0071947473;-0.7073434959;1628;1620231226.013890513;1628
1620231226.0203781128;-1.3167745177;-1.3621034417;2.2326127230;0.7905004717;-0.0134178767;0.0079126138;0.6122633056;1620231226.0130031109;-0.0537435091;5.2450767833;1.4840938178;0.7068076675;0.0062651152;0.0071887792;-0.7073414953;1629;1620231226.039861777;1629
1620231226.0354740620;-1.3151159567;-1.3621778457;2.2321708218;0.7905283467;-0.0138510989;0.0087776748;0.6122058744;1620231226.0203890800;-0.0537406046;5.2450869893;1.4840925832;0.7068064202;0.0062754981;0.0071985118;-0.7073425507;1629;1620231226.039861777;1629
1620231226.0443089008;-1.3142598861;-1.3622127495;2.2320143916;0.7904935435;-0.0136538054;0.0086249165;0.6122574149;1620231226.0355000496;-0.0537507796;5.2450805515;1.4840957606;0.7068057398;0.0062631921;0.0071919665;-0.7073434061;1629;1620231226.039861777;1629
1620231226.0524060726;-1.3135020008;-1.3631725040;2.2311647651;0.7901212949;-0.0156957711;0.0101421742;0.6126655845;1620231226.0443370342;-0.0537537637;5.2450817666;1.4840967495;0.7068091826;0.0062740279;0.0071978812;-0.7073398097;1630;1620231226.091804449;1630
1620231226.0631430149;-1.3126678990;-1.3631546119;2.2310597895;0.7901142501;-0.0152551540;0.0097464894;0.6126922213;1620231226.0524230003;-0.0537400138;5.2450689337;1.4840985009;0.7068050396;0.0062562349;0.0071781642;-0.7073443076;1630;1620231226.091804449;1630
1620231226.0766870975;-1.3110949707;-1.3631659581;2.2308703440;0.7901781614;-0.0140365798;0.0096825780;0.6126399394;1620231226.0631709099;-0.0537484031;5.2450768386;1.4840985677;0.7068060879;0.0062643265;0.0071909297;-0.7073430588;1630;1620231226.091804449;1630
1620231226.0849170685;-1.3102772047;-1.3633878719;2.2305848321;0.7901533458;-0.0140885096;0.0099738311;0.6126660809;1620231226.0767059326;-0.0537218404;5.2450752395;1.4840929774;0.7068063957;0.0062644931;0.0071868495;-0.7073427913;1630;1620231226.091804449;1630
1620231226.0935330391;-1.3093417161;-1.3634973023;2.2303800710;0.7901524948;-0.0141595981;0.0098223195;0.6126679874;1620231226.0849280357;-0.0537437927;5.2450750473;1.4840918570;0.7068071962;0.0062673496;0.0071900932;-0.7073419331;1631;1620231226.117775825;1631
1620231226.1014339924;-1.3085028799;-1.3635696795;2.2301562389;0.7900488917;-0.0140478687;0.0098076021;0.6128043873;1620231226.0935521126;-0.0537195985;5.2450727951;1.4840884711;0.7068067417;0.0062669868;0.0071887654;-0.7073424039;1631;1620231226.117775825;1631
1620231226.1101460457;-1.3077722471;-1.3636001229;2.2299709191;0.7898630651;-0.0136177972;0.0100198661;0.6130501581;1620231226.1014440060;-0.0537460774;5.2450721656;1.4840959456;0.7068053760;0.0062624775;0.0071866061;-0.7073438304;1631;1620231226.117775825;1631
1620231226.1179759502;-1.3069192552;-1.3636336452;2.2297716673;0.7897819944;-0.0135391399;0.0097237776;0.6131611054;1620231226.1101639271;-0.0537492654;5.2450725321;1.4840948088;0.7068072888;0.0062655625;0.0071888054;-0.7073418695;1631;1620231226.117775825;1631
1620231226.1352009773;-1.3051327143;-1.3638349323;2.2293183771;0.7898196427;-0.0130993093;0.0103224016;0.6131123781;1620231226.1179940701;-0.0537504298;5.2450715785;1.4840934185;0.7068083316;0.0062659734;0.0071880708;-0.7073408313;1632;1620231226.169718585;1632
1620231226.1430609226;-1.3042862510;-1.3639017404;2.2291320923;0.7896624378;-0.0128567975;0.0104357487;0.6133180514;1620231226.1352179050;-0.0537424334;5.2450679704;1.4841004221;0.7068033954;0.0062573103;0.0071800310;-0.7073459221;1632;1620231226.169718585;1632
1620231226.1515829563;-1.3035402080;-1.3639162636;2.2289727017;0.7895532999;-0.0123348995;0.0106803638;0.6134650492;1620231226.1430718899;-0.0537461051;5.2450728687;1.4840952365;0.7068080218;0.0062685128;0.0071908512;-0.7073410901;1632;1620231226.169718585;1632
1620231226.1602389812;-1.3026423355;-1.3639485594;2.2287937709;0.7895713535;-0.0118880307;0.0108255318;0.6134480909;1620231226.1515939236;-0.0537182837;5.2450702839;1.4840920382;0.7068059330;0.0062654258;0.0071864444;-0.7073432494;1633;1620231226.195689865;1633
1620231226.1683878899;-1.3016619328;-1.3640956866;2.2285437476;0.7894914159;-0.0121612891;0.0107853020;0.6135463182;1620231226.1602571011;-0.0537414761;5.2450829692;1.4840953644;0.7068052939;0.0062752431;0.0071957080;-0.7073437068;1633;1620231226.195689865;1633
1620231226.1849400997;-1.2998861576;-1.3641899461;2.2282945150;0.7894555148;-0.0118822793;0.0106088271;0.6136010547;1620231226.1684050560;-0.0537436313;5.2450785027;1.4840927021;0.7068084250;0.0062728370;0.0071974489;-0.7073405818;1633;1620231226.195689865;1633
1620231226.1938080788;-1.2991221332;-1.3642276298;2.2281067724;0.7893798428;-0.0115944870;0.0108186808;0.6137002426;1620231226.1849589348;-0.0537240213;5.2450676105;1.4840912807;0.7068059873;0.0062636219;0.0071862889;-0.7073432128;1633;1620231226.195689865;1633
1620231226.2015650272;-1.2983012237;-1.3643587047;2.2278544096;0.7893869875;-0.0116927695;0.0109888860;0.6136861636;1620231226.1938269138;-0.0537184511;5.2450694893;1.4840912183;0.7068057975;0.0062693222;0.0071881016;-0.7073433335;1634;1620231226.247632585;1634
1620231226.2098770142;-1.2973617543;-1.3644564044;2.2276684841;0.7893444988;-0.0116710734;0.0109285344;0.6137423037;1620231226.2015750408;-0.0537442610;5.2450663936;1.4840968200;0.7068043161;0.0062626313;0.0071869719;-0.7073448845;1634;1620231226.247632585;1634
1620231226.2188770771;-1.2964886923;-1.3645164441;2.2275049351;0.7892907576;-0.0113564409;0.0110157347;0.6138157580;1620231226.2098970413;-0.0537144031;5.2450648442;1.4840906667;0.7068053435;0.0062649074;0.0071842117;-0.7073438658;1634;1620231226.247632585;1634
1620231226.2347540855;-1.2947552366;-1.3646542322;2.2271377707;0.7890996572;-0.0107307114;0.0113876349;0.6140658797;1620231226.2188949585;-0.0537198993;5.2450649752;1.4840908522;0.7068027307;0.0062571360;0.0071788630;-0.7073465996;1635;1620231226.273603953;1635
1620231226.2439858913;-1.2938135988;-1.3647799373;2.2269169452;0.7889590401;-0.0107248344;0.0114514400;0.6142454522;1620231226.2347729206;-0.0537205097;5.2450653487;1.4840894424;0.7068054385;0.0062662106;0.0071846502;-0.7073437548;1635;1620231226.273603953;1635
1620231226.2514860630;-1.2929075938;-1.3648598574;2.2266895062;0.7889047773;-0.0105104355;0.0117012687;0.6143141407;1620231226.2440049648;-0.0537276046;5.2450658174;1.4840898650;0.7068067248;0.0062636030;0.0071835406;-0.7073425038;1635;1620231226.273603953;1635
1620231226.2596170902;-1.2920396525;-1.3649576401;2.2264382378;0.7888854681;-0.0103969132;0.0120396406;0.6143343304;1620231226.2515020370;-0.0537196565;5.2450607324;1.4840867024;0.7068036222;0.0062562939;0.0071741804;-0.7073457638;1635;1620231226.273603953;1635
1620231226.2682468891;-1.2911785040;-1.3650535869;2.2260917233;0.7887885474;-0.0107068350;0.0121319019;0.6144516320;1620231226.2596349716;-0.0537230130;5.2450678510;1.4840880384;0.7068057942;0.0062672298;0.0071870137;-0.7073433664;1636;1620231226.299575353;1636
1620231226.2849578857;-1.2893277018;-1.3652717652;2.2256016953;0.7885956586;-0.0111142183;0.0118816556;0.6146968259;1620231226.2682659626;-0.0537195961;5.2450618012;1.4840872206;0.7068038927;0.0062588164;0.0071747931;-0.7073454650;1636;1620231226.299575353;1636
1620231226.2939319611;-1.2884834228;-1.3653139666;2.2254260651;0.7886070656;-0.0107615629;0.0123082066;0.6146800736;1620231226.2849750519;-0.0537175111;5.2450654516;1.4840914895;0.7068012716;0.0062596125;0.0071804963;-0.7073480192;1636;1620231226.299575353;1636
1620231226.3019011021;-1.2875629922;-1.3654175538;2.2251919570;0.7885507513;-0.0107461584;0.0124403903;0.6147499242;1620231226.2939460278;-0.0537215767;5.2450777510;1.4840910961;0.7068017400;0.0062697861;0.0071897910;-0.7073473666;1636;1620231226.299575353;1636
1620231226.3102591038;-1.2866353433;-1.3655644888;2.2249240774;0.7885103296;-0.0106912630;0.0126824502;0.6147977818;1620231226.3019189835;-0.0537171471;5.2450755446;1.4840862891;0.7068008801;0.0062706755;0.0071911725;-0.7073482039;1637;1620231226.351518097;1637
1620231226.3271710873;-1.2847941841;-1.3657923550;2.2244103334;0.7883273574;-0.0104893584;0.0130589510;0.6150279788;1620231226.3102900982;-0.0537103176;5.2450690522;1.4840872673;0.7067971342;0.0062625412;0.0071832764;-0.7073520991;1637;1620231226.351518097;1637
1620231226.3353109360;-1.2837721112;-1.3659307811;2.2241456729;0.7883449972;-0.0104379323;0.0132395084;0.6150023824;1620231226.3271889687;-0.0537154380;5.2450728895;1.4840854626;0.7067988239;0.0062667920;0.0071833062;-0.7073503728;1637;1620231226.351518097;1637
1620231226.3439259529;-1.2828781064;-1.3659826091;2.2239076199;0.7882847894;-0.0102663864;0.0133841108;0.6150793101;1620231226.3353400230;-0.0537151788;5.2450701594;1.4840833997;0.7067991111;0.0062634635;0.0071821055;-0.7073501275;1638;1620231226.377489345;1638
1620231226.3516221046;-1.2819182350;-1.3660771680;2.2236082294;0.7881004300;-0.0105190627;0.0134633697;0.6153095150;1620231226.3439450264;-0.0537143595;5.2450719622;1.4840835231;0.7067990279;0.0062661033;0.0071834141;-0.7073501740;1638;1620231226.377489345;1638
1620231226.3599851131;-1.2810302165;-1.3661387156;2.2232879586;0.7879996560;-0.0105561026;0.0138277694;0.6154298527;1620231226.3516399860;-0.0537237083;5.2450707294;1.4840894142;0.7067994367;0.0062566941;0.0071805645;-0.7073498777;1638;1620231226.377489345;1638
1620231226.3682401180;-1.2800913956;-1.3662960387;2.2229415570;0.7879064246;-0.0109789757;0.0140142581;0.6155375933;1620231226.3600029945;-0.0537223709;5.2450824884;1.4840868155;0.7068002247;0.0062691994;0.0071905444;-0.7073488783;1638;1620231226.377489345;1638
1620231226.3849279881;-1.2783009157;-1.3666433054;2.2222377605;0.7875349315;-0.0117123002;0.0145631885;0.6159865804;1620231226.3682498932;-0.0537128806;5.2450860925;1.4840905114;0.7067980151;0.0062708174;0.0071885005;-0.7073510926;1639;1620231226.403460729;1639
1620231226.3934888840;-1.2772754982;-1.3667512708;2.2219719432;0.7876188365;-0.0117576307;0.0146187616;0.6158771130;1620231226.3849389553;-0.0537364711;5.2450889957;1.4840875907;0.7068024588;0.0062774556;0.0071956978;-0.7073465203;1639;1620231226.403460729;1639
1620231226.4100530148;-1.2753296316;-1.3669505257;2.2214564125;0.7876406524;-0.0119012681;0.0140455260;0.6158597939;1620231226.3935239315;-0.0537304767;5.2450987877;1.4840848815;0.7068025864;0.0062859629;0.0072031739;-0.7073462411;1639;1620231226.403460729;1639
1620231226.4185390472;-1.2744263810;-1.3670051144;2.2212708389;0.7877556403;-0.0112440945;0.0145678201;0.6157129202;1620231226.4100730419;-0.0537364944;5.2450853706;1.4840870057;0.7068033244;0.0062698724;0.0071889458;-0.7073457912;1640;1620231226.455403529;1640
1620231226.4345550537;-1.2722571717;-1.3672710954;2.2205903846;0.7878984852;-0.0118878963;0.0139992186;0.6155312152;1620231226.4185569286;-0.0537392509;5.2450925897;1.4840849028;0.7068053113;0.0062797788;0.0071960468;-0.7073436458;1640;1620231226.455403529;1640
1620231226.4438900948;-1.2713320624;-1.3673016952;2.2203127974;0.7878415087;-0.0117730918;0.0139609742;0.6156072146;1620231226.4345710278;-0.0537401429;5.2450884286;1.4840876905;0.7068025729;0.0062725122;0.0071917083;-0.7073464907;1640;1620231226.455403529;1640
1620231226.4512910843;-1.2702448747;-1.3674226572;2.2199434562;0.7877724853;-0.0121113363;0.0139339588;0.6156895904;1620231226.4439079762;-0.0537414214;5.2450866707;1.4840894242;0.7068026405;0.0062706016;0.0071899059;-0.7073464584;1641;1620231226.481374849;1641
1620231226.4595990181;-1.2692032208;-1.3675404050;2.2195377573;0.7878065132;-0.0124703186;0.0139701796;0.6156380617;1620231226.4513070583;-0.0537330351;5.2450771171;1.4840914533;0.7068011095;0.0062576802;0.0071782487;-0.7073482210;1641;1620231226.481374849;1641
1620231226.4678540230;-1.2681863950;-1.3675469692;2.2193307888;0.7879821756;-0.0122165136;0.0140992698;0.6154153544;1620231226.4596290588;-0.0537097171;5.2450721500;1.4840867777;0.7068021309;0.0062594767;0.0071754427;-0.7073472130;1641;1620231226.481374849;1641
1620231226.4844748974;-1.2660817573;-1.3676710082;2.2186348515;0.7880400359;-0.0127730192;0.0140196752;0.6153317808;1620231226.4678719044;-0.0537335997;5.2450824548;1.4840900447;0.7068024023;0.0062706700;0.0071848631;-0.7073467470;1641;1620231226.481374849;1641
1620231226.4940369129;-1.2650057835;-1.3677969717;2.2182929564;0.7878899070;-0.0133325454;0.0136635107;0.6155201428;1620231226.4844930172;-0.0537337346;5.2450748769;1.4840885662;0.7068012086;0.0062634910;0.0071780219;-0.7073480729;1642;1620231226.533317561;1642
1620231226.5097849369;-1.2629220493;-1.3679643330;2.2177261470;0.7880339742;-0.0134831226;0.0129252729;0.6153483552;1620231226.4940729141;-0.0537367862;5.2450728505;1.4840917412;0.7068002484;0.0062616145;0.0071785578;-0.7073490435;1642;1620231226.533317561;1642
1620231226.5268139839;-1.2608971662;-1.3682446158;2.2170387503;0.7879961943;-0.0137859812;0.0124795173;0.6153992250;1620231226.5098059177;-0.0537051194;5.2450643365;1.4840864895;0.7067986835;0.0062577227;0.0071714841;-0.7073507133;1643;1620231226.559288913;1643
1620231226.5352480412;-1.2598025649;-1.3683775692;2.2167459266;0.7880632336;-0.0141073917;0.0120778963;0.6153141033;1620231226.5268321037;-0.0537400832;5.2450650509;1.4840929474;0.7067974097;0.0062529275;0.0071729327;-0.7073520139;1643;1620231226.559288913;1643
1620231226.5429480076;-1.2587033755;-1.3683912137;2.2165076746;0.7880855209;-0.0138951312;0.0116219210;0.6152991696;1620231226.5352659225;-0.0537292413;5.2450596064;1.4840941475;0.7067989376;0.0062496766;0.0071676549;-0.7073505695;1643;1620231226.559288913;1643
1620231226.5515570641;-1.2577260902;-1.3684375551;2.2162079170;0.7880072511;-0.0137646756;0.0115130969;0.6154043829;1620231226.5429670811;-0.0537207061;5.2450582756;1.4840887187;0.7067991742;0.0062537612;0.0071745578;-0.7073502269;1643;1620231226.559288913;1643
1620231226.5601489544;-1.2565881954;-1.3685942069;2.2158711920;0.7880020426;-0.0140932187;0.0111824767;0.6154097125;1620231226.5515758991;-0.0537380996;5.2450668836;1.4840956604;0.7067995036;0.0062583069;0.0071773948;-0.7073498288;1644;1620231226.585260249;1644
1620231226.5686159134;-1.2555393700;-1.3686552628;2.2155734407;0.7879134212;-0.0140904000;0.0110273257;0.6155260348;1620231226.5601680279;-0.0537320217;5.2450649696;1.4840940613;0.7067975068;0.0062563825;0.0071779754;-0.7073518352;1644;1620231226.585260249;1644
1620231226.5851199627;-1.2534965745;-1.3687891799;2.2149368254;0.7878327121;-0.0137399863;0.0111105441;0.6156357578;1620231226.5686349869;-0.0537307490;5.2450646870;1.4840974866;0.7067986163;0.0062524334;0.0071784548;-0.7073507566;1644;1620231226.585260249;1644
1620231226.5932579041;-1.2524127221;-1.3688694349;2.2146241133;0.7877509328;-0.0137430900;0.0107681327;0.6157464110;1620231226.5851390362;-0.0537366675;5.2450674127;1.4840964384;0.7067999512;0.0062551963;0.0071793793;-0.7073493889;1644;1620231226.585260249;1644
1620231226.6094279289;-1.2503154558;-1.3690441697;2.2139878447;0.7875681281;-0.0134037973;0.0106521143;0.6159897031;1620231226.5932919979;-0.0537238722;5.2450616432;1.4840938148;0.7068009893;0.0062529985;0.0071773563;-0.7073483916;1645;1620231226.637202889;1645
1620231226.6263060570;-1.2481182992;-1.3692900230;2.2133126712;0.7875016581;-0.0134610963;0.0104082190;0.6160775977;1620231226.6094388962;-0.0537476383;5.2450723444;1.4840929020;0.7068022826;0.0062639728;0.0071887906;-0.7073468860;1645;1620231226.637202889;1645
1620231226.6347160339;-1.2471878644;-1.3692727946;2.2131076917;0.7872579147;-0.0130944263;0.0101631481;0.6164010238;1620231226.6263239384;-0.0537292454;5.2450623881;1.4840919862;0.7068019820;0.0062545418;0.0071779415;-0.7073473801;1646;1620231226.663174281;1646
1620231226.6427760124;-1.2462109842;-1.3693166337;2.2128478034;0.7870981406;-0.0127424486;0.0101341841;0.6166128813;1620231226.6347339153;-0.0537259422;5.2450619784;1.4840923574;0.7068034250;0.0062553106;0.0071796989;-0.7073459135;1646;1620231226.663174281;1646
1620231226.6517629623;-1.2451218000;-1.3694253474;2.2125228402;0.7869587596;-0.0128701930;0.0100056236;0.6167902045;1620231226.6427860260;-0.0537284174;5.2450644564;1.4840965133;0.7068004018;0.0062540873;0.0071791261;-0.7073489510;1646;1620231226.663174281;1646
1620231226.6597840786;-1.2440736011;-1.3695069989;2.2122395313;0.7869021452;-0.0126800099;0.0099581480;0.6168671385;1620231226.6518049240;-0.0537425494;5.2450645355;1.4841015676;0.7068003579;0.0062557088;0.0071793245;-0.7073489786;1646;1620231226.663174281;1646
1620231226.6767480373;-1.2419511398;-1.3696774335;2.2116838219;0.7867175083;-0.0121613072;0.0101400465;0.6171100746;1620231226.6599290371;-0.0537219368;5.2450590899;1.4840974883;0.7068047205;0.0062571832;0.0071783486;-0.7073446161;1647;1620231226.715117041;1647
1620231226.6846990585;-1.2408764931;-1.3697263686;2.2114167568;0.7865393760;-0.0120090800;0.0099883315;0.6173425510;1620231226.6767680645;-0.0537314534;5.2450617042;1.4840963817;0.7068054137;0.0062598769;0.0071831404;-0.7073438510;1647;1620231226.715117041;1647
1620231226.6930389404;-1.2398940032;-1.3697807195;2.2111675280;0.7864402043;-0.0115791771;0.0101826171;0.6174739202;1620231226.6847169399;-0.0537302521;5.2450662800;1.4840968504;0.7068063150;0.0062625842;0.0071838429;-0.7073429193;1647;1620231226.715117041;1647
1620231226.7014780045;-1.2387776693;-1.3699099217;2.2108216190;0.7863203189;-0.0114537404;0.0103650137;0.6176258855;1620231226.6930949688;-0.0537276120;5.2450655998;1.4840968728;0.7068050665;0.0062592536;0.0071793269;-0.7073442422;1647;1620231226.715117041;1647
1620231226.7095730305;-1.2377737890;-1.3699203853;2.2105767002;0.7862663421;-0.0110918100;0.0105449432;0.6176981587;1620231226.7014958858;-0.0537305454;5.2450667706;1.4840987814;0.7068060840;0.0062596548;0.0071824662;-0.7073431900;1648;1620231226.741088345;1648
1620231226.7260570526;-1.2355488431;-1.3701146610;2.2098867455;0.7860921028;-0.0112364479;0.0107201778;0.6179142546;1620231226.7095980644;-0.0537232797;5.2450741149;1.4840944914;0.7068046567;0.0062646899;0.0071862930;-0.7073445328;1648;1620231226.741088345;1648
1620231226.7345750332;-1.2345762763;-1.3695116816;2.2103654065;0.7859403781;-0.0090944798;0.0092815462;0.6181657265;1620231226.7260930538;-0.0537354403;5.2450695139;1.4840959810;0.7068039514;0.0062578413;0.0071781647;-0.7073453807;1648;1620231226.741088345;1648
1620231226.7431221008;-1.2334896865;-1.3697529702;2.2097532445;0.7859865311;-0.0096108650;0.0100341528;0.6180874696;1620231226.7345919609;-0.0537400623;5.2450799196;1.4840948771;0.7068041785;0.0062664697;0.0071905399;-0.7073449518;1649;1620231226.767059681;1649
1620231226.7513120174;-1.2323886209;-1.3698584918;2.2093868034;0.7859282668;-0.0095344004;0.0102504273;0.6181591893;1620231226.7432169914;-0.0537341151;5.2450740633;1.4840927400;0.7068048054;0.0062633358;0.0071851884;-0.7073444075;1649;1620231226.767059681;1649
1620231226.7597959042;-1.2312069753;-1.3699996009;2.2090167506;0.7858457833;-0.0095794307;0.0103846622;0.6182611084;1620231226.7513289452;-0.0537342411;5.2450776512;1.4840921822;0.7068032668;0.0062616817;0.0071855037;-0.7073459563;1649;1620231226.767059681;1649
1620231226.7762460709;-1.2291307540;-1.3700483798;2.2085537101;0.7854762619;-0.0086021552;0.0104185668;0.6187442916;1620231226.7598168850;-0.0537436106;5.2450762158;1.4840909807;0.7068072367;0.0062659407;0.0071892287;-0.7073419139;1649;1620231226.767059681;1649
1620231226.7845339775;-1.2279288697;-1.3701415851;2.2082356296;0.7855351987;-0.0083849663;0.0105454812;0.6186702974;1620231226.7762761116;-0.0537219941;5.2450813915;1.4840908450;0.7068091351;0.0062730374;0.0071931361;-0.7073399143;1650;1620231226.819002369;1650
1620231226.7934470177;-1.2268952496;-1.3702248713;2.2078922471;0.7853883546;-0.0080737826;0.0109846698;0.6188532003;1620231226.7845509052;-0.0537260273;5.2450787971;1.4840947991;0.7068071570;0.0062635860;0.0071902493;-0.7073420040;1650;1620231226.819002369;1650
1620231226.8016040325;-1.2257642732;-1.3703291007;2.2075432935;0.7853606741;-0.0080585915;0.0112183730;0.6188843340;1620231226.7934579849;-0.0537251912;5.2450764841;1.4840914729;0.7068062968;0.0062603601;0.0071857557;-0.7073429378;1650;1620231226.819002369;1650
1620231226.8095130920;-1.2245633940;-1.3704294193;2.2071903851;0.7852514112;-0.0082170583;0.0113100099;0.6190192121;1620231226.8016209602;-0.0537197625;5.2450734379;1.4840926982;0.7068102254;0.0062618861;0.0071823828;-0.7073390329;1650;1620231226.819002369;1650
1620231226.8177928925;-1.2234340373;-1.3705202894;2.2068454161;0.7851519185;-0.0082328770;0.0114810545;0.6191420434;1620231226.8095409870;-0.0537470752;5.2450777964;1.4840924369;0.7068081907;0.0062649520;0.0071875676;-0.7073409863;1651;1620231226.844973753;1651
1620231226.8348538876;-1.2211910571;-1.3706988306;2.2062306507;0.7851884636;-0.0080969004;0.0116527230;0.6190942827;1620231226.8178150654;-0.0537278925;5.2450769152;1.4840869529;0.7068099677;0.0062662037;0.0071901918;-0.7073391729;1651;1620231226.844973753;1651
1620231226.8426690102;-1.2199539249;-1.3708341506;2.2059023922;0.7851399628;-0.0080742482;0.0116388108;0.6191563481;1620231226.8348720074;-0.0537267263;5.2450747767;1.4840895395;0.7068095175;0.0062623575;0.0071849720;-0.7073397098;1651;1620231226.844973753;1651
1620231226.8520269394;-1.2188163413;-1.3709607431;2.2055546689;0.7850816923;-0.0079174369;0.0118335974;0.6192285657;1620231226.8426940441;-0.0537567539;5.2450757401;1.4840944900;0.7068110983;0.0062656393;0.0071895063;-0.7073380551;1652;1620231226.896916441;1652
1620231226.8609070778;-1.2177118951;-1.3710560606;2.2052404797;0.7850920175;-0.0075813031;0.0120185572;0.6192161192;1620231226.8520469666;-0.0537344216;5.2450706143;1.4840925067;0.7068112164;0.0062630392;0.0071838210;-0.7073380178;1652;1620231226.896916441;1652
1620231226.8686010838;-1.2164449842;-1.3711918752;2.2048793097;0.7849626770;-0.0075694461;0.0120710344;0.6193791967;1620231226.8609249592;-0.0537241398;5.2450843060;1.4840938299;0.7068093348;0.0062732188;0.0071955814;-0.7073396883;1652;1620231226.896916441;1652
1620231226.8862459660;-1.2140395597;-1.3714348757;2.2041733761;0.7849614032;-0.0075333501;0.0123357429;0.6193760356;1620231226.8686249256;-0.0537286853;5.2450719663;1.4840931707;0.7068102148;0.0062628542;0.0071846200;-0.7073390122;1652;1620231226.896916441;1652
1620231226.8934080601;-1.2128021301;-1.3715441229;2.2037822463;0.7849200749;-0.0077933954;0.0123651625;0.6194246054;1620231226.8862640858;-0.0537240660;5.2450755362;1.4840905800;0.7068102198;0.0062689996;0.0071905101;-0.7073388929;1653;1620231226.922887817;1653
1620231226.9026339054;-1.2117806194;-1.3716283027;2.2034219684;0.7848176061;-0.0076494653;0.0127330045;0.6195487725;1620231226.8934290409;-0.0537482272;5.2450752017;1.4840921136;0.7068113395;0.0062691511;0.0071939526;-0.7073377377;1653;1620231226.922887817;1653
1620231226.9106578827;-1.2104852706;-1.3717612530;2.2030231338;0.7848967992;-0.0080724719;0.0127086955;0.6194435720;1620231226.9026510715;-0.0537237552;5.2450667973;1.4840875511;0.7068116275;0.0062673937;0.0071858745;-0.7073375475;1653;1620231226.922887817;1653
1620231226.9204540253;-1.2093903106;-1.3718644537;2.2026417374;0.7847254496;-0.0082031558;0.0128249560;0.6196565157;1620231226.9106690884;-0.0537212812;5.2450603989;1.4840884805;0.7068105619;0.0062616621;0.0071799625;-0.7073387231;1654;1620231226.948859217;1654
1620231226.9366331100;-1.2069308014;-1.3721234614;2.2018564423;0.7848241768;-0.0086088129;0.0127143768;0.6195282435;1620231226.9204709530;-0.0537456698;5.2450651457;1.4840972333;0.7068098264;0.0062616155;0.0071813169;-0.7073394448;1654;1620231226.948859217;1654
1620231226.9445810318;-1.2056931789;-1.3722167029;2.2015103404;0.7848449386;-0.0085217589;0.0127167185;0.6195030969;1620231226.9366500378;-0.0537278355;5.2450711915;1.4840939058;0.7068125880;0.0062644550;0.0071864788;-0.7073366077;1654;1620231226.948859217;1654
1620231226.9536259174;-1.2044159892;-1.3723693361;2.2011116055;0.7847890290;-0.0086579358;0.0126688632;0.6195730143;1620231226.9445979595;-0.0537502770;5.2450641039;1.4840995511;0.7068114566;0.0062573022;0.0071832334;-0.7073378345;1654;1620231226.948859217;1654
1620231226.9610950947;-1.2032580280;-1.3724856771;2.2007407936;0.7847366333;-0.0086490502;0.0126977127;0.6196389096;1620231226.9536430836;-0.0537389995;5.2450657170;1.4840968720;0.7068108226;0.0062579753;0.0071766259;-0.7073385292;1655;1620231227.000801889;1655
1620231226.9776520729;-1.2008086203;-1.3727156562;2.1998904112;0.7847081447;-0.0089632857;0.0128219069;0.6196679642;1620231226.9611139297;-0.0537511128;5.2450643918;1.4840960906;0.7068078927;0.0062576231;0.0071791346;-0.7073414345;1655;1620231227.000801889;1655
1620231226.9866020679;-1.1994901371;-1.3728250979;2.1994784138;0.7847565567;-0.0094110356;0.0125476796;0.6196056285;1620231226.9776639938;-0.0537442400;5.2450722261;1.4840890851;0.7068078784;0.0062678294;0.0071875660;-0.7073412728;1655;1620231227.000801889;1655
1620231226.9943768978;-1.1982894844;-1.3729383880;2.1990516667;0.7846571394;-0.0096854839;0.0126441146;0.6197253354;1620231226.9866240025;-0.0537495309;5.2450696282;1.4840925333;0.7068085390;0.0062609297;0.0071840198;-0.7073407098;1655;1620231227.000801889;1655
1620231227.0019860268;-1.1970247110;-1.3730681262;2.1986179978;0.7846196924;-0.0099594783;0.0124621597;0.6197720885;1620231226.9943950176;-0.0537446922;5.2450690649;1.4840955643;0.7068091235;0.0062623059;0.0071842924;-0.7073401108;1656;1620231227.026773289;1656
1620231227.0113151073;-1.1957591189;-1.3731786697;2.1982158024;0.7845496317;-0.0102078662;0.0121900714;0.6198621435;1620231227.0020051003;-0.0537209071;5.2450605260;1.4840891627;0.7068098681;0.0062605943;0.0071786404;-0.7073394394;1656;1620231227.026773289;1656
1620231227.0275170803;-1.1932632755;-1.3734028796;2.1974376426;0.7844994151;-0.0103252259;0.0120444504;0.6199265994;1620231227.0113320351;-0.0537420814;5.2450719859;1.4840973254;0.7068111855;0.0062668382;0.0071915837;-0.7073379362;1656;1620231227.026773289;1656
1620231227.0348789692;-1.1919316237;-1.3735534396;2.1970153092;0.7844999615;-0.0104256402;0.0119561495;0.6199259366;1620231227.0275290012;-0.0537421651;5.2450699797;1.4840983628;0.7068108794;0.0062653459;0.0071908810;-0.7073382624;1657;1620231227.078715929;1657
1620231227.0432651043;-1.1907436735;-1.3736582789;2.1966327720;0.7844098895;-0.0105740740;0.0117489752;0.6200413500;1620231227.0348980427;-0.0537179032;5.2450632577;1.4840936019;0.7068108198;0.0062591353;0.0071807943;-0.7073384794;1657;1620231227.078715929;1657
1620231227.0513510704;-1.1894591103;-1.3738010756;2.1962139765;0.7846320352;-0.0106426951;0.0118230866;0.6197576276;1620231227.0432989597;-0.0537107810;5.2450672098;1.4840903785;0.7068088433;0.0062600039;0.0071836980;-0.7073404172;1657;1620231227.078715929;1657
1620231227.0599710941;-1.1881208632;-1.3738848468;2.1958212090;0.7845285054;-0.0109763048;0.0113844758;0.6198910700;1620231227.0513689518;-0.0537386441;5.2450759971;1.4840908979;0.7068119511;0.0062739085;0.0071982881;-0.7073370402;1657;1620231227.078715929;1657
1620231227.0767810345;-1.1856412193;-1.3741089353;2.1948889259;0.7844091034;-0.0116484873;0.0112869662;0.6200316732;1620231227.0600059032;-0.0537131397;5.2450700798;1.4840871576;0.7068101658;0.0062658249;0.0071897593;-0.7073389826;1658;1620231227.104687265;1658
1620231227.0936820507;-1.1830465115;-1.3742679512;2.1940618769;0.7842923888;-0.0122323277;0.0103769108;0.6201839556;1620231227.0767989159;-0.0537142169;5.2450755661;1.4840882107;0.7068093004;0.0062728126;0.0071991442;-0.7073396900;1658;1620231227.104687265;1658
1620231227.1021010876;-1.1819471992;-1.3744552950;2.1936587659;0.7838091224;-0.0124403949;0.0102186661;0.6207931017;1620231227.0936939716;-0.0537148961;5.2450752665;1.4840891751;0.7068091895;0.0062724515;0.0071966206;-0.7073398297;1658;1620231227.104687265;1658
1620231227.1106050014;-1.1807625910;-1.3745314655;2.1932526518;0.7836401302;-0.0123861817;0.0100057983;0.6210109603;1620231227.1021180153;-0.0537125922;5.2450717850;1.4840883592;0.7068093408;0.0062688210;0.0071912713;-0.7073397651;1659;1620231227.130658713;1659
1620231227.1272408962;-1.1780825477;-1.3748963996;2.1921208776;0.7837752308;-0.0133326058;0.0100238124;0.6208205477;1620231227.1106200218;-0.0537185659;5.2450735898;1.4840868999;0.7068136229;0.0062796448;0.0072009834;-0.7073352914;1659;1620231227.130658713;1659
1620231227.1352179050;-1.1767986087;-1.3749881044;2.1917250622;0.7838002363;-0.0131154255;0.0099692112;0.6207944829;1620231227.1272881031;-0.0537087909;5.2450698266;1.4840809962;0.7068081609;0.0062714093;0.0071932708;-0.7073409008;1659;1620231227.130658713;1659
1620231227.1434569359;-1.1755636796;-1.3750587866;2.1913243717;0.7835202183;-0.0133353471;0.0096126017;0.6211488017;1620231227.1352300644;-0.0537341360;5.2450713818;1.4840866630;0.7068102088;0.0062731420;0.0071929029;-0.7073388428;1660;1620231227.182601401;1660
1620231227.1518530846;-1.1742262578;-1.3751718576;2.1908661975;0.7836366271;-0.0133811585;0.0096394587;0.6210005330;1620231227.1434729099;-0.0537113128;5.2450604989;1.4840836416;0.7068090631;0.0062624207;0.0071825832;-0.7073401875;1660;1620231227.182601401;1660
1620231227.1603970528;-1.1728265205;-1.3753224802;2.1903777673;0.7837281766;-0.0135712238;0.0095750856;0.6208818606;1620231227.1518709660;-0.0537345479;5.2450710258;1.4840910765;0.7068058393;0.0062637919;0.0071926928;-0.7073432940;1660;1620231227.182601401;1660
1620231227.1768219471;-1.1703691721;-1.3755031943;2.1895128701;0.7835516796;-0.0134914329;0.0096871521;0.6211045851;1620231227.1604130268;-0.0537116080;5.2450620064;1.4840860071;0.7068084099;0.0062615901;0.0071843411;-0.7073408298;1660;1620231227.182601401;1660
1620231227.1853430271;-1.1690073888;-1.3755723864;2.1890930664;0.7835019149;-0.0133586862;0.0096769437;0.6211703886;1620231227.1768660545;-0.0537211598;5.2450658228;1.4840929358;0.7068093848;0.0062650497;0.0071904353;-0.7073397631;1661;1620231227.208572737;1661
1620231227.1932320595;-1.1677397885;-1.3756592509;2.1886461208;0.7834648539;-0.0132085971;0.0097988754;0.6212184299;1620231227.1853599548;-0.0537417045;5.2450680438;1.4841018049;0.7068047722;0.0062549624;0.0071841048;-0.7073445257;1661;1620231227.208572737;1661
1620231227.2021260262;-1.1664901783;-1.3757897844;2.1881976780;0.7834241937;-0.0132918683;0.0099149437;0.6212660886;1620231227.1932818890;-0.0537463546;5.2450674979;1.4840995046;0.7068075017;0.0062626484;0.0071906339;-0.7073416640;1661;1620231227.208572737;1661
1620231227.2100989819;-1.1650711322;-1.3758513230;2.1878737042;0.7835156293;-0.0134106454;0.0094692609;0.6211551709;1620231227.2021439075;-0.0537358236;5.2450625323;1.4840971534;0.7068069039;0.0062542402;0.0071814534;-0.7073424289;1662;1620231227.260515457;1662
1620231227.2265689373;-1.1624702341;-1.3760487067;2.1870861226;0.7835273515;-0.0132186413;0.0092181345;0.6211482777;1620231227.2101330757;-0.0537168320;5.2450702426;1.4840970046;0.7068082550;0.0062655360;0.0071909065;-0.7073408829;1662;1620231227.260515457;1662
1620231227.2352008820;-1.1612166731;-1.3761357350;2.1867509126;0.7834798690;-0.0128866717;0.0091563132;0.6212160578;1620231227.2266099453;-0.0537413899;5.2450701506;1.4841013332;0.7068077877;0.0062595198;0.0071893127;-0.7073414193;1662;1620231227.260515457;1662
1620231227.2432019711;-1.1600362443;-1.3762046573;2.1863647924;0.7833138209;-0.0125861013;0.0092922113;0.6214295638;1620231227.2352519035;-0.0537129131;5.2450618792;1.4840951249;0.7068073558;0.0062607509;0.0071858091;-0.7073418756;1662;1620231227.260515457;1662
1620231227.2517499924;-1.1586771619;-1.3763175440;2.1859497531;0.7833105157;-0.0127325757;0.0090486457;0.6214343404;1620231227.2432310581;-0.0537197605;5.2450635711;1.4840959916;0.7068082991;0.0062592196;0.0071864188;-0.7073409403;1663;1620231227.286486745;1663
1620231227.2598209381;-1.1574550839;-1.3763913442;2.1855418687;0.7831773527;-0.0124156956;0.0091807423;0.6216066269;1620231227.2517681122;-0.0537199868;5.2450594417;1.4840940042;0.7068093391;0.0062573467;0.0071835743;-0.7073399466;1663;1620231227.286486745;1663
1620231227.2767589092;-1.1548436265;-1.3767220361;2.1844972669;0.7829865914;-0.0126760632;0.0098806654;0.6218309156;1620231227.2598550320;-0.0537170184;5.2450606962;1.4840946371;0.7068088763;0.0062598872;0.0071847197;-0.7073403750;1663;1620231227.286486745;1663
1620231227.2848160267;-1.1536739633;-1.3773602204;2.1838772669;0.7827781941;-0.0132466520;0.0111358802;0.6220601396;1620231227.2767899036;-0.0537143200;5.2450573570;1.4840885913;0.7068115075;0.0062603872;0.0071840671;-0.7073377479;1663;1620231227.286486745;1663
1620231227.3021020889;-1.1510407869;-1.3777545713;2.1828752907;0.7825417953;-0.0134365427;0.0115904619;0.6223451286;1620231227.2848320007;-0.0537437369;5.2450594292;1.4841014707;0.7068073274;0.0062523786;0.0071798104;-0.7073420389;1664;1620231227.312458193;1664
1620231227.3102409840;-1.1498267712;-1.3776133018;2.1828130246;0.7826472306;-0.0120396532;0.0115883239;0.6222411670;1620231227.3021199703;-0.0537100666;5.2450533809;1.4840954404;0.7068083692;0.0062489546;0.0071720327;-0.7073411071;1664;1620231227.312458193;1664
1620231227.3266279697;-1.1471915666;-1.3778573774;2.1820941117;0.7825653588;-0.0115482281;0.0116970723;0.6223514089;1620231227.3102710247;-0.0537171726;5.2450628075;1.4840934038;0.7068085038;0.0062580724;0.0071850825;-0.7073407596;1665;1620231227.364400865;1665
1620231227.3350129128;-1.1459692724;-1.3775752442;2.1821730319;0.7824043331;-0.0100859859;0.0108345013;0.6225948490;1620231227.3266439438;-0.0537348966;5.2450641521;1.4840963329;0.7068083355;0.0062562520;0.0071814927;-0.7073409802;1665;1620231227.364400865;1665
1620231227.3431661129;-1.1446227991;-1.3777359500;2.1817435661;0.7823540351;-0.0102336878;0.0108260550;0.6226557893;1620231227.3350319862;-0.0537190983;5.2450640797;1.4840935491;0.7068087094;0.0062577177;0.0071852805;-0.7073405552;1665;1620231227.364400865;1665
1620231227.3520209789;-1.1433926429;-1.3778133279;2.1813845810;0.7821441099;-0.0099322708;0.0110282918;0.6229207961;1620231227.3432118893;-0.0537116959;5.2450650827;1.4840944722;0.7068074223;0.0062623078;0.0071857029;-0.7073417965;1665;1620231227.364400865;1665
1620231227.3595089912;-1.1420265586;-1.3779277426;2.1809920869;0.7821278221;-0.0101246481;0.0109580533;0.6229393891;1620231227.3520390987;-0.0537494648;5.2450734642;1.4840974662;0.7068081756;0.0062649094;0.0071946524;-0.7073409297;1666;1620231227.390372449;1666
1620231227.3762290478;-1.1394841884;-1.3781552637;2.1802127642;0.7818668624;-0.0097453486;0.0113583014;0.6232657753;1620231227.3595330715;-0.0537171141;5.2450566572;1.4840936086;0.7068090022;0.0062523168;0.0071763231;-0.7073404014;1666;1620231227.390372449;1666
1620231227.3852150440;-1.1381160686;-1.3782766264;2.1798167279;0.7819115904;-0.0097826565;0.0115022874;0.6232064360;1620231227.3762500286;-0.0537404024;5.2450763683;1.4840966763;0.7068082046;0.0062656471;0.0071923698;-0.7073409173;1666;1620231227.390372449;1666
1620231227.4020690918;-1.1355627030;-1.3785373468;2.1790684663;0.7815390311;-0.0094514325;0.0118766253;0.6236716757;1620231227.3852350712;-0.0537231754;5.2450657734;1.4840902867;0.7068101874;0.0062593303;0.0071830492;-0.7073390867;1667;1620231227.442314865;1667
1620231227.4099841118;-1.1341762414;-1.3786919147;2.1786937903;0.7815447916;-0.0095717420;0.0119062049;0.6236620582;1620231227.4020869732;-0.0537153936;5.2450688623;1.4840914818;0.7068082189;0.0062687283;0.0071875830;-0.7073409244;1667;1620231227.442314865;1667
1620231227.4258310795;-1.1314553341;-1.3787701039;2.1780254568;0.7816702071;-0.0088510400;0.0123441750;0.6235069910;1620231227.4100079536;-0.0537194325;5.2450639518;1.4840925933;0.7068064391;0.0062578006;0.0071805073;-0.7073428715;1667;1620231227.442314865;1667
1620231227.4344899654;-1.1301380687;-1.3789579873;2.1775544945;0.7815407354;-0.0092042036;0.0125413760;0.6236602244;1620231227.4258410931;-0.0537410084;5.2450752066;1.4841001915;0.7068048405;0.0062617667;0.0071879418;-0.7073443583;1668;1620231227.468286273;1668
1620231227.4425759315;-1.1288167130;-1.3790548240;2.1772205310;0.7815217007;-0.0091033652;0.0125410549;0.6236855634;1620231227.4345018864;-0.0537238775;5.2450759770;1.4840910256;0.7068077792;0.0062693337;0.0071951830;-0.7073412811;1668;1620231227.468286273;1668
1620231227.4516930580;-1.1274423092;-1.3791541260;2.1768549906;0.7815059482;-0.0089752875;0.0125729585;0.6237065158;1620231227.4425868988;-0.0537253945;5.2450777241;1.4840916009;0.7068091028;0.0062722066;0.0071968845;-0.7073399158;1668;1620231227.468286273;1668
1620231227.4595940113;-1.1260623064;-1.3793296988;2.1764651611;0.7816690010;-0.0092329768;0.0125040799;0.6234997779;1620231227.4517049789;-0.0537193914;5.2450686606;1.4840902483;0.7068067769;0.0062598448;0.0071834542;-0.7073424860;1668;1620231227.468286273;1668
1620231227.4683039188;-1.1247278926;-1.3794174857;2.1760986055;0.7813426680;-0.0093912954;0.0125412120;0.6239055672;1620231227.4596390724;-0.0537227123;5.2450673177;1.4840889177;0.7068094099;0.0062665896;0.0071852237;-0.7073397773;1669;1620231227.494257617;1669
1620231227.4851839542;-1.1220002699;-1.3797048714;2.1753285090;0.7812898709;-0.0092659906;0.0128865728;0.6239665178;1620231227.4683260918;-0.0537223217;5.2450759511;1.4840923187;0.7068058756;0.0062687697;0.0071923437;-0.7073432172;1669;1620231227.494257617;1669
1620231227.4928719997;-1.1208050454;-1.3798132196;2.1749342718;0.7809702613;-0.0090082671;0.0131622867;0.6243645220;1620231227.4851961136;-0.0537243743;5.2450632653;1.4840929004;0.7068081584;0.0062591810;0.0071801325;-0.7073411452;1669;1620231227.494257617;1669
1620231227.5016050339;-1.1192382289;-1.3800411558;2.1744801776;0.7810282032;-0.0092807514;0.0134083834;0.6242828115;1620231227.4929070473;-0.0537421839;5.2450697547;1.4840965814;0.7068072046;0.0062637510;0.0071874525;-0.7073419834;1670;1620231227.546200305;1670
1620231227.5108311176;-1.1179040823;-1.3801132902;2.1741135884;0.7809636661;-0.0092514383;0.0132109115;0.6243681886;1620231227.5016169548;-0.0537487579;5.2450718921;1.4840986520;0.7068067009;0.0062587769;0.0071868688;-0.7073425366;1670;1620231227.546200305;1670
1620231227.5181539059;-1.1164905574;-1.3802128420;2.1737541442;0.7809172750;-0.0090597749;0.0133256098;0.6244265835;1620231227.5108530521;-0.0537255847;5.2450627347;1.4840932665;0.7068058999;0.0062575817;0.0071792668;-0.7073434248;1670;1620231227.546200305;1670
1620231227.5348958969;-1.1136302314;-1.3804144977;2.1729935714;0.7809730460;-0.0093572082;0.0128107000;0.6243632197;1620231227.5181660652;-0.0537201504;5.2450591476;1.4840914949;0.7068069622;0.0062552099;0.0071746976;-0.7073424307;1670;1620231227.546200305;1670
1620231227.5439360142;-1.1120125397;-1.3806294348;2.1725532753;0.7813532808;-0.0094181754;0.0130152218;0.6238821624;1620231227.5349080563;-0.0537243717;5.2450619173;1.4840888216;0.7068091707;0.0062611952;0.0071787107;-0.7073401301;1671;1620231227.572171657;1671
1620231227.5598449707;-1.1093293027;-1.3807563738;2.1718950845;0.7810334030;-0.0093797037;0.0124524190;0.6242946274;1620231227.5439529419;-0.0537231986;5.2450609122;1.4840935236;0.7068056590;0.0062503765;0.0071724919;-0.7073437980;1671;1620231227.572171657;1671
1620231227.5762529373;-1.1063639976;-1.3813050553;2.1707860149;0.7810566930;-0.0100691055;0.0133186986;0.6242368683;1620231227.5598800182;-0.0537199727;5.2450667829;1.4840923365;0.7068082218;0.0062585866;0.0071834654;-0.7073410532;1671;1620231227.572171657;1671
1620231227.5848500729;-1.1050606967;-1.3812600353;2.1703896915;0.7808451642;-0.0100188034;0.0132773319;0.6245031350;1620231227.5762920380;-0.0537395137;5.2450652328;1.4840965803;0.7068074710;0.0062601946;0.0071848567;-0.7073417751;1672;1620231227.624114417;1672
1620231227.5934300423;-1.1038099369;-1.3816265605;2.1698133188;0.7804252122;-0.0103542450;0.0139495139;0.6250077510;1620231227.5848639011;-0.0537174855;5.2450683498;1.4840900875;0.7068061390;0.0062662200;0.0071857889;-0.7073430432;1672;1620231227.624114417;1672
1620231227.6014900208;-1.1022194538;-1.3811145658;2.1700276426;0.7807096324;-0.0086979694;0.0123227141;0.6247119064;1620231227.5934560299;-0.0537204598;5.2450596609;1.4840875438;0.7068083719;0.0062600599;0.0071810488;-0.7073409147;1672;1620231227.624114417;1672
1620231227.6100900173;-1.1008849741;-1.3812109515;2.1696602480;0.7805584077;-0.0088738038;0.0121717427;0.6249013334;1620231227.6015059948;-0.0537296129;5.2450657305;1.4840902478;0.7068066544;0.0062620034;0.0071848448;-0.7073425752;1673;1620231227.650085497;1673
1620231227.6269519329;-1.0978470356;-1.3815340938;2.1688499816;0.7806064880;-0.0095900109;0.0118043875;0.6248377381;1620231227.6101069450;-0.0537194722;5.2450680688;1.4840896631;0.7068051365;0.0062638786;0.0071854327;-0.7073440693;1673;1620231227.650085497;1673
1620231227.6429529190;-1.0949712465;-1.3818705863;2.1679332619;0.7803818715;-0.0098240964;0.0118451377;0.6251138412;1620231227.6269919872;-0.0537089814;5.2450650977;1.4840933934;0.7068070960;0.0062636927;0.0071808392;-0.7073421596;1673;1620231227.650085497;1673
1620231227.6520979404;-1.0935627317;-1.3820668575;2.1674332242;0.7803421744;-0.0101000359;0.0119456471;0.6251570855;1620231227.6429829597;-0.0537413738;5.2450667531;1.4841000678;0.7068075035;0.0062610910;0.0071858233;-0.7073417249;1674;1620231227.676057057;1674
1620231227.6606259346;-1.0920241756;-1.3821744907;2.1670643321;0.7802988006;-0.0100379054;0.0116875121;0.6252171018;1620231227.6521100998;-0.0537158737;5.2450670634;1.4840941909;0.7068062739;0.0062616083;0.0071823567;-0.7073429841;1674;1620231227.676057057;1674
1620231227.6697440147;-1.0906271529;-1.3823827912;2.1665522061;0.7800897635;-0.0100692132;0.0119546997;0.6254723472;1620231227.6606619358;-0.0537214381;5.2450626975;1.4840914206;0.7068080222;0.0062592889;0.0071818460;-0.7073412628;1674;1620231227.676057057;1674
1620231227.6861019135;-1.0873643790;-1.3826027362;2.1655926293;0.7802145708;-0.0108411070;0.0109124190;0.6253228070;1620231227.6697680950;-0.0537180336;5.2450739412;1.4840928914;0.7068044107;0.0062685110;0.0071901000;-0.7073447061;1674;1620231227.676057057;1674
1620231227.6937649250;-1.0858372759;-1.3826856476;2.1651534292;0.7803350857;-0.0109731316;0.0107929633;0.6251721814;1620231227.6861269474;-0.0537077685;5.2450748443;1.4840901000;0.7068034378;0.0062628661;0.0071825979;-0.7073458045;1675;1620231227.727999825;1675
1620231227.7026119232;-1.0844078314;-1.3828323096;2.1647096642;0.7801369502;-0.0109594026;0.0108638739;0.6254184253;1620231227.6938009262;-0.0537139780;5.2450657942;1.4840913829;0.7068043674;0.0062582168;0.0071795358;-0.7073449478;1675;1620231227.727999825;1675
1620231227.7108309269;-1.0829215438;-1.3829439979;2.1642369445;0.7799039305;-0.0109013674;0.0109063498;0.6257092543;1620231227.7026360035;-0.0537144074;5.2450708329;1.4840909722;0.7068052555;0.0062610602;0.0071857506;-0.7073439721;1675;1620231227.727999825;1675
1620231227.7197620869;-1.0813748568;-1.3831397700;2.1637557559;0.7798968628;-0.0112596014;0.0109087867;0.6257116774;1620231227.7108640671;-0.0537422892;5.2450706509;1.4840969222;0.7068065553;0.0062660937;0.0071883969;-0.7073426018;1676;1620231227.753971209;1676
1620231227.7357618809;-1.0783141014;-1.3834056492;2.1628014333;0.7797959699;-0.0115362137;0.0112375953;0.6258265555;1620231227.7197880745;-0.0537177426;5.2450724844;1.4840908121;0.7068065391;0.0062675064;0.0071892045;-0.7073425973;1676;1620231227.753971209;1676
1620231227.7444670200;-1.0768683079;-1.3835858095;2.1623258617;0.7796309527;-0.0118162542;0.0113111025;0.6260255687;1620231227.7357850075;-0.0537183901;5.2450684423;1.4840879210;0.7068065492;0.0062642820;0.0071856993;-0.7073426514;1676;1620231227.753971209;1676
1620231227.7521290779;-1.0753725426;-1.3837054999;2.1618835027;0.7795433572;-0.0119396609;0.0111742080;0.6261347585;1620231227.7445039749;-0.0537373833;5.2450780740;1.4840884162;0.7068091717;0.0062768985;0.0071983936;-0.7073397900;1676;1620231227.753971209;1676
1620231227.7616050243;-1.0738557301;-1.3838770967;2.1613838721;0.7795593806;-0.0117236590;0.0113348731;0.6261160025;1620231227.7521541119;-0.0537087379;5.2450639594;1.4840907268;0.7068053459;0.0062546088;0.0071767211;-0.7073440305;1677;1620231227.805913889;1677
1620231227.7688770294;-1.0723588226;-1.3840016784;2.1609787980;0.7794560284;-0.0117804772;0.0110405901;0.6262488527;1620231227.7616310120;-0.0537362679;5.2450676169;1.4840916110;0.7068099264;0.0062692617;0.0071894985;-0.7073391941;1677;1620231227.805913889;1677
1620231227.7856960297;-1.0692466179;-1.3843978146;2.1600397310;0.7794969601;-0.0115682099;0.0112250396;0.6261985821;1620231227.7689061165;-0.0537143504;5.2450720137;1.4840931159;0.7068064237;0.0062651180;0.0071897507;-0.7073427282;1677;1620231227.805913889;1677
1620231227.7945480347;-1.0677859037;-1.3844803808;2.1596045914;0.7793033210;-0.0112081975;0.0112502438;0.6264456418;1620231227.7857201099;-0.0537136933;5.2450723346;1.4840931012;0.7068096474;0.0062715281;0.0071929452;-0.7073394177;1677;1620231227.805913889;1677
1620231227.8031809330;-1.0661836979;-1.3846066493;2.1591668502;0.7792134846;-0.0112182396;0.0111832901;0.6265584016;1620231227.7945640087;-0.0537335240;5.2450700891;1.4841000490;0.7068060725;0.0062619932;0.0071856014;-0.7073431491;1678;1620231227.831885265;1678
1620231227.8107769489;-1.0649808455;-1.3855986043;2.1581744688;0.7789383549;-0.0117315443;0.0143432973;0.6268266746;1620231227.8032050133;-0.0537092901;5.2450644748;1.4840933976;0.7068049734;0.0062582226;0.0071804804;-0.7073443327;1678;1620231227.831885265;1678
1620231227.8272709846;-1.0618148565;-1.3850944942;2.1576390704;0.7787006802;-0.0103531030;0.0132398718;0.6271704471;1620231227.8108019829;-0.0537086560;5.2450713347;1.4840919630;0.7068054399;0.0062670823;0.0071893257;-0.7073436982;1678;1620231227.831885265;1678
1620231227.8361060619;-1.0603515591;-1.3851776495;2.1571103849;0.7786764395;-0.0106176609;0.0133166452;0.6271944952;1620231227.8272991180;-0.0537139717;5.2450695903;1.4840914083;0.7068058010;0.0062652041;0.0071883762;-0.7073433637;1679;1620231227.857856561;1679
1620231227.8521850109;-1.0570774910;-1.3854529445;2.1560304825;0.7786746667;-0.0110107697;0.0132690855;0.6271909261;1620231227.8361289501;-0.0537108641;5.2450682039;1.4840898655;0.7068088219;0.0062668944;0.0071883289;-0.7073403306;1679;1620231227.857856561;1679
1620231227.8604800701;-1.0555690838;-1.3855846703;2.1555004704;0.7785696662;-0.0110340296;0.0132884631;0.6273204459;1620231227.8522090912;-0.0537390329;5.2450601989;1.4840963126;0.7068068605;0.0062572382;0.0071805204;-0.7073424553;1679;1620231227.857856561;1679
1620231227.8688890934;-1.0539572496;-1.3856826182;2.1550158504;0.7784262317;-0.0111546901;0.0130336360;0.6275016327;1620231227.8605039120;-0.0537135516;5.2450627927;1.4840949929;0.7068074866;0.0062611770;0.0071829692;-0.7073417699;1680;1620231227.909799289;1680
1620231227.8859400749;-1.0506554242;-1.3859243843;2.1539712386;0.7785320427;-0.0110613168;0.0125509387;0.6273818452;1620231227.8689119816;-0.0537099125;5.2450571888;1.4840895351;0.7068074694;0.0062576784;0.0071774627;-0.7073418740;1680;1620231227.909799289;1680
1620231227.8939650059;-1.0490563448;-1.3860873812;2.1533985414;0.7785301284;-0.0110981197;0.0126995839;0.6273805795;1620231227.8859651089;-0.0537132415;5.2450483878;1.4840917370;0.7068093598;0.0062497003;0.0071703778;-0.7073401274;1680;1620231227.909799289;1680
1620231227.9025180340;-1.0474989222;-1.3861944609;2.1528858246;0.7784182871;-0.0111525830;0.0125663213;0.6275210576;1620231227.8940269947;-0.0537084467;5.2450489650;1.4840933349;0.7068082382;0.0062537567;0.0071748338;-0.7073411672;1680;1620231227.909799289;1680
1620231227.9108650684;-1.0457986686;-1.3863644005;2.1522745737;0.7784705336;-0.0111462378;0.0128917781;0.6274497524;1620231227.9025421143;-0.0537189047;5.2450426380;1.4840925372;0.7068074885;0.0062442910;0.0071675459;-0.7073420737;1681;1620231227.935770633;1681
1620231227.9273800850;-1.0426310673;-1.3864869222;2.1511502828;0.7783107671;-0.0115914865;0.0127261752;0.6276432360;1620231227.9109539986;-0.0537300710;5.2450476132;1.4840927804;0.7068083856;0.0062503149;0.0071715332;-0.7073410837;1681;1620231227.935770633;1681
1620231227.9441449642;-1.0395363589;-1.3866716602;2.1500344692;0.7781042529;-0.0120005329;0.0126167444;0.6278937622;1620231227.9274089336;-0.0537139093;5.2450445040;1.4840903247;0.7068083285;0.0062526229;0.0071739526;-0.7073410958;1682;1620231227.987713361;1682
1620231227.9525249004;-1.0378135782;-1.3868003659;2.1494131578;0.7781712233;-0.0120629950;0.0127014586;0.6278078563;1620231227.9441740513;-0.0537114217;5.2450430520;1.4840884345;0.7068062766;0.0062459637;0.0071674359;-0.7073432711;1682;1620231227.987713361;1682
1620231227.9606559277;-1.0361901579;-1.3869147315;2.1488431070;0.7782109341;-0.0122170974;0.0127015549;0.6277556491;1620231227.9525480270;-0.0537176641;5.2450372380;1.4840873129;0.7068099652;0.0062435341;0.0071682248;-0.7073395987;1682;1620231227.987713361;1682
1620231227.9692599773;-1.0345185446;-1.3870113743;2.1482535236;0.7780559792;-0.0122003100;0.0126288702;0.6279494862;1620231227.9606928825;-0.0537167477;5.2450393821;1.4840896377;0.7068093327;0.0062510946;0.0071719936;-0.7073401258;1682;1620231227.987713361;1682
1620231227.9858629704;-1.0313595668;-1.3873221995;2.1470837996;0.7779853659;-0.0118848750;0.0128013234;0.6280395261;1620231227.9693050385;-0.0537195383;5.2450450226;1.4840918601;0.7068059178;0.0062467538;0.0071753446;-0.7073435424;1683;1620231228.013684689;1683
1620231227.9942440987;-1.0297923548;-1.3873934872;2.1464823222;0.7777103195;-0.0121421896;0.0122310164;0.6283865278;1620231227.9858880043;-0.0537201271;5.2450505608;1.4840905209;0.7068081388;0.0062598603;0.0071822233;-0.7073411375;1683;1620231228.013684689;1683
1620231228.0028610229;-1.0280365934;-1.3874673303;2.1459277830;0.7777962725;-0.0121063651;0.0120145548;0.6282850029;1620231227.9942729473;-0.0537192177;5.2450524320;1.4840897813;0.7068066276;0.0062569171;0.0071818068;-0.7073426778;1683;1620231228.013684689;1683
1620231228.0111780167;-1.0265133268;-1.3875056231;2.1453476541;0.7775707330;-0.0121258850;0.0119111965;0.6285657018;1620231228.0028970242;-0.0537163011;5.2450480804;1.4840869151;0.7068074190;0.0062545441;0.0071780162;-0.7073419464;1684;1620231228.039656073;1684
1620231228.0195529461;-1.0247344125;-1.3875940938;2.1447084830;0.7777310611;-0.0122342235;0.0119010426;0.6283654076;1620231228.0112130642;-0.0537204127;5.2450465331;1.4840896919;0.7068098253;0.0062546909;0.0071785042;-0.7073395357;1684;1620231228.039656073;1684
1620231228.0360190868;-1.0215549366;-1.3876573095;2.1435459311;0.7773520126;-0.0126497734;0.0114209010;0.6288349503;1620231228.0195899010;-0.0537169445;5.2450562468;1.4840903985;0.7068070735;0.0062603372;0.0071828917;-0.7073421909;1684;1620231228.039656073;1684
1620231228.0443539619;-1.0199036647;-1.3877118601;2.1429442175;0.7772571071;-0.0127413237;0.0113911250;0.6289509444;1620231228.0360429287;-0.0537246976;5.2450578216;1.4840951713;0.7068078066;0.0062585042;0.0071869103;-0.7073414338;1684;1620231228.039656073;1684
1620231228.0528531075;-1.0183238738;-1.3877371501;2.1423639605;0.7770646957;-0.0128645907;0.0112458809;0.6291887564;1620231228.0444149971;-0.0537256591;5.2450563137;1.4840964668;0.7068070903;0.0062580190;0.0071848943;-0.7073421743;1685;1620231228.091598729;1685
1620231228.0610771179;-1.0166836073;-1.3877936208;2.1417807458;0.7770209648;-0.0129252334;0.0110733127;0.6292445791;1620231228.0528779030;-0.0537193998;5.2450645417;1.4840921459;0.7068062938;0.0062597215;0.0071867402;-0.7073429364;1685;1620231228.091598729;1685
1620231228.0692489147;-1.0151297899;-1.3878202944;2.1412312802;0.7768515985;-0.0129966063;0.0107571638;0.6294576758;1620231228.0611290932;-0.0537277405;5.2450610626;1.4840960610;0.7068062108;0.0062589822;0.0071845045;-0.7073430486;1685;1620231228.091598729;1685
1620231228.0776789188;-1.0134063359;-1.3879192073;2.1406164056;0.7768236573;-0.0129254560;0.0106862788;0.6294948304;1620231228.0692749023;-0.0537169441;5.2450680484;1.4840910549;0.7068047625;0.0062681003;0.0071928516;-0.7073443303;1686;1620231228.117570065;1686
1620231228.0858259201;-1.0118591889;-1.3879528534;2.1401068381;0.7765605455;-0.0125342449;0.0105373498;0.6298297993;1620231228.0777070522;-0.0537258447;5.2450738963;1.4840895446;0.7068100611;0.0062775931;0.0072008990;-0.7073388696;1686;1620231228.117570065;1686
1620231228.1022870541;-1.0086142122;-1.3880790509;2.1389807538;0.7762036638;-0.0124317547;0.0101569240;0.6302778441;1620231228.0858550072;-0.0537181578;5.2450772575;1.4840905858;0.7068063948;0.0062736634;0.0071982133;-0.7073425953;1686;1620231228.117570065;1686
1620231228.1109919548;-1.0071218322;-1.3880792544;2.1384296896;0.7759234847;-0.0123851207;0.0099177987;0.6306274590;1620231228.1023139954;-0.0537210647;5.2450650438;1.4840922821;0.7068101651;0.0062672815;0.0071897337;-0.7073389707;1686;1620231228.117570065;1686
1620231228.1273050308;-1.0036608227;-1.3882181629;2.1371923207;0.7760164937;-0.0120659027;0.0104210963;0.6305110754;1620231228.1110289097;-0.0537207099;5.2450742423;1.4840933599;0.7068086838;0.0062702051;0.0071960714;-0.7073403605;1687;1620231228.143541513;1687
1620231228.1352500916;-1.0020662685;-1.3882354486;2.1366247648;0.7759313119;-0.0122355367;0.0102823806;0.6306149090;1620231228.1273479462;-0.0537197476;5.2450622673;1.4840904769;0.7068094994;0.0062676568;0.0071887413;-0.7073396426;1687;1620231228.143541513;1687
1620231228.1441349983;-1.0005167427;-1.3882737189;2.1359995596;0.7757294829;-0.0117215506;0.0109762754;0.6308612336;1620231228.1352620125;-0.0537158177;5.2450704738;1.4840919845;0.7068076222;0.0062698553;0.0071922837;-0.7073414629;1687;1620231228.143541513;1687
1620231228.1523509026;-0.9987449097;-1.3883338114;2.1354124729;0.7759486243;-0.0119777253;0.0107175377;0.6305913105;1620231228.1441650391;-0.0537087805;5.2450666879;1.4840905033;0.7068076703;0.0062662732;0.0071854916;-0.7073415156;1688;1620231228.195484145;1688
1620231228.1613221169;-0.9971268140;-1.3883597669;2.1348679168;0.7758722616;-0.0114659901;0.0107954176;0.6306934466;1620231228.1523768902;-0.0537142326;5.2450769287;1.4840879317;0.7068066757;0.0062748311;0.0071971807;-0.7073423148;1688;1620231228.195484145;1688
1620231228.1692090034;-0.9954106288;-1.3884854318;2.1341669410;0.7761462030;-0.0111455911;0.0112347965;0.6303543660;1620231228.1613459587;-0.0537193343;5.2450677824;1.4840885933;0.7068093582;0.0062703864;0.0071929906;-0.7073397163;1688;1620231228.195484145;1688
1620231228.1854279041;-0.9921446446;-1.3885393419;2.1331212080;0.7758125370;-0.0107052990;0.0106567770;0.6307826385;1620231228.1692330837;-0.0537219115;5.2450635097;1.4840918977;0.7068093415;0.0062622555;0.0071870743;-0.7073398651;1688;1620231228.195484145;1688
1620231228.2020559311;-0.9888832968;-1.3891925476;2.1315336670;0.7753148817;-0.0117935611;0.0115800174;0.6313585743;1620231228.1854550838;-0.0537189468;5.2450747524;1.4840910695;0.7068108054;0.0062752802;0.0071986151;-0.7073381696;1689;1620231228.221455545;1689
1620231228.2103350163;-0.9871122803;-1.3892452463;2.1308898470;0.7753442370;-0.0120070021;0.0115719725;0.6313186481;1620231228.2020809650;-0.0537217599;5.2450651323;1.4840907362;0.7068092236;0.0062617393;0.0071880808;-0.7073399774;1689;1620231228.221455545;1689
1620231228.2272899151;-0.9838541775;-1.3893719379;2.1296687983;0.7748967086;-0.0122733934;0.0116440749;0.6318614329;1620231228.2103691101;-0.0537237716;5.2450651505;1.4840902020;0.7068110029;0.0062640506;0.0071903935;-0.7073381554;1689;1620231228.221455545;1689
1620231228.2358970642;-0.9820634945;-1.3893737041;2.1290930389;0.7750192134;-0.0125634829;0.0112783302;0.6317120998;1620231228.2273049355;-0.0537209675;5.2450768106;1.4840872277;0.7068097318;0.0062780747;0.0072048004;-0.7073391546;1690;1620231228.273398233;1690
1620231228.2438120842;-0.9805030177;-1.3894107831;2.1285118570;0.7748309235;-0.0120397738;0.0116629882;0.6319462466;1620231228.2359220982;-0.0537132124;5.2450692057;1.4840876849;0.7068113458;0.0062711175;0.0071941064;-0.7073377124;1690;1620231228.273398233;1690
1620231228.2520830631;-0.9787478261;-1.3895092170;2.1279667442;0.7748926968;-0.0120740049;0.0115456325;0.6318720006;1620231228.2438490391;-0.0537156806;5.2450693372;1.4840906886;0.7068115418;0.0062701313;0.0071957647;-0.7073375084;1690;1620231228.273398233;1690
1620231228.2605299950;-0.9771949369;-1.3894369641;2.1274891451;0.7746009892;-0.0115519775;0.0113247583;0.6322433148;1620231228.2521069050;-0.0537194577;5.2450626570;1.4840876288;0.7068128232;0.0062644411;0.0071906154;-0.7073363308;1691;1620231228.299369601;1691
1620231228.2690939903;-0.9753111912;-1.3895041697;2.1269074894;0.7748476793;-0.0113575070;0.0113871064;0.6319433636;1620231228.2605528831;-0.0537123601;5.2450586297;1.4840946855;0.7068123592;0.0062614194;0.0071875773;-0.7073368520;1691;1620231228.299369601;1691
1620231228.2858300209;-0.9720702697;-1.3891154912;2.1261416263;0.7748458972;-0.0101435271;0.0104988055;0.6319815817;1620231228.2691190243;-0.0537129988;5.2450626531;1.4840891066;0.7068150005;0.0062668569;0.0071918443;-0.7073341212;1691;1620231228.299369601;1691
1620231228.3024818897;-0.9686343237;-1.3893447085;2.1248336143;0.7748465736;-0.0099671507;0.0108805063;0.6319771024;1620231228.2858529091;-0.0537187396;5.2450764540;1.4840872436;0.7068145985;0.0062793902;0.0072048503;-0.7073342793;1692;1620231228.325340945;1692
1620231228.3112208843;-0.9668362847;-1.3894175418;2.1241612238;0.7749330742;-0.0098117434;0.0113074570;0.6318659680;1620231228.3025059700;-0.0537199549;5.2450719033;1.4840869297;0.7068148265;0.0062722787;0.0071975711;-0.7073341887;1692;1620231228.325340945;1692
1620231228.3271551132;-0.9636408323;-1.3895417993;2.1228497550;0.7744556567;-0.0099007949;0.0120278866;0.6324363525;1620231228.3112549782;-0.0537129014;5.2450702443;1.4840843083;0.7068159619;0.0062681717;0.0071932522;-0.7073331345;1692;1620231228.325340945;1692
1620231228.3358869553;-0.9621714436;-1.3898435532;2.1222483730;0.7740794534;-0.0101038277;0.0126598523;0.6328812216;1620231228.3271889687;-0.0537234749;5.2450703109;1.4840857687;0.7068140814;0.0062693128;0.0071950743;-0.7073349850;1692;1620231228.325340945;1692
1620231228.3435881138;-0.9602289711;-1.3899746287;2.1215509170;0.7739254478;-0.0101458389;0.0115182880;0.6330906667;1620231228.3359119892;-0.0537219768;5.2450730138;1.4840896334;0.7068135920;0.0062645799;0.0071938622;-0.7073355283;1693;1620231228.377283665;1693
1620231228.3518691063;-0.9586426615;-1.3900219481;2.1210181791;0.7736480145;-0.0099216115;0.0115253820;0.6334330879;1620231228.3436160088;-0.0537239186;5.2450702296;1.4840896101;0.7068109379;0.0062645506;0.0071917229;-0.7073382024;1693;1620231228.377283665;1693
1620231228.3599610329;-0.9567964854;-1.3901216427;2.1203098048;0.7738879473;-0.0100696560;0.0119036911;0.6331305941;1620231228.3518860340;-0.0537257030;5.2450707379;1.4840882132;0.7068095668;0.0062635539;0.0071915931;-0.7073395826;1693;1620231228.377283665;1693
1620231228.3693399429;-0.9551741048;-1.3900927202;2.1198400460;0.7737202541;-0.0094076672;0.0118925788;0.6333459013;1620231228.3599851131;-0.0537153203;5.2450686035;1.4840873791;0.7068104458;0.0062642538;0.0071870292;-0.7073387445;1693;1620231228.377283665;1693
1620231228.3859028816;-0.9516558602;-1.3902601024;2.1186092753;0.7737085747;-0.0093964897;0.0119329982;0.6333595748;1620231228.3693659306;-0.0537285746;5.2450713776;1.4840859728;0.7068116535;0.0062670374;0.0071911267;-0.7073374714;1694;1620231228.403255081;1694
1620231228.3941729069;-0.9499927776;-1.3902078268;2.1181327226;0.7735424689;-0.0094456163;0.0115917339;0.6335680397;1620231228.3859269619;-0.0537169713;5.2450640372;1.4840888012;0.7068099984;0.0062615009;0.0071851988;-0.7073392345;1694;1620231228.403255081;1694
1620231228.4025800228;-0.9483322875;-1.3903229202;2.1175545881;0.7732356356;-0.0093190313;0.0116036830;0.6339441316;1620231228.3942120075;-0.0537143606;5.2450586650;1.4840887490;0.7068120567;0.0062604463;0.0071826734;-0.7073372127;1694;1620231228.403255081;1694
1620231228.4110190868;-0.9466791419;-1.3903215484;2.1169153506;0.7733065562;-0.0091637829;0.0121336002;0.6338499594;1620231228.4026169777;-0.0537205954;5.2450663480;1.4840856737;0.7068148476;0.0062696706;0.0071931668;-0.7073342356;1695;1620231228.455197697;1695
1620231228.4192819595;-0.9447626896;-1.3904914990;2.1161530915;0.7733984720;-0.0101074978;0.0120868094;0.6337243494;1620231228.4110519886;-0.0537341812;5.2450718038;1.4840904983;0.7068116913;0.0062705228;0.0071962832;-0.7073373503;1695;1620231228.455197697;1695
1620231228.4356029034;-0.9409103333;-1.3903702227;2.1148782537;0.7738669542;-0.0107982443;0.0108466697;0.6331632372;1620231228.4193050861;-0.0537346171;5.2450733968;1.4840879592;0.7068097902;0.0062722991;0.0071961157;-0.7073392359;1695;1620231228.455197697;1695
1620231228.4437489510;-0.9392370118;-1.3904137072;2.1142698837;0.7735834331;-0.0104660850;0.0112090900;0.6335088708;1620231228.4356269836;-0.0537156827;5.2450637373;1.4840853109;0.7068098264;0.0062667366;0.0071896163;-0.7073393152;1695;1620231228.455197697;1695
1620231228.4526469707;-0.9375783097;-1.3904581059;2.1137200555;0.7734661216;-0.0106350995;0.0110188669;0.6336526162;1620231228.4437708855;-0.0537284538;5.2450659341;1.4840910384;0.7068069119;0.0062662048;0.0071906735;-0.7073422214;1696;1620231228.481169121;1696
1620231228.4605679512;-0.9357104792;-1.3905451177;2.1131411835;0.7734598759;-0.0104193382;0.0111223034;0.6336620172;1620231228.4526588917;-0.0537067653;5.2450658687;1.4840897062;0.7068083412;0.0062683600;0.0071908332;-0.7073407724;1696;1620231228.481169121;1696
1620231228.4690520763;-0.9339829125;-1.3906292932;2.1124771658;0.7734778725;-0.0105481359;0.0112633523;0.6336354271;1620231228.4606149197;-0.0537355927;5.2450677292;1.4840947113;0.7068051626;0.0062621539;0.0071937175;-0.7073439743;1696;1620231228.481169121;1696
1620231228.4855480194;-0.9306118090;-1.3907089905;2.1113761342;0.7731027623;-0.0103640321;0.0110081806;0.6341005643;1620231228.4690790176;-0.0537065363;5.2450639558;1.4840854697;0.7068098118;0.0062722057;0.0071931936;-0.7073392449;1696;1620231228.481169121;1696
1620231228.4941020012;-0.9287356836;-1.3908136523;2.1106446762;0.7732676672;-0.0110292069;0.0111012755;0.6338866091;1620231228.4855740070;-0.0537375469;5.2450675667;1.4840924960;0.7068060901;0.0062663482;0.0071940074;-0.7073430074;1697;1620231228.533111753;1697
1620231228.5020949841;-0.9270576981;-1.3908641391;2.1100575256;0.7731544586;-0.0106104871;0.0109935141;0.6340337084;1620231228.4941310883;-0.0537340156;5.2450669728;1.4840906860;0.7068079852;0.0062686827;0.0071950225;-0.7073410827;1697;1620231228.533111753;1697
1620231228.5107080936;-0.9253958026;-1.3908759813;2.1094546409;0.7728183390;-0.0107757477;0.0110233457;0.6344400555;1620231228.5021090508;-0.0537259782;5.2450617860;1.4840905838;0.7068091454;0.0062648627;0.0071881017;-0.7073400277;1697;1620231228.533111753;1697
1620231228.5271370411;-0.9217291567;-1.3910317297;2.1081348782;0.7727001761;-0.0109126975;0.0114071652;0.6345748399;1620231228.5107400417;-0.0537317716;5.2450637802;1.4840900892;0.7068078191;0.0062663445;0.0071896204;-0.7073413244;1698;1620231228.559083129;1698
1620231228.5361189842;-0.9199898922;-1.3910960028;2.1075392126;0.7726834462;-0.0111942475;0.0112807791;0.6345925659;1620231228.5271899700;-0.0536999100;5.2450587191;1.4840878846;0.7068065942;0.0062609292;0.0071816614;-0.7073426771;1698;1620231228.559083129;1698
1620231228.5442368984;-0.9182022745;-1.3911437910;2.1069499951;0.7725043286;-0.0109229844;0.0113208946;0.6348146091;1620231228.5361449718;-0.0537003904;5.2450568964;1.4840901300;0.7068080575;0.0062607930;0.0071798840;-0.7073412342;1698;1620231228.559083129;1698
1620231228.5529549122;-0.9163763454;-1.3912462223;2.1063059654;0.7725778449;-0.0113086772;0.0112326215;0.6347199505;1620231228.5442950726;-0.0537004485;5.2450478415;1.4840878740;0.7068103448;0.0062576714;0.0071724791;-0.7073390514;1698;1620231228.559083129;1698
1620231228.5608880520;-0.9145852545;-1.3911705093;2.1057830367;0.7724895280;-0.0107565206;0.0108782396;0.6348432014;1620231228.5529799461;-0.0537046874;5.2450624692;1.4840866618;0.7068081584;0.0062684423;0.0071837382;-0.7073410265;1699;1620231228.611025881;1699
1620231228.5688850880;-0.9127843340;-1.3912258004;2.1052274185;0.7723787073;-0.0108148500;0.0105147015;0.6349831593;1620231228.5609219074;-0.0536989699;5.2450698639;1.4840845413;0.7068080708;0.0062762819;0.0071920116;-0.7073409605;1699;1620231228.611025881;1699
1620231228.5854220390;-0.9092883481;-1.3913819913;2.1039811499;0.7721805663;-0.0110418744;0.0106005195;0.6352187647;1620231228.5689110756;-0.0537032122;5.2450716227;1.4840905042;0.7068039943;0.0062658477;0.0071862698;-0.7073451847;1699;1620231228.611025881;1699
1620231228.5929489136;-0.9075284343;-1.3915537548;2.1033419911;0.7720185130;-0.0112703560;0.0106570200;0.6354107511;1620231228.5854558945;-0.0537077396;5.2450719905;1.4840897673;0.7068050174;0.0062660618;0.0071906799;-0.7073441156;1699;1620231228.611025881;1699
1620231228.6024670601;-0.9057037458;-1.3916593869;2.1026434297;0.7718433719;-0.0115605628;0.0109126288;0.6356139372;1620231228.5929720402;-0.0537065470;5.2450754824;1.4840896081;0.7068041616;0.0062707942;0.0071950283;-0.7073448847;1700;1620231228.636997145;1700
1620231228.6106400490;-0.9039865853;-1.3917002834;2.1019430808;0.7717537833;-0.0118281552;0.0110982406;0.6357145757;1620231228.6024949551;-0.0537123907;5.2450698791;1.4840904135;0.7068038022;0.0062625777;0.0071890398;-0.7073453775;1700;1620231228.636997145;1700
1620231228.6261310577;-0.9004815874;-1.3917377548;2.1007560982;0.7715340913;-0.0114736636;0.0110800208;0.6359879984;1620231228.6106679440;-0.0537119157;5.2450720503;1.4840869356;0.7068062638;0.0062667710;0.0071906723;-0.7073428640;1700;1620231228.636997145;1700
1620231228.6358759403;-0.8985154836;-1.3918822645;2.1000795032;0.7716382052;-0.0119060982;0.0110226977;0.6358547202;1620231228.6261420250;-0.0537115477;5.2450741680;1.4840863234;0.7068094054;0.0062748909;0.0071946180;-0.7073396127;1700;1620231228.636997145;1700
1620231228.6439700127;-0.8967624377;-1.3919013785;2.0994894758;0.7714367420;-0.0118918241;0.0107253622;0.6361044758;1620231228.6359019279;-0.0537089416;5.2450663195;1.4840862965;0.7068114065;0.0062714525;0.0071844728;-0.7073377467;1701;1620231228.662968609;1701
1620231228.6518878937;-0.8949242960;-1.3919643528;2.0988735276;0.7714342371;-0.0118164214;0.0106937465;0.6361094511;1620231228.6440179348;-0.0537003401;5.2450674150;1.4840823913;0.7068098620;0.0062703655;0.0071845509;-0.7073392988;1701;1620231228.662968609;1701
1620231228.6600849628;-0.8930823985;-1.3920006197;2.0983279847;0.7712573857;-0.0117499086;0.0103694969;0.6363304630;1620231228.6519000530;-0.0537079663;5.2450604920;1.4840838068;0.7068112063;0.0062652734;0.0071807256;-0.7073380395;1701;1620231228.662968609;1701
1620231228.6762990952;-0.8894059303;-1.3917764360;2.0974488784;0.7710869799;-0.0107688942;0.0093276812;0.6365704161;1620231228.6601030827;-0.0537097139;5.2450602668;1.4840844336;0.7068107892;0.0062665125;0.0071850166;-0.7073384018;1702;1620231228.714911225;1702
1620231228.6849811077;-0.8876482981;-1.3917909041;2.0967873004;0.7708969611;-0.0106210642;0.0095234373;0.6368001040;1620231228.6763110161;-0.0537065994;5.2450599055;1.4840875266;0.7068130684;0.0062680857;0.0071851261;-0.7073361092;1702;1620231228.714911225;1702
1620231228.6929469109;-0.8857634214;-1.3918458514;2.0961439847;0.7707373492;-0.0109361896;0.0095013499;0.6369882751;1620231228.6849970818;-0.0537071892;5.2450563810;1.4840843340;0.7068106300;0.0062620312;0.0071822044;-0.7073386291;1702;1620231228.714911225;1702
1620231228.7013370991;-0.8839465969;-1.3919305320;2.0954687213;0.7707490697;-0.0109972744;0.0097535099;0.6369692305;1620231228.6929819584;-0.0537007707;5.2450623541;1.4840829465;0.7068098855;0.0062754455;0.0071898331;-0.7073391767;1702;1620231228.714911225;1702
1620231228.7094080448;-0.8820346075;-1.3917774779;2.0948590375;0.7705775184;-0.0109631753;0.0095875708;0.6371798611;1620231228.7013530731;-0.0537126440;5.2450606846;1.4840818732;0.7068130361;0.0062725469;0.0071949679;-0.7073360019;1703;1620231228.740882657;1703
1620231228.7260949612;-0.8783027098;-1.3919293745;2.0936113801;0.7704549445;-0.0109681860;0.0095448164;0.6373286231;1620231228.7094249725;-0.0537103983;5.2450593212;1.4840842711;0.7068127459;0.0062724989;0.0071945415;-0.7073362967;1703;1620231228.740882657;1703
1620231228.7348639965;-0.8764534057;-1.3920044553;2.0930016961;0.7704007102;-0.0105655656;0.0096408889;0.6373995355;1620231228.7261118889;-0.0537129379;5.2450645406;1.4840860171;0.7068121185;0.0062761447;0.0072054008;-0.7073367807;1703;1620231228.740882657;1703
1620231228.7425529957;-0.8746589253;-1.3920514365;2.0923853507;0.7703078427;-0.0107254844;0.0095487698;0.6375104803;1620231228.7348821163;-0.0537172336;5.2450587984;1.4840848137;0.7068128339;0.0062737827;0.0072039351;-0.7073361018;1703;1620231228.740882657;1703
1620231228.7515859604;-0.8727415742;-1.3921163746;2.0917626523;0.7702535774;-0.0104976674;0.0095982629;0.6375790922;1620231228.7425730228;-0.0537189420;5.2450636994;1.4840856555;0.7068144020;0.0062815911;0.0072095384;-0.7073344083;1704;1620231228.792825289;1704
1620231228.7592880726;-0.8709966185;-1.3921638816;2.0911797533;0.7700795226;-0.0104418280;0.0095728908;0.6377906058;1620231228.7515978813;-0.0537164624;5.2450633636;1.4840851292;0.7068177966;0.0062828594;0.0072107115;-0.7073309930;1704;1620231228.792825289;1704
1620231228.7759869099;-0.8672207389;-1.3922914054;2.0899329348;0.7699875585;-0.0102398095;0.0095173728;0.6379057342;1620231228.7593059540;-0.0537116459;5.2450663308;1.4840839215;0.7068195969;0.0062897052;0.0072137731;-0.7073291020;1704;1620231228.792825289;1704
1620231228.7842459679;-0.8653734579;-1.3923333336;2.0892547161;0.7698802899;-0.0102949467;0.0097185760;0.6380312708;1620231228.7759969234;-0.0537191025;5.2450583901;1.4840868366;0.7068194169;0.0062776947;0.0072034884;-0.7073294934;1705;1620231228.818796729;1705
1620231228.7925860882;-0.8634773896;-1.3924058238;2.0885804818;0.7697865173;-0.0101203780;0.0100208765;0.6381425215;1620231228.7842640877;-0.0537136895;5.2450666851;1.4840862068;0.7068180984;0.0062811752;0.0072066940;-0.7073307474;1705;1620231228.818796729;1705
1620231228.8011829853;-0.8617322951;-1.3924119205;2.0879857566;0.7695598604;-0.0099797407;0.0099940144;0.6384184722;1620231228.7926120758;-0.0537135270;5.2450558881;1.4840937102;0.7068138226;0.0062651460;0.0071941304;-0.7073352901;1705;1620231228.818796729;1705
1620231228.8094899654;-0.8598201323;-1.3924757062;2.0873675137;0.7695601172;-0.0098920762;0.0099767297;0.6384197974;1620231228.8011999130;-0.0537168522;5.2450577607;1.4840978153;0.7068145467;0.0062668803;0.0071960749;-0.7073345313;1705;1620231228.818796729;1705
1620231228.8260989189;-0.8560942028;-1.3925976415;2.0861350953;0.7694461447;-0.0095252693;0.0102154643;0.6385589589;1620231228.8095068932;-0.0537224942;5.2450465852;1.4840967328;0.7068145892;0.0062606187;0.0071897680;-0.7073346085;1706;1620231228.844768025;1706
1620231228.8345479965;-0.8542699719;-1.3925891863;2.0854999978;0.7691443306;-0.0093839227;0.0102525624;0.6389239592;1620231228.8261148930;-0.0537163480;5.2450492707;1.4840950482;0.7068107595;0.0062699877;0.0071981578;-0.7073382670;1706;1620231228.844768025;1706
1620231228.8428959846;-0.8522720487;-1.3926683549;2.0848925530;0.7691466950;-0.0093422183;0.0101538526;0.6389233004;1620231228.8345649242;-0.0537155185;5.2450509019;1.4840932745;0.7068129129;0.0062665021;0.0071955327;-0.7073361729;1706;1620231228.844768025;1706
1620231228.8510510921;-0.8507096503;-1.3927204664;2.0844159211;0.7687543577;-0.0084181029;0.0108235785;0.6393971561;1620231228.8429119587;-0.0537159959;5.2450493496;1.4840906738;0.7068168120;0.0062674760;0.0071918419;-0.7073323056;1706;1620231228.844768025;1706
1620231228.8597640991;-0.8485522588;-1.3927846948;2.0836410031;0.7689776523;-0.0090656946;0.0102298464;0.6391295124;1620231228.8510680199;-0.0537096691;5.2450575761;1.4840907893;0.7068166118;0.0062723807;0.0071989303;-0.7073323899;1707;1620231228.896710713;1707
1620231228.8763980865;-0.8447633312;-1.3928710529;2.0824494426;0.7686826748;-0.0093375025;0.0099443052;0.6394848453;1620231228.8597788811;-0.0537102020;5.2450414897;1.4840956854;0.7068168330;0.0062602565;0.0071821421;-0.7073324470;1707;1620231228.896710713;1707
1620231228.8925731182;-0.8409372315;-1.3929843502;2.0812072097;0.7684232772;-0.0093480732;0.0099184848;0.6397967679;1620231228.8764131069;-0.0537085813;5.2450376561;1.4840904597;0.7068141502;0.0062589582;0.0071842929;-0.7073351175;1708;1620231228.922682057;1708
1620231228.9012620449;-0.8394972687;-1.3929961537;2.0807962635;0.7678567360;-0.0080210690;0.0108759038;0.6404790474;1620231228.8925900459;-0.0537172039;5.2450451717;1.4840867797;0.7068169349;0.0062622981;0.0071941091;-0.7073322055;1708;1620231228.922682057;1708
1620231228.9097640514;-0.8374827239;-1.3930676985;2.0801573830;0.7679426089;-0.0079777736;0.0110165077;0.6403742196;1620231228.9012789726;-0.0537100175;5.2450518779;1.4840809040;0.7068177723;0.0062729465;0.0071990929;-0.7073312236;1708;1620231228.922682057;1708
1620231228.9263920784;-0.8331070532;-1.3932343324;2.0786504944;0.7680978592;-0.0094303302;0.0099185791;0.6401861990;1620231228.9097790718;-0.0537146306;5.2450498089;1.4840859786;0.7068165586;0.0062696130;0.0071956582;-0.7073325010;1708;1620231228.922682057;1708
1620231228.9344520569;-0.8313752781;-1.3932528304;2.0780940373;0.7679237126;-0.0091296164;0.0101288710;0.6403961491;1620231228.9264059067;-0.0537114456;5.2450460732;1.4840846480;0.7068170433;0.0062712394;0.0071949497;-0.7073320094;1709;1620231228.974624761;1709
1620231228.9428079128;-0.8295147762;-1.3933581886;2.0773726003;0.7677765034;-0.0092210872;0.0103290726;0.6405681249;1620231228.9344699383;-0.0537145876;5.2450353757;1.4840884839;0.7068132848;0.0062579667;0.0071854168;-0.7073359796;1709;1620231228.974624761;1709
1620231228.9512979984;-0.8275748319;-1.3934387190;2.0767706402;0.7677555903;-0.0093407011;0.0102412541;0.6405928673;1620231228.9428269863;-0.0537080179;5.2450293002;1.4840891600;0.7068142963;0.0062567155;0.0071808779;-0.7073350260;1709;1620231228.974624761;1709
1620231228.9593620300;-0.8256070815;-1.3934882645;2.0761730968;0.7675686395;-0.0093254998;0.0102421131;0.6408170705;1620231228.9513089657;-0.0537125509;5.2450388989;1.4840849373;0.7068163777;0.0062643619;0.0071915864;-0.7073327697;1709;1620231228.974624761;1709
1620231228.9758250713;-0.8217483152;-1.3936175638;2.0749889350;0.7674307976;-0.0090939868;0.0104257035;0.6409825076;1620231228.9593780041;-0.0537130471;5.2450429671;1.4840839436;0.7068163517;0.0062706132;0.0071979158;-0.7073326759;1710;1620231229.000596217;1710
1620231228.9846229553;-0.8197861561;-1.3936790058;2.0744050758;0.7672573337;-0.0088142445;0.0105634593;0.6411917859;1620231228.9758400917;-0.0537133878;5.2450402982;1.4840824014;0.7068108037;0.0062570607;0.0071854778;-0.7073384662;1710;1620231229.000596217;1710
1620231228.9925260544;-0.8178020869;-1.3937562278;2.0737820003;0.7671539491;-0.0088547790;0.0106252799;0.6413138972;1620231228.9846398830;-0.0537163884;5.2450231805;1.4840794238;0.7068136273;0.0062460001;0.0071736315;-0.7073358628;1710;1620231229.000596217;1710
1620231229.0008270741;-0.8157918125;-1.3938167187;2.0731574669;0.7670010309;-0.0086979959;0.0108278288;0.6414955351;1620231228.9925410748;-0.0537197401;5.2450296093;1.4840761484;0.7068107496;0.0062612573;0.0071867051;-0.7073384707;1711;1620231229.052538881;1711
1620231229.0090739727;-0.8139401769;-1.3938504566;2.0725409451;0.7667546380;-0.0084995514;0.0109665480;0.6417903221;1620231229.0008440018;-0.0537199758;5.2450483377;1.4840802412;0.7068065074;0.0062789275;0.0072063864;-0.7073423529;1711;1620231229.052538881;1711
1620231229.0258190632;-0.8099559562;-1.3939611787;2.0712696570;0.7664666386;-0.0084253918;0.0111812598;0.6421315162;1620231229.0090880394;-0.0537229567;5.2450523767;1.4840905469;0.7067980808;0.0062673673;0.0071981169;-0.7073509597;1711;1620231229.052538881;1711
1620231229.0343840122;-0.8079077946;-1.3940265505;2.0705616360;0.7664235757;-0.0084094956;0.0115545292;0.6421765145;1620231229.0258340836;-0.0537130666;5.2450602657;1.4840875120;0.7068033113;0.0062748565;0.0072055416;-0.7073455912;1711;1620231229.052538881;1711
1620231229.0423231125;-0.8059304108;-1.3940793853;2.0699036276;0.7662406212;-0.0085500846;0.0115964574;0.6423921922;1620231229.0343999863;-0.0537136954;5.2450452101;1.4840895116;0.7068083938;0.0062614221;0.0071906691;-0.7073407831;1712;1620231229.078510265;1712
1620231229.0508730412;-0.8039355795;-1.3941400015;2.0692547517;0.7662146621;-0.0085228458;0.0117380772;0.6424209447;1620231229.0423378944;-0.0537224032;5.2450517097;1.4840897367;0.7068099565;0.0062689927;0.0072019114;-0.7073390401;1712;1620231229.078510265;1712
1620231229.0592188835;-0.8019482098;-1.3942092245;2.0686568176;0.7660501900;-0.0085818280;0.0117046775;0.6426168836;1620231229.0508880615;-0.0537162168;5.2450600571;1.4840871261;0.7068111490;0.0062791133;0.0072082476;-0.7073376942;1712;1620231229.078510265;1712
1620231229.0681009293;-0.7998962801;-1.3942697652;2.0680117480;0.7660511453;-0.0083494917;0.0116552980;0.6426197031;1620231229.0592350960;-0.0537173419;5.2450581045;1.4840942630;0.7068136638;0.0062700317;0.0072004084;-0.7073353416;1712;1620231229.078510265;1712
1620231229.0854949951;-0.7958702156;-1.3943891054;2.0667310910;0.7657983449;-0.0080963314;0.0120333145;0.6429172137;1620231229.0681159496;-0.0537120196;5.2450647294;1.4840928183;0.7068138309;0.0062763834;0.0072032711;-0.7073350891;1713;1620231229.104481545;1713
1620231229.0939130783;-0.7938769590;-1.3944277913;2.0660969029;0.7653847871;-0.0079521203;0.0120580544;0.6434108289;1620231229.0855119228;-0.0537194324;5.2450687067;1.4840930888;0.7068149332;0.0062721594;0.0072003389;-0.7073340549;1713;1620231229.104481545;1713
1620231229.1021959782;-0.7917164072;-1.3945238492;2.0654437775;0.7654411763;-0.0080017064;0.0120953137;0.6433424296;1620231229.0939230919;-0.0537119632;5.2450827845;1.4840914277;0.7068151593;0.0062837621;0.0072101725;-0.7073336259;1713;1620231229.104481545;1713
1620231229.1096410751;-0.7896783394;-1.3945915023;2.0647660355;0.7653044655;-0.0079569964;0.0122544960;0.6435025941;1620231229.1022069454;-0.0537122245;5.2450786677;1.4840921305;0.7068154555;0.0062776824;0.0072067875;-0.7073334184;1714;1620231229.156424337;1714
1620231229.1264629364;-0.7856587522;-1.3947201540;2.0633719123;0.7650626086;-0.0082315673;0.0126776341;0.6437784741;1620231229.1096570492;-0.0537110397;5.2450820972;1.4840920446;0.7068179398;0.0062806921;0.0072087000;-0.7073308897;1714;1620231229.156424337;1714
1620231229.1345388889;-0.7836160132;-1.3947922994;2.0627066145;0.7649425882;-0.0083834785;0.0126681521;0.6439193055;1620231229.1264779568;-0.0537090527;5.2450804142;1.4840848240;0.7068183501;0.0062779388;0.0072051273;-0.7073305405;1714;1620231229.156424337;1714
1620231229.1431770325;-0.7814378616;-1.3949037157;2.0619942097;0.7650288259;-0.0085962572;0.0127548385;0.6438123282;1620231229.1345551014;-0.0537032224;5.2450725211;1.4840776613;0.7068176354;0.0062833213;0.0072078579;-0.7073311792;1714;1620231229.156424337;1714
1620231229.1513969898;-0.7793875549;-1.3949657313;2.0613210265;0.7648847916;-0.0084441848;0.0129244315;0.6439820730;1620231229.1431930065;-0.0537114961;5.2450732214;1.4840704724;0.7068135146;0.0062925505;0.0072144670;-0.7073351475;1715;1620231229.182395625;1715
1620231229.1594340801;-0.7772316316;-1.3950455700;2.0606874050;0.7648123020;-0.0087374066;0.0126567207;0.6440695676;1620231229.1514120102;-0.0537140211;5.2450634674;1.4840715439;0.7068067826;0.0062855595;0.0072084536;-0.7073419979;1715;1620231229.182395625;1715
1620231229.1758949757;-0.7730617020;-1.3951914778;2.0593918499;0.7646511552;-0.0083532616;0.0128817398;0.6442615111;1620231229.1594500542;-0.0537141290;5.2450493995;1.4840732830;0.7068088614;0.0062804202;0.0071947717;-0.7073401056;1715;1620231229.182395625;1715
1620231229.1844739914;-0.7710016448;-1.3952480581;2.0587269325;0.7645849209;-0.0080539035;0.0129727167;0.6443421002;1620231229.1759099960;-0.0537178661;5.2450317200;1.4840865115;0.7068086681;0.0062521698;0.0071748967;-0.7073407509;1716;1620231229.208367033;1716
1620231229.1936209202;-0.7687353176;-1.3953400442;2.0579982142;0.7645337509;-0.0082822051;0.0128487844;0.6444024034;1620231229.1844949722;-0.0537184546;5.2450177534;1.4840948814;0.7068103601;0.0062411675;0.0071615735;-0.7073392924;1716;1620231229.208367033;1716
1620231229.2018980980;-0.7667070651;-1.3953836308;2.0572745902;0.7643986085;-0.0083731259;0.0128923008;0.6445606618;1620231229.1936368942;-0.0537162742;5.2450154205;1.4840969994;0.7068094468;0.0062374146;0.0071574039;-0.7073402803;1716;1620231229.208367033;1716
1620231229.2093260288;-0.7644837161;-1.3954781720;2.0565228372;0.7643622123;-0.0086206405;0.0129223598;0.6445999578;1620231229.2019150257;-0.0537207370;5.2450147077;1.4840981753;0.7068066118;0.0062383494;0.0071627274;-0.7073430510;1716;1620231229.208367033;1716
1620231229.2262160778;-0.7606611239;-1.3955206853;2.0551230003;0.7635077806;-0.0084076144;0.0135082983;0.6456025921;1620231229.2093420029;-0.0537214369;5.2450186908;1.4840995741;0.7068054675;0.0062372702;0.0071634635;-0.7073441965;1717;1620231229.260309641;1717
1620231229.2351911068;-0.7582634198;-1.3955445977;2.0542023880;0.7638089520;-0.0096974840;0.0128293495;0.6452420100;1620231229.2262310982;-0.0537188686;5.2450254232;1.4840963134;0.7068084638;0.0062472782;0.0071712095;-0.7073410357;1717;1620231229.260309641;1717
1620231229.2428460121;-0.7561482023;-1.3955960441;2.0535295210;0.7636999361;-0.0096127277;0.0127236945;0.6453743957;1620231229.2352080345;-0.0537193826;5.2450457305;1.4840926343;0.7068089196;0.0062685079;0.0071964388;-0.7073401362;1717;1620231229.260309641;1717
1620231229.2511579990;-0.7539020355;-1.3956624333;2.0527985722;0.7636685025;-0.0099030882;0.0124363272;0.6454128019;1620231229.2428619862;-0.0537211155;5.2450383959;1.4840862300;0.7068083586;0.0062569138;0.0071842818;-0.7073409230;1718;1620231229.286281081;1718
1620231229.2592370510;-0.7517059888;-1.3957213015;2.0520371685;0.7636006011;-0.0101323807;0.0121972467;0.6454941394;1620231229.2511749268;-0.0537184563;5.2450368956;1.4840901097;0.7068106312;0.0062511637;0.0071771667;-0.7073387752;1718;1620231229.286281081;1718
1620231229.2683470249;-0.7495608327;-1.3957812431;2.0513245750;0.7635932364;-0.0102041428;0.0120057003;0.6455053121;1620231229.2592520714;-0.0537168028;5.2450379454;1.4840924130;0.7068102199;0.0062558915;0.0071818020;-0.7073390973;1718;1620231229.286281081;1718
1620231229.2844951153;-0.7450342907;-1.3959294773;2.0498087286;0.7637032796;-0.0105309733;0.0115830581;0.6453775888;1620231229.2683629990;-0.0537206678;5.2450437423;1.4840949584;0.7068076645;0.0062611918;0.0071874895;-0.7073415461;1718;1620231229.286281081;1718
1620231229.2927548885;-0.7429000846;-1.3959588296;2.0490608136;0.7636146591;-0.0105633119;0.0114499241;0.6454842896;1620231229.2845110893;-0.0537131855;5.2450541790;1.4840964674;0.7068046687;0.0062631826;0.0071910144;-0.7073444862;1719;1620231229.338223785;1719
1620231229.3018050194;-0.7404813635;-1.3960419265;2.0483917899;0.7638984033;-0.0106596725;0.0110048887;0.6451546274;1620231229.2927699089;-0.0537115699;5.2450550313;1.4840939491;0.7068058208;0.0062676660;0.0071931514;-0.7073432736;1719;1620231229.338223785;1719
1620231229.3095829487;-0.7383247734;-1.3961079396;2.0475922557;0.7637851054;-0.0110369873;0.0109053360;0.6452841012;1620231229.3018200397;-0.0537132067;5.2450543629;1.4840921917;0.7068028083;0.0062603186;0.0071873338;-0.7073464080;1719;1620231229.338223785;1719
1620231229.3264238834;-0.7339730311;-1.3961559627;2.0460201496;0.7634863900;-0.0113591017;0.0108232315;0.6456333021;1620231229.3095989227;-0.0537155377;5.2450730200;1.4840889863;0.7068071925;0.0062800989;0.0072065881;-0.7073416558;1719;1620231229.338223785;1719
1620231229.3349809647;-0.7317754018;-1.3962006694;2.0451796529;0.7634375609;-0.0117693954;0.0108328198;0.6456835308;1620231229.3264400959;-0.0537126830;5.2450728467;1.4840889580;0.7068074794;0.0062686167;0.0071964979;-0.7073415737;1720;1620231229.364195153;1720
1620231229.3428568840;-0.7295529550;-1.3962501728;2.0443208307;0.7632733483;-0.0122418832;0.0107883221;0.6458696031;1620231229.3349978924;-0.0537113883;5.2450549242;1.4840827848;0.7068067834;0.0062527336;0.0071847623;-0.7073425291;1720;1620231229.364195153;1720
1620231229.3514099121;-0.7273562664;-1.3963574324;2.0433986487;0.7632202079;-0.0127050105;0.0109450789;0.6459208173;1620231229.3428709507;-0.0537187021;5.2450458556;1.4840888219;0.7068092366;0.0062564357;0.0071808424;-0.7073400848;1720;1620231229.364195153;1720
1620231229.3592960835;-0.7251401665;-1.3964482472;2.0425159144;0.7630829597;-0.0130413519;0.0109438288;0.6460762744;1620231229.3514380455;-0.0537292660;5.2450367794;1.4840982585;0.7068115004;0.0062556317;0.0071836688;-0.7073378011;1720;1620231229.364195153;1720
1620231229.3759839535;-0.7206477751;-1.3964450171;2.0413476171;0.7629308611;-0.0126163924;0.0096065093;0.6462855737;1620231229.3593111038;-0.0537243383;5.2450431934;1.4841018681;0.7068058797;0.0062451431;0.0071778638;-0.7073435692;1721;1620231229.390166417;1721
1620231229.3844690323;-0.7184183633;-1.3964597750;2.0406526735;0.7628199440;-0.0125426167;0.0092051807;0.6464237622;1620231229.3759980202;-0.0537231323;5.2450479499;1.4840905418;0.7068081727;0.0062626880;0.0071876254;-0.7073410237;1721;1620231229.390166417;1721
1620231229.3927791119;-0.7162568297;-1.3964823108;2.0399174188;0.7626735108;-0.0124242217;0.0089713284;0.6466020955;1620231229.3844840527;-0.0537185118;5.2450557569;1.4840932139;0.7068037254;0.0062594416;0.0071919452;-0.7073454525;1721;1620231229.390166417;1721
1620231229.4012429714;-0.7140327810;-1.3965125476;2.0391606990;0.7625459430;-0.0123704782;0.0087791890;0.6467561998;1620231229.3927938938;-0.0537158726;5.2450594836;1.4840910009;0.7068037294;0.0062649679;0.0071916449;-0.7073454026;1722;1620231229.442109201;1722
1620231229.4093270302;-0.7118024983;-1.3965369313;2.0384325895;0.7624875988;-0.0123654437;0.0085667198;0.6468279283;1620231229.4012579918;-0.0537123385;5.2450429063;1.4840920079;0.7068044327;0.0062507260;0.0071774483;-0.7073449700;1722;1620231229.442109201;1722
1620231229.4262690544;-0.7072952590;-1.3963760425;2.0372140599;0.7622099082;-0.0116246994;0.0077998950;0.6471785564;1620231229.4093410969;-0.0537166008;5.2450418837;1.4840874459;0.7068064043;0.0062609448;0.0071804448;-0.7073428791;1722;1620231229.442109201;1722
1620231229.4342889786;-0.7050923242;-1.3964308378;2.0364038907;0.7620112766;-0.0115750563;0.0078202836;0.6474130641;1620231229.4262840748;-0.0537244335;5.2450455457;1.4840814582;0.7068064959;0.0062673258;0.0071997643;-0.7073425347;1722;1620231229.442109201;1722
1620231229.4428689480;-0.7030609474;-1.3964317802;2.0357357015;0.7615493036;-0.0113044531;0.0077575643;0.6479619493;1620231229.4343059063;-0.0537164802;5.2450568917;1.4840832296;0.7068055366;0.0062765205;0.0071992474;-0.7073434170;1723;1620231229.468080561;1723
1620231229.4515008926;-0.7008407484;-1.3964650532;2.0350025670;0.7614374157;-0.0111085224;0.0078447914;0.6480957661;1620231229.4428839684;-0.0537173448;5.2450475092;1.4840905229;0.7068063257;0.0062642622;0.0071878090;-0.7073428535;1723;1620231229.468080561;1723
1620231229.4601819515;-0.6986179840;-1.3964814183;2.0343016032;0.7613128276;-0.0108824378;0.0076967053;0.6482477241;1620231229.4515171051;-0.0537126457;5.2450440770;1.4840884045;0.7068060269;0.0062597896;0.0071851826;-0.7073432183;1723;1620231229.468080561;1723
1620231229.4765489101;-0.6941657860;-1.3965181076;2.0328973967;0.7609838121;-0.0102629334;0.0075852131;0.6486453379;1620231229.4602088928;-0.0537164837;5.2450448798;1.4840878398;0.7068065072;0.0062604092;0.0071836957;-0.7073427480;1724;1620231229.520023249;1724
1620231229.4846808910;-0.6919572123;-1.3965174328;2.0322089163;0.7607532831;-0.0100782497;0.0074365387;0.6489203102;1620231229.4765710831;-0.0537220306;5.2450447489;1.4840851214;0.7068069770;0.0062568705;0.0071835251;-0.7073423117;1724;1620231229.520023249;1724
1620231229.4932310581;-0.6897244840;-1.3965598819;2.0315172404;0.7606293152;-0.0099018601;0.0073686374;0.6490691036;1620231229.4847130775;-0.0537130536;5.2450442594;1.4840842830;0.7068050087;0.0062570993;0.0071817759;-0.7073442941;1724;1620231229.520023249;1724
1620231229.5017080307;-0.6875204665;-1.3965718080;2.0308107498;0.7604609413;-0.0095252909;0.0075699049;0.6492696836;1620231229.4932630062;-0.0537127283;5.2450384793;1.4840828224;0.7068053175;0.0062535612;0.0071760024;-0.7073440755;1724;1620231229.520023249;1724
1620231229.5099339485;-0.6852651424;-1.3966026699;2.0301171327;0.7603415296;-0.0095470588;0.0073568585;0.6494116480;1620231229.5017290115;-0.0537159837;5.2450501425;1.4840876202;0.7068029256;0.0062553531;0.0071799200;-0.7073464100;1725;1620231229.545994569;1725
1620231229.5264770985;-0.6806613142;-1.3966614721;2.0286917169;0.7601317474;-0.0091320471;0.0075117733;0.6496613776;1620231229.5099589825;-0.0537451190;5.2450546642;1.4840890701;0.7068052905;0.0062615437;0.0071862962;-0.7073439274;1725;1620231229.545994569;1725
1620231229.5428819656;-0.6764576025;-1.3967277945;2.0272171657;0.7593729265;-0.0087335541;0.0079799090;0.6505480802;1620231229.5264949799;-0.0537223210;5.2450555603;1.4840844043;0.7068046596;0.0062610138;0.0071850517;-0.7073445751;1725;1620231229.545994569;1725
1620231229.5515739918;-0.6740707081;-1.3968142894;2.0264333239;0.7594407064;-0.0086396567;0.0083021546;0.6504661744;1620231229.5428969860;-0.0537116096;5.2450664740;1.4840897964;0.7068049046;0.0062645586;0.0071890621;-0.7073442582;1726;1620231229.571965977;1726
1620231229.5596609116;-0.6719486861;-1.3968336797;2.0256978992;0.7593915543;-0.0082669720;0.0086596528;0.6505237389;1620231229.5515859127;-0.0537134895;5.2450634949;1.4840917647;0.7068047860;0.0062564458;0.0071851849;-0.7073444879;1726;1620231229.571965977;1726
1620231229.5769848824;-0.6675026385;-1.3969013879;2.0242231025;0.7591015841;-0.0079154598;0.0091323407;0.6508599933;1620231229.5596709251;-0.0537382507;5.2450701492;1.4840998207;0.7068041715;0.0062606555;0.0071898054;-0.7073450177;1726;1620231229.571965977;1726
1620231229.5847940445;-0.6652294479;-1.3969367773;2.0234046048;0.7591296748;-0.0080541081;0.0094280803;0.6508213115;1620231229.5769999027;-0.0537361021;5.2450645957;1.4840993145;0.7068057718;0.0062595666;0.0071846830;-0.7073434803;1727;1620231229.623908665;1727
1620231229.5938529968;-0.6629811187;-1.3969754414;2.0226616782;0.7589383522;-0.0078358112;0.0096828693;0.6510433317;1620231229.5848100185;-0.0537163879;5.2450598959;1.4840934493;0.7068052719;0.0062541864;0.0071792493;-0.7073440826;1727;1620231229.623908665;1727
1620231229.6018431187;-0.6607417377;-1.3969965033;2.0219546942;0.7588103051;-0.0077067626;0.0097462668;0.6511931641;1620231229.5938670635;-0.0537389244;5.2450642524;1.4840967982;0.7068059202;0.0062626861;0.0071891937;-0.7073432586;1727;1620231229.623908665;1727
1620231229.6095759869;-0.6584639859;-1.3970339335;2.0212600048;0.7586806505;-0.0075624134;0.0097961270;0.6513451591;1620231229.6018579006;-0.0537122195;5.2450577216;1.4840938330;0.7068026390;0.0062588632;0.0071805302;-0.7073466591;1727;1620231229.623908665;1727
1620231229.6271009445;-0.6538340079;-1.3971291732;2.0198211417;0.7585382559;-0.0072606631;0.0099878621;0.6515115039;1620231229.6095910072;-0.0537150412;5.2450636819;1.4840930863;0.7068045419;0.0062653020;0.0071887296;-0.7073446174;1728;1620231229.649880025;1728
1620231229.6428840160;-0.6491707474;-1.3972159266;2.0183633129;0.7583304894;-0.0068108247;0.0104251312;0.6517513315;1620231229.6271159649;-0.0537103936;5.2450608792;1.4840871365;0.7068066029;0.0062635345;0.0071884609;-0.7073425763;1728;1620231229.649880025;1728
1620231229.6514029503;-0.6469375063;-1.3972583096;2.0175910959;0.7581665242;-0.0066521184;0.0108288655;0.6519371186;1620231229.6428980827;-0.0537129426;5.2450539011;1.4840920078;0.7068021314;0.0062638741;0.0071853116;-0.7073470734;1728;1620231229.649880025;1728
1620231229.6594700813;-0.6445677551;-1.3972994626;2.0168226306;0.7580368493;-0.0067064092;0.0110040040;0.6520844049;1620231229.6514139175;-0.0537046375;5.2450765891;1.4840915343;0.7067989497;0.0062726374;0.0071940658;-0.7073500860;1729;1620231229.701822753;1729
1620231229.6762731075;-0.6399648808;-1.3973843039;2.0152676407;0.7579235926;-0.0068540884;0.0115600064;0.6522048877;1620231229.6594789028;-0.0537087778;5.2450879505;1.4840945643;0.7068049098;0.0062746693;0.0071979382;-0.7073440731;1729;1620231229.701822753;1729
1620231229.6857919693;-0.6375553551;-1.3974426758;2.0144897308;0.7579221119;-0.0070457865;0.0116811504;0.6522024072;1620231229.6762890816;-0.0537216274;5.2450779310;1.4840953338;0.7068093243;0.0062699796;0.0071966566;-0.7073397165;1729;1620231229.701822753;1729
1620231229.6931738853;-0.6354035675;-1.3974652294;2.0137267449;0.7576419709;-0.0069995202;0.0119052807;0.6525242639;1620231229.6858599186;-0.0537285917;5.2450795263;1.4840943246;0.7068092701;0.0062774867;0.0072049080;-0.7073396201;1730;1620231229.727794073;1730
1620231229.7011599541;-0.6329121496;-1.3975519846;2.0130037601;0.7576975462;-0.0075185614;0.0115204683;0.6524608635;1620231229.6932001114;-0.0537326262;5.2450750266;1.4840925303;0.7068099662;0.0062700544;0.0071982253;-0.7073390585;1730;1620231229.727794073;1730
1620231229.7174079418;-0.6281929665;-1.3976570438;2.0114940637;0.7574447361;-0.0074027643;0.0115538039;0.6527550693;1620231229.7011721134;-0.0536984907;5.2450720166;1.4840907471;0.7068095140;0.0062742428;0.0071931737;-0.7073395246;1730;1620231229.727794073;1730
1620231229.7259039879;-0.6257939041;-1.3977153157;2.0107136209;0.7573764452;-0.0073881486;0.0116113984;0.6528334481;1620231229.7174229622;-0.0537118880;5.2450504416;1.4840921076;0.7068098998;0.0062590007;0.0071791166;-0.7073394169;1730;1620231229.727794073;1730
1620231229.7429220676;-0.6210448092;-1.3978362480;2.0091944853;0.7572403049;-0.0075032873;0.0116348549;0.6529896259;1620231229.7259140015;-0.0537391502;5.2450544544;1.4840953722;0.7068096475;0.0062648428;0.0071880902;-0.7073395262;1731;1620231229.753765481;1731
1620231229.7513029575;-0.6187002607;-1.3978681698;2.0083224803;0.7571014308;-0.0076964239;0.0118173674;0.6531451128;1620231229.7429449558;-0.0537338121;5.2450494949;1.4840936257;0.7068072254;0.0062620077;0.0071864651;-0.7073419880;1731;1620231229.753765481;1731
1620231229.7598860264;-0.6163722961;-1.3979118173;2.0074943443;0.7568968838;-0.0079756918;0.0119619865;0.6533761600;1620231229.7513198853;-0.0537350788;5.2450442046;1.4840912008;0.7068098849;0.0062620977;0.0071866963;-0.7073393275;1731;1620231229.753765481;1731
1620231229.7764449120;-0.6116126196;-1.3979836364;2.0058588176;0.7567146981;-0.0089660837;0.0117063700;0.6535789439;1620231229.7599010468;-0.0537147777;5.2450379344;1.4840847812;0.7068115847;0.0062618102;0.0071825162;-0.7073376739;1732;1620231229.805708145;1732
1620231229.7849171162;-0.6091406053;-1.3980287634;2.0050717085;0.7567301706;-0.0092774383;0.0115528499;0.6535594156;1620231229.7764790058;-0.0537339159;5.2450379360;1.4840914325;0.7068053317;0.0062545740;0.0071802883;-0.7073440088;1732;1620231229.805708145;1732
1620231229.7931509018;-0.6066754395;-1.3980833219;2.0042845029;0.7567888471;-0.0095678182;0.0112962205;0.6534917697;1620231229.7849409580;-0.0537389391;5.2450408263;1.4840885371;0.7068062702;0.0062549282;0.0071826846;-0.7073430436;1732;1620231229.805708145;1732
1620231229.8012011051;-0.6043114594;-1.3981469917;2.0034681560;0.7566856076;-0.0095469870;0.0113651454;0.6536104189;1620231229.7931671143;-0.0537295271;5.2450527914;1.4840879786;0.7068086989;0.0062699437;0.0071914117;-0.7073403951;1733;1620231229.831679465;1733
1620231229.8093020916;-0.6018563219;-1.3981981253;2.0026899874;0.7566427127;-0.0096111597;0.0111262838;0.6536632442;1620231229.8012158871;-0.0537119918;5.2450520523;1.4840836561;0.7068076040;0.0062668584;0.0071897005;-0.7073415340;1733;1620231229.831679465;1733
1620231229.8266730309;-0.5970262217;-1.3983085720;2.0011201655;0.7565060853;-0.0098613681;0.0105984890;0.6538264053;1620231229.8093171120;-0.0537098954;5.2450505446;1.4840881126;0.7068067514;0.0062574505;0.0071805180;-0.7073425624;1733;1620231229.831679465;1733
1620231229.8347039223;-0.5946419349;-1.3983724417;2.0003354186;0.7563861847;-0.0100672700;0.0103049378;0.6539666643;1620231229.8266959190;-0.0537060042;5.2450679787;1.4840837158;0.7068074226;0.0062733688;0.0071970230;-0.7073415830;1733;1620231229.831679465;1733
1620231229.8426198959;-0.5922495589;-1.3984039362;1.9995070727;0.7562465850;-0.0103544438;0.0100576166;0.6541274589;1620231229.8347210884;-0.0537254101;5.2450671075;1.4840843216;0.7068077092;0.0062724796;0.0071982537;-0.7073412920;1734;1620231229.883622153;1734
1620231229.8515930176;-0.5896765474;-1.3984546153;1.9986626105;0.7563780039;-0.0107770984;0.0098534137;0.6539717728;1620231229.8426349163;-0.0537031609;5.2450623007;1.4840804127;0.7068060448;0.0062700934;0.0071926741;-0.7073430331;1734;1620231229.883622153;1734
1620231229.8596661091;-0.5873565888;-1.3984845400;1.9978406585;0.7561709561;-0.0109080054;0.0097106837;0.6542111305;1620231229.8516089916;-0.0537245624;5.2450677595;1.4840842887;0.7068051814;0.0062711859;0.0071973342;-0.7073438387;1734;1620231229.883622153;1734
1620231229.8762140274;-0.5824272135;-1.3985931156;1.9961490783;0.7560703850;-0.0115808336;0.0093085686;0.6543216394;1620231229.8596808910;-0.0537061632;5.2450647943;1.4840809246;0.7068056975;0.0062761605;0.0071976786;-0.7073432754;1734;1620231229.883622153;1734
1620231229.8843519688;-0.5800259299;-1.3986437712;1.9952518068;0.7559019703;-0.0117411500;0.0093152468;0.6545132411;1620231229.8762369156;-0.0537101522;5.2450580746;1.4840848830;0.7068026804;0.0062643962;0.0071891428;-0.7073464812;1735;1620231229.909593561;1735
1620231229.8929040432;-0.5775884833;-1.3987071039;1.9943646820;0.7557755613;-0.0120158088;0.0092581828;0.6546550293;1620231229.8843688965;-0.0537067886;5.2450515107;1.4840846546;0.7068007667;0.0062568335;0.0071810955;-0.7073485422;1735;1620231229.909593561;1735
1620231229.9017019272;-0.5751782490;-1.3987810560;1.9935357152;0.7557186070;-0.0121363378;0.0090964494;0.6547208191;1620231229.8929190636;-0.0537315347;5.2450488419;1.4840914259;0.7067985814;0.0062519058;0.0071791951;-0.7073507887;1735;1620231229.909593561;1735
1620231229.9101929665;-0.5726591691;-1.3988198281;1.9927954123;0.7556081724;-0.0120065423;0.0087304805;0.6548556416;1620231229.9017169476;-0.0536982956;5.2450578412;1.4840867392;0.7068030937;0.0062684747;0.0071861292;-0.7073460628;1736;1620231229.935564865;1736
1620231229.9262840748;-0.5678085384;-1.3987416839;1.9915287192;0.7555036158;-0.0114212616;0.0074900455;0.6550020920;1620231229.9102270603;-0.0537138999;5.2450517257;1.4840884945;0.7068000346;0.0062551585;0.0071819968;-0.7073492793;1736;1620231229.935564865;1736
1620231229.9354269505;-0.5654630683;-1.3990730114;1.9902956011;0.7550575076;-0.0124231829;0.0082893107;0.6554884531;1620231229.9263000488;-0.0537329646;5.2450549515;1.4840851617;0.7068056516;0.0062723119;0.0071949578;-0.7073433831;1736;1620231229.935564865;1736
1620231229.9427158833;-0.5630519978;-1.3990706427;1.9894348366;0.7548577208;-0.0124807429;0.0081789037;0.6557188101;1620231229.9354441166;-0.0537089255;5.2450536268;1.4840862036;0.7068003824;0.0062552433;0.0071870588;-0.7073488797;1736;1620231229.935564865;1736
1620231229.9512650967;-0.5608553792;-1.3988645590;1.9891743801;0.7544734792;-0.0109562568;0.0077328679;0.6561935175;1620231229.9427258968;-0.0537351481;5.2450533937;1.4840866417;0.7068035409;0.0062612642;0.0071850492;-0.7073456908;1737;1620231229.987507633;1737
1620231229.9594349861;-0.5581008018;-1.3989103617;1.9880899007;0.7546692201;-0.0120381111;0.0071509236;0.6559560324;1620231229.9512801170;-0.0536989908;5.2450560826;1.4840822690;0.7067997367;0.0062599553;0.0071822491;-0.7073495320;1737;1620231229.987507633;1737
1620231229.9762980938;-0.5533547680;-1.3989785349;1.9863634040;0.7542635204;-0.0121461094;0.0072936265;0.6564189339;1620231229.9594609737;-0.0537061212;5.2450599339;1.4840818648;0.7068044486;0.0062697201;0.0071912109;-0.7073446462;1737;1620231229.987507633;1737
1620231229.9931080341;-0.5484335341;-1.3990491470;1.9847157307;0.7540478809;-0.0118601200;0.0072935730;0.6566718623;1620231229.9763131142;-0.0537107164;5.2450520110;1.4840873874;0.7068061048;0.0062605400;0.0071840809;-0.7073431450;1738;1620231230.013479001;1738
1620231230.0014209747;-0.5459586413;-1.3991055928;1.9839350323;0.7541113174;-0.0118822987;0.0072707903;0.6565988635;1620231229.9931240082;-0.0537063985;5.2450437333;1.4840888358;0.7068050706;0.0062491560;0.0071765625;-0.7073443554;1738;1620231230.013479001;1738
1620231230.0093879700;-0.5434848620;-1.3991452774;1.9831301603;0.7539524053;-0.0118625523;0.0070744981;0.6567838319;1620231230.0014359951;-0.0537099871;5.2450514852;1.4840900759;0.7068067034;0.0062589966;0.0071866219;-0.7073425347;1738;1620231230.013479001;1738
1620231230.0260410309;-0.5386454359;-1.3991757158;1.9815711493;0.7537481914;-0.0115960532;0.0068596178;0.6570252211;1620231230.0094029903;-0.0537101392;5.2450473716;1.4840924952;0.7068071729;0.0062588708;0.0071836149;-0.7073420973;1739;1620231230.065421641;1739
1620231230.0341219902;-0.5361201377;-1.3992106443;1.9807272144;0.7536064985;-0.0117603648;0.0068374523;0.6571850489;1620231230.0260579586;-0.0537158702;5.2450359039;1.4840983677;0.7068087554;0.0062518192;0.0071774224;-0.7073406412;1739;1620231230.065421641;1739
1620231230.0423851013;-0.5337399501;-1.3991999514;1.9799566727;0.7534183194;-0.0115970349;0.0068546461;0.6574034976;1620231230.0341339111;-0.0537118996;5.2450279846;1.4840904032;0.7068084069;0.0062472223;0.0071744345;-0.7073410603;1739;1620231230.065421641;1739
1620231230.0506989956;-0.5313130531;-1.3992139679;1.9791449395;0.7531815542;-0.0116044141;0.0067894559;0.6576752902;1620231230.0423960686;-0.0537119672;5.2450320911;1.4840938912;0.7068104044;0.0062535460;0.0071812127;-0.7073389397;1739;1620231230.065421641;1739
1620231230.0589981079;-0.5288936129;-1.3992055507;1.9783498420;0.7529040589;-0.0115409990;0.0068533644;0.6579934003;1620231230.0507109165;-0.0537087476;5.2450315039;1.4840977351;0.7068096632;0.0062547915;0.0071826933;-0.7073396543;1740;1620231230.091393025;1740
1620231230.0758810043;-0.5240399495;-1.3992917073;1.9767095048;0.7527962993;-0.0110595200;0.0071249650;0.6581220659;1620231230.0590090752;-0.0537325442;5.2450210277;1.4840995421;0.7068109316;0.0062407246;0.0071713067;-0.7073386266;1740;1620231230.091393025;1740
1620231230.0923569202;-0.5190893030;-1.3993809442;1.9751517809;0.7528015216;-0.0105600217;0.0070377476;0.6581252352;1620231230.0758919716;-0.0537039456;5.2450255023;1.4840974317;0.7068094063;0.0062465661;0.0071754298;-0.7073400574;1741;1620231230.117364385;1741
1620231230.1007618904;-0.5167225954;-1.3993896090;1.9744042242;0.7526699355;-0.0102148880;0.0070180581;0.6582813769;1620231230.0923690796;-0.0537092090;5.2450355129;1.4840929427;0.7068133647;0.0062607719;0.0071894141;-0.7073358344;1741;1620231230.117364385;1741
1620231230.1093790531;-0.5142498381;-1.3994391388;1.9735901268;0.7525724275;-0.0101172281;0.0070782770;0.6583937128;1620231230.1007881165;-0.0537242550;5.2450297109;1.4840955671;0.7068135102;0.0062544447;0.0071827167;-0.7073358130;1741;1620231230.117364385;1741
1620231230.1261909008;-0.5094321478;-1.3995136897;1.9720276982;0.7523067815;-0.0097585181;0.0071473430;0.6587019001;1620231230.1093890667;-0.0537068307;5.2450181136;1.4840905083;0.7068120019;0.0062450032;0.0071726062;-0.7073375061;1741;1620231230.117364385;1741
1620231230.1343779564;-0.5069375180;-1.3995375444;1.9712103545;0.7521537653;-0.0097300729;0.0071804973;0.6588766801;1620231230.1262030602;-0.0537318666;5.2450291028;1.4840950150;0.7068157360;0.0062561209;0.0071907751;-0.7073334921;1742;1620231230.169307129;1742
1620231230.1429290771;-0.5045095812;-1.3995753936;1.9703802583;0.7519926994;-0.0096961384;0.0073796778;0.6590588026;1620231230.1343889236;-0.0537070422;5.2450303202;1.4840936329;0.7068168740;0.0062625192;0.0071935515;-0.7073322701;1742;1620231230.169307129;1742
1620231230.1518659592;-0.5020790078;-1.3995979218;1.9695449042;0.7517801671;-0.0096377313;0.0075150549;0.6593005524;1620231230.1429390907;-0.0537009555;5.2450320251;1.4840947206;0.7068166486;0.0062639488;0.0071929445;-0.7073324889;1742;1620231230.169307129;1742
1620231230.1605870724;-0.4995561023;-1.3996401737;1.9687200019;0.7517474652;-0.0096080907;0.0076167365;0.6593371053;1620231230.1519010067;-0.0537084469;5.2450308004;1.4840939030;0.7068178267;0.0062637815;0.0071951724;-0.7073312905;1743;1620231230.195278393;1743
1620231230.1769928932;-0.4949138034;-1.3996207229;1.9672711502;0.7511497587;-0.0087443499;0.0078114635;0.6600276944;1620231230.1606130600;-0.0537302793;5.2450352977;1.4841006105;0.7068175231;0.0062647900;0.0071998726;-0.7073315370;1743;1620231230.195278393;1743
1620231230.1857700348;-0.4924450366;-1.3996793952;1.9664398839;0.7510198321;-0.0086183600;0.0080517403;0.6601742990;1620231230.1770019531;-0.0537043528;5.2450293896;1.4840905459;0.7068194918;0.0062661607;0.0071959456;-0.7073295976;1743;1620231230.195278393;1743
1620231230.1938059330;-0.4899325809;-1.3997322934;1.9656553775;0.7509037986;-0.0085172644;0.0081099002;0.6603068763;1620231230.1857988834;-0.0537169398;5.2450274143;1.4840843675;0.7068216664;0.0062716759;0.0071998522;-0.7073273359;1743;1620231230.195278393;1743
1620231230.2018499374;-0.4873299005;-1.3998519933;1.9648262110;0.7509679796;-0.0085803783;0.0083159015;0.6602305025;1620231230.1938319206;-0.0536965943;5.2450258864;1.4840824603;0.7068217869;0.0062777628;0.0071998297;-0.7073271618;1744;1620231230.247221161;1744
1620231230.2103049755;-0.4848417903;-1.3999083005;1.9640334571;0.7508857674;-0.0085280016;0.0083059878;0.6603248050;1620231230.2018620968;-0.0537018022;5.2450380757;1.4840874852;0.7068186693;0.0062799842;0.0072085879;-0.7073301681;1744;1620231230.247221161;1744
1620231230.2265961170;-0.4800749819;-1.3999910374;1.9624576074;0.7504939599;-0.0082760327;0.0084713721;0.6607711853;1620231230.2103319168;-0.0537005253;5.2450516633;1.4840893723;0.7068185177;0.0062990221;0.0072261600;-0.7073299711;1744;1620231230.247221161;1744
1620231230.2357211113;-0.4774760234;-1.4000692298;1.9616165112;0.7504024535;-0.0084821007;0.0083845986;0.6608735963;1620231230.2266230583;-0.0536910865;5.2450583245;1.4840950064;0.7068196164;0.0062818037;0.0072131820;-0.7073291587;1745;1620231230.273192521;1745
1620231230.2436470985;-0.4750333343;-1.4001743313;1.9607363651;0.7502977241;-0.0085329672;0.0086582610;0.6609883117;1620231230.2357490063;-0.0537191188;5.2450581390;1.4841023097;0.7068216433;0.0062744548;0.0072107816;-0.7073272230;1745;1620231230.273192521;1745
1620231230.2523479462;-0.4727607476;-1.4002411221;1.9599488130;0.7499537329;-0.0082102885;0.0090615181;0.6613772589;1620231230.2436749935;-0.0537193193;5.2450482098;1.4840979411;0.7068241077;0.0062771108;0.0072093108;-0.7073247518;1745;1620231230.273192521;1745
1620231230.2598528862;-0.4701957102;-1.4003535269;1.9590639393;0.7498286899;-0.0084019903;0.0092649051;0.6615137972;1620231230.2523770332;-0.0537139871;5.2450435530;1.4840948554;0.7068190255;0.0062753139;0.0072037235;-0.7073299033;1745;1620231230.273192521;1745
1620231230.2767770290;-0.4652303730;-1.4004797593;1.9575949347;0.7494885971;-0.0080979486;0.0093872499;0.6619011600;1620231230.2598800659;-0.0537036201;5.2450447600;1.4840837636;0.7068214063;0.0062857854;0.0072195821;-0.7073272694;1746;1620231230.299163857;1746
1620231230.2855129242;-0.4626830305;-1.4005322786;1.9568416821;0.7493659375;-0.0079751093;0.0093935982;0.6620414259;1620231230.2767939568;-0.0536953812;5.2450521560;1.4840894132;0.7068179068;0.0062824460;0.0072125406;-0.7073308680;1746;1620231230.299163857;1746
1620231230.2939829826;-0.4602210487;-1.4006740761;1.9559088807;0.7494043432;-0.0078804229;0.0100153559;0.6619899712;1620231230.2855410576;-0.0537213679;5.2450575483;1.4840924747;0.7068192698;0.0062894053;0.0072196783;-0.7073293713;1746;1620231230.299163857;1746
1620231230.3013019562;-0.4577049212;-1.4007321794;1.9551422312;0.7492651012;-0.0079397760;0.0098836724;0.6621488360;1620231230.2939939499;-0.0536997054;5.2450635002;1.4840877951;0.7068127836;0.0062896350;0.0072212560;-0.7073358346;1747;1620231230.351106617;1747
1620231230.3095209599;-0.4551555844;-1.4007757649;1.9544272305;0.7492643636;-0.0077036071;0.0096623315;0.6621557274;1620231230.3013129234;-0.0537203794;5.2450744156;1.4840918201;0.7068185759;0.0062994517;0.0072338566;-0.7073298304;1747;1620231230.351106617;1747
1620231230.3274440765;-0.4500896838;-1.4009486504;1.9528517135;0.7489168776;-0.0077719301;0.0097642866;0.6625464257;1620231230.3095750809;-0.0536944001;5.2450565127;1.4840933676;0.7068209329;0.0062752793;0.0072014012;-0.7073280211;1747;1620231230.351106617;1747
1620231230.3343229294;-0.4474476025;-1.4007905792;1.9524245750;0.7489283651;-0.0069787114;0.0088817933;0.6625546886;1620231230.3274619579;-0.0537351580;5.2450603211;1.4840923612;0.7068203609;0.0062873289;0.0072212162;-0.7073282838;1747;1620231230.351106617;1747
1620231230.3429610729;-0.4450247111;-1.4009090624;1.9515721551;0.7485780572;-0.0070165586;0.0092479602;0.6629450470;1620231230.3343360424;-0.0537016845;5.2450446241;1.4840897897;0.7068178442;0.0062720785;0.0071999831;-0.7073311504;1748;1620231230.377077897;1748
1620231230.3510038853;-0.4424226521;-1.4009784662;1.9508073491;0.7484177676;-0.0070317190;0.0092184259;0.6631262479;1620231230.3429729939;-0.0537077304;5.2450434146;1.4840809267;0.7068176925;0.0062806556;0.0072070698;-0.7073311537;1748;1620231230.377077897;1748
1620231230.3675479889;-0.4375193181;-1.4011368435;1.9492267839;0.7477537624;-0.0067574947;0.0096446999;0.6638716945;1620231230.3510270119;-0.0537048277;5.2450425539;1.4840834761;0.7068183250;0.0062785198;0.0072096836;-0.7073305140;1748;1620231230.377077897;1748
1620231230.3760349751;-0.4349478863;-1.4012304418;1.9484114383;0.7477415713;-0.0066376218;0.0099473397;0.6638821695;1620231230.3675611019;-0.0537342735;5.2450392288;1.4840901911;0.7068157478;0.0062710718;0.0072023077;-0.7073332306;1748;1620231230.377077897;1748
1620231230.3842029572;-0.4322930300;-1.4013257879;1.9475863853;0.7476438954;-0.0067373837;0.0100114196;0.6639901993;1620231230.3760468960;-0.0537060800;5.2450482873;1.4840900763;0.7068131209;0.0062787693;0.0072085329;-0.7073357238;1749;1620231230.403049249;1749
1620231230.3928749561;-0.4297527860;-1.4014034380;1.9467617303;0.7474198841;-0.0066710402;0.0102872466;0.6642388025;1620231230.3842151165;-0.0537080683;5.2450376431;1.4840915901;0.7068150746;0.0062652050;0.0071966550;-0.7073340128;1749;1620231230.403049249;1749
1620231230.4013240337;-0.4272994750;-1.4014463614;1.9459145700;0.7470901190;-0.0068372564;0.0104448213;0.6646055309;1620231230.3928909302;-0.0537114313;5.2450551656;1.4840871826;0.7068161052;0.0062824186;0.0072139961;-0.7073326537;1749;1620231230.403049249;1749
1620231230.4097020626;-0.4246651922;-1.4015451249;1.9451351618;0.7469856650;-0.0070540218;0.0102725791;0.6647233494;1620231230.4013431072;-0.0537363591;5.2450462642;1.4840947431;0.7068176867;0.0062709565;0.0072048785;-0.7073312679;1750;1620231230.454992041;1750
1620231230.4181530476;-0.4221250575;-1.4016313951;1.9443121144;0.7468110964;-0.0071600954;0.0102952850;0.6649179848;1620231230.4097130299;-0.0537083995;5.2450315381;1.4840916743;0.7068174207;0.0062636645;0.0071925374;-0.7073317240;1750;1620231230.454992041;1750
1620231230.4349319935;-0.4169570240;-1.4018055640;1.9427578593;0.7464121092;-0.0071173596;0.0102161911;0.6653675195;1620231230.4181730747;-0.0537320596;5.2450311079;1.4840914386;0.7068173774;0.0062609484;0.0071944803;-0.7073317715;1750;1620231230.454992041;1750
1620231230.4428501129;-0.4143492530;-1.4018971699;1.9419762480;0.7462533214;-0.0071213331;0.0101432845;0.6655466781;1620231230.4349560738;-0.0537415233;5.2450322421;1.4841000548;0.7068121805;0.0062563412;0.0071952564;-0.7073369975;1750;1620231230.454992041;1750
1620231230.4513781071;-0.4116927945;-1.4019941043;1.9411908516;0.7459650399;-0.0072702853;0.0099647089;0.6658708634;1620231230.4428670406;-0.0537119495;5.2450387892;1.4840919072;0.7068141351;0.0062596612;0.0071959452;-0.7073350079;1751;1620231230.480963337;1751
1620231230.4601790905;-0.4091919971;-1.4020363683;1.9403821117;0.7456104769;-0.0070363718;0.0101319585;0.6662678512;1620231230.4513950348;-0.0537008801;5.2450274435;1.4840938690;0.7068162089;0.0062468164;0.0071752909;-0.7073332590;1751;1620231230.480963337;1751
1620231230.4767260551;-0.4038408910;-1.4022100706;1.9387173516;0.7454921952;-0.0072790186;0.0102051187;0.6663964724;1620231230.4601969719;-0.0537150953;5.2450280917;1.4840906039;0.7068157115;0.0062586119;0.0071878417;-0.7073335244;1751;1620231230.480963337;1751
1620231230.4845249653;-0.4012733193;-1.4023030293;1.9378575132;0.7453619787;-0.0071422301;0.0104089615;0.6665404435;1620231230.4767439365;-0.0537313262;5.2450337891;1.4840995541;0.7068093931;0.0062492070;0.0071817198;-0.7073399834;1751;1620231230.480963337;1751
1620231230.4931080341;-0.3986034487;-1.4023916183;1.9370280585;0.7452450477;-0.0074072983;0.0104577336;0.6666675233;1620231230.4845440388;-0.0537039607;5.2450427766;1.4840909053;0.7068122533;0.0062710568;0.0071977054;-0.7073367695;1752;1620231230.532906097;1752
1620231230.5013179779;-0.3958826630;-1.4025106647;1.9361572502;0.7451564670;-0.0077425660;0.0105786774;0.6667608147;1620231230.4931259155;-0.0536976437;5.2450511073;1.4840888632;0.7068116667;0.0062721726;0.0072000260;-0.7073373222;1752;1620231230.532906097;1752
1620231230.5097899437;-0.3932740092;-1.4025714788;1.9352852347;0.7448534682;-0.0079233862;0.0106838619;0.6670954849;1620231230.5013380051;-0.0537070537;5.2450425321;1.4840891302;0.7068141571;0.0062662008;0.0071919239;-0.7073349689;1752;1620231230.532906097;1752
1620231230.5266790390;-0.3880289020;-1.4027039019;1.9337981951;0.7444921576;-0.0076527609;0.0103262583;0.6675074763;1620231230.5098059177;-0.0537204574;5.2450400750;1.4840874350;0.7068176648;0.0062640151;0.0071855209;-0.7073315482;1753;1620231230.558877449;1753
1620231230.5435390472;-0.3827266711;-1.4028734011;1.9321340880;0.7442445148;-0.0075023532;0.0103717752;0.6677845785;1620231230.5267260075;-0.0537109827;5.2450336725;1.4840814704;0.7068120607;0.0062659352;0.0071888211;-0.7073370977;1753;1620231230.558877449;1753
1620231230.5514740944;-0.3799477599;-1.4030037232;1.9312481839;0.7441513683;-0.0075324188;0.0105143313;0.6678858081;1620231230.5435550213;-0.0537089199;5.2450518592;1.4840867460;0.7068136921;0.0062697354;0.0071960299;-0.7073353605;1753;1620231230.558877449;1753
1620231230.5599610806;-0.3771065426;-1.4031713930;1.9303264206;0.7441571019;-0.0077000115;0.0107405227;0.6678739093;1620231230.5514929295;-0.0537358924;5.2450443743;1.4840959373;0.7068123777;0.0062570430;0.0071885400;-0.7073368625;1754;1620231230.584848705;1754
1620231230.5765469074;-0.3716239032;-1.4033643991;1.9285812961;0.7440551490;-0.0078634188;0.0107895396;0.6679847960;1620231230.5599789619;-0.0537381564;5.2450303923;1.4840952456;0.7068176246;0.0062520745;0.0071864015;-0.7073316851;1754;1620231230.584848705;1754
1620231230.5853049755;-0.3690037552;-1.4034212600;1.9276878842;0.7438420567;-0.0080557092;0.0108762070;0.6682183837;1620231230.5765628815;-0.0537056818;5.2450497483;1.4840877033;0.7068141545;0.0062724010;0.0072003664;-0.7073348306;1754;1620231230.584848705;1754
1620231230.5934479237;-0.3663181818;-1.4035207228;1.9267748427;0.7436421122;-0.0084479837;0.0108040594;0.6684372168;1620231230.5853209496;-0.0537203884;5.2450608318;1.4840858779;0.7068129477;0.0062784664;0.0072073947;-0.7073359112;1754;1620231230.584848705;1754
1620231230.6017971039;-0.3635556250;-1.4036093289;1.9259017170;0.7436506439;-0.0086485095;0.0107427136;0.6684261494;1620231230.5934650898;-0.0536989093;5.2450643333;1.4840851441;0.7068153394;0.0062779231;0.0072068029;-0.7073335321;1755;1620231230.636791513;1755
1620231230.6101241112;-0.3608434178;-1.4036862066;1.9250306853;0.7434894430;-0.0089374561;0.0104943134;0.6686055933;1620231230.6018400192;-0.0537280554;5.2450528494;1.4840926896;0.7068154051;0.0062641845;0.0071966714;-0.7073336914;1755;1620231230.636791513;1755
1620231230.6180729866;-0.3581257146;-1.4037868346;1.9241564347;0.7433669562;-0.0090343391;0.0104146610;0.6687417169;1620231230.6101419926;-0.0537075206;5.2450567979;1.4840899509;0.7068138507;0.0062643356;0.0071949086;-0.7073352613;1755;1620231230.636791513;1755
1620231230.6268050671;-0.3553540483;-1.4038718002;1.9233107748;0.7431820392;-0.0091240129;0.0101069082;0.6689507153;1620231230.6180899143;-0.0537089644;5.2450497960;1.4840912781;0.7068125097;0.0062654524;0.0071966029;-0.7073365741;1756;1620231230.662762809;1756
1620231230.6430699825;-0.3499592997;-1.4039986079;1.9216620194;0.7428857926;-0.0086978122;0.0100231182;0.6692866235;1620231230.6268229485;-0.0537270357;5.2450490693;1.4840906158;0.7068139289;0.0062665792;0.0071960213;-0.7073351520;1756;1620231230.662762809;1756
1620231230.6514720917;-0.3472151625;-1.4040992817;1.9207651541;0.7426188410;-0.0087785278;0.0099534910;0.6695827973;1620231230.6430799961;-0.0537295926;5.2450476868;1.4840764107;0.7068155474;0.0062760495;0.0071931154;-0.7073334802;1756;1620231230.662762809;1756
1620231230.6596689224;-0.3444413473;-1.4041768899;1.9198773511;0.7424461552;-0.0088077244;0.0099298528;0.6697742371;1620231230.6514909267;-0.0537095527;5.2450333335;1.4840747137;0.7068134933;0.0062621730;0.0071788819;-0.7073358004;1756;1620231230.662762809;1756
1620231230.6765129566;-0.3389935648;-1.4043710339;1.9180216302;0.7422731309;-0.0092806694;0.0097980394;0.6699615412;1620231230.6596848965;-0.0537425198;5.2450440499;1.4840813195;0.7068125342;0.0062683183;0.0071947858;-0.7073365428;1757;1620231230.714705449;1757
1620231230.6847419739;-0.3362016658;-1.4044494821;1.9170606579;0.7421387404;-0.0093749377;0.0100949542;0.6701046876;1620231230.6765360832;-0.0537113739;5.2450389645;1.4840833516;0.7068104706;0.0062664847;0.0071892425;-0.7073386775;1757;1620231230.714705449;1757
1620231230.6930899620;-0.3333957221;-1.4045276849;1.9161541810;0.7419571113;-0.0095870704;0.0099027353;0.6703056533;1620231230.6847620010;-0.0537377547;5.2450496945;1.4840863389;0.7068043178;0.0062675644;0.0071987387;-0.7073447194;1757;1620231230.714705449;1757
1620231230.7014999390;-0.3306156252;-1.4046212517;1.9152606992;0.7419410776;-0.0096749476;0.0098113311;0.6703234820;1620231230.6931090355;-0.0537160063;5.2450569862;1.4840922436;0.7068097869;0.0062650167;0.0071931539;-0.7073393339;1758;1620231230.740676833;1758
1620231230.7100110054;-0.3277903014;-1.4047288695;1.9143383300;0.7419002570;-0.0098168588;0.0096210080;0.6703693565;1620231230.7015190125;-0.0537388095;5.2450490661;1.4840970003;0.7068123983;0.0062568330;0.0071856515;-0.7073368731;1758;1620231230.740676833;1758
1620231230.7264308929;-0.3222227618;-1.4049079188;1.9125950943;0.7416269451;-0.0095452320;0.0095566554;0.6706765488;1620231230.7100300789;-0.0537173773;5.2450405647;1.4840940951;0.7068063676;0.0062507555;0.0071798750;-0.7073430117;1758;1620231230.740676833;1758
1620231230.7347090244;-0.3194130175;-1.4050098773;1.9116928519;0.7415392569;-0.0094535921;0.0094988151;0.6707756202;1620231230.7264490128;-0.0537407139;5.2450465293;1.4840860023;0.7068098976;0.0062633767;0.0071908484;-0.7073392613;1758;1620231230.740676833;1758
1620231230.7431600094;-0.3165114212;-1.4051030538;1.9107794166;0.7414658409;-0.0093407381;0.0093876212;0.6708599183;1620231230.7347381115;-0.0537165398;5.2450364977;1.4840810017;0.7068139456;0.0062625913;0.0071844305;-0.7073352884;1759;1620231230.766648233;1759
1620231230.7511930466;-0.3137004022;-1.4051976391;1.9098688326;0.7413874827;-0.0092803743;0.0094144758;0.6709469746;1620231230.7431979179;-0.0537099736;5.2450416053;1.4840795360;0.7068097424;0.0062610509;0.0071834874;-0.7073395117;1759;1620231230.766648233;1759
1620231230.7600591183;-0.3108869013;-1.4052557145;1.9089108754;0.7412884481;-0.0091621714;0.0096013436;0.6710553670;1620231230.7512350082;-0.0537186396;5.2450424711;1.4840806729;0.7068114065;0.0062609149;0.0071850304;-0.7073378344;1759;1620231230.766648233;1759
1620231230.7682549953;-0.3080919586;-1.4053292911;1.9080079342;0.7411369268;-0.0091504309;0.0095290938;0.6712238983;1620231230.7600700855;-0.0537201856;5.2450379705;1.4840854203;0.7068122125;0.0062558943;0.0071809808;-0.7073371145;1760;1620231230.818590897;1760
1620231230.7842729092;-0.3022472138;-1.4055150460;1.9057871032;0.7410951703;-0.0103208599;0.0097313732;0.6712501239;1620231230.7682731152;-0.0537372823;5.2450425638;1.4840893983;0.7068112638;0.0062599142;0.0071858909;-0.7073379771;1760;1620231230.818590897;1760
1620231230.7925179005;-0.2995279820;-1.4055899751;1.9047983083;0.7409535915;-0.0105183243;0.0096442834;0.6714045933;1620231230.7842850685;-0.0537182218;5.2450487877;1.4840827660;0.7068103785;0.0062696705;0.0071956160;-0.7073386764;1760;1620231230.818590897;1760
1620231230.8011980057;-0.2967111325;-1.4056181105;1.9040023786;0.7407224535;-0.0101637590;0.0095009566;0.6716670877;1620231230.7925279140;-0.0537059987;5.2450456278;1.4840859910;0.7068094339;0.0062646155;0.0071899068;-0.7073397232;1760;1620231230.818590897;1760
1620231230.8092050552;-0.2940428803;-1.4058014320;1.9028429837;0.7402793774;-0.0109007075;0.0096084167;0.6721423185;1620231230.8012099266;-0.0537107836;5.2450550544;1.4840942129;0.7068094219;0.0062649641;0.0071980642;-0.7073396491;1761;1620231230.844562257;1761
1620231230.8258590698;-0.2882983495;-1.4059309417;1.9010178033;0.7400388840;-0.0108048681;0.0091556444;0.6724149605;1620231230.8092160225;-0.0537127282;5.2450596845;1.4840987358;0.7068106216;0.0062621507;0.0071940033;-0.7073385165;1761;1620231230.844562257;1761
1620231230.8342180252;-0.2855327693;-1.4059913076;1.9000831921;0.7399244959;-0.0106365653;0.0089946818;0.6725456859;1620231230.8258769512;-0.0537038186;5.2450462358;1.4841032502;0.7068152830;0.0062528621;0.0071859341;-0.7073340228;1761;1620231230.844562257;1761
1620231230.8424239159;-0.2827541355;-1.4060616200;1.8991502142;0.7396929567;-0.0106006760;0.0087719272;0.6728038412;1620231230.8342289925;-0.0537069409;5.2450406247;1.4841007143;0.7068142052;0.0062512970;0.0071853418;-0.7073351197;1762;1620231230.870533625;1762
1620231230.8508388996;-0.2797784901;-1.4059666381;1.8985743287;0.7398502178;-0.0098296999;0.0079003885;0.6726534145;1620231230.8424360752;-0.0537019814;5.2450385045;1.4840950165;0.7068122827;0.0062551444;0.0071849997;-0.7073370101;1762;1620231230.870533625;1762
1620231230.8595368862;-0.2770277180;-1.4059390630;1.8977346367;0.7395687093;-0.0092440559;0.0076515596;0.6729740896;1620231230.8508510590;-0.0537049142;5.2450424825;1.4840949614;0.7068145935;0.0062641978;0.0071929596;-0.7073345400;1762;1620231230.870533625;1762
1620231230.8761129379;-0.2712524529;-1.4061117967;1.8956644363;0.7392476961;-0.0097890074;0.0078397160;0.6733168333;1620231230.8595480919;-0.0537097409;5.2450390956;1.4840931932;0.7068149952;0.0062617995;0.0071933253;-0.7073341562;1762;1620231230.870533625;1762
1620231230.8843998909;-0.2685119008;-1.4061139083;1.8947387679;0.7389459759;-0.0098106368;0.0078243405;0.6736478129;1620231230.8761239052;-0.0537015797;5.2450248751;1.4840927194;0.7068103439;0.0062522688;0.0071754678;-0.7073390697;1763;1620231230.922476137;1763
1620231230.8924870491;-0.2656310642;-1.4062178891;1.8936613897;0.7389537714;-0.0101010464;0.0081005341;0.6736317050;1620231230.8844110966;-0.0537281875;5.2450355359;1.4840996489;0.7068113254;0.0062596938;0.0071881583;-0.7073378945;1763;1620231230.922476137;1763
1620231230.9022150040;-0.2628932862;-1.4062143202;1.8927417562;0.7386723535;-0.0100631075;0.0080018561;0.6739420289;1620231230.8924980164;-0.0537116074;5.2450280765;1.4840965042;0.7068138834;0.0062543061;0.0071800234;-0.7073354686;1763;1620231230.922476137;1763
1620231230.9103209972;-0.2599076352;-1.4063465973;1.8916944139;0.7386057369;-0.0106103147;0.0080403478;0.6740061865;1620231230.9022409916;-0.0537289232;5.2450344279;1.4840952654;0.7068155367;0.0062588933;0.0071888397;-0.7073336864;1764;1620231230.948447665;1764
1620231230.9186251163;-0.2569605580;-1.4064111227;1.8907542885;0.7385775216;-0.0107146167;0.0077164295;0.6740392409;1620231230.9103450775;-0.0537340829;5.2450444452;1.4840983436;0.7068093043;0.0062648180;0.0071977409;-0.7073397712;1764;1620231230.948447665;1764
1620231230.9354410172;-0.2513104535;-1.4065438497;1.8888955163;0.7383118703;-0.0105010677;0.0073306078;0.6743378767;1620231230.9186499119;-0.0537079995;5.2450399327;1.4840963152;0.7068081040;0.0062548705;0.0071885396;-0.7073411522;1764;1620231230.948447665;1764
1620231230.9430930614;-0.2483431384;-1.4065906910;1.8880181481;0.7382747751;-0.0104846036;0.0069758011;0.6743825084;1620231230.9354519844;-0.0537302546;5.2450503170;1.4840949833;0.7068064885;0.0062628523;0.0071942761;-0.7073426375;1764;1620231230.948447665;1764
1620231230.9524369240;-0.2455840754;-1.4066396996;1.8871898194;0.7381508827;-0.0102330961;0.0065946014;0.6745258107;1620231230.9431169033;-0.0537096989;5.2450413130;1.4840912484;0.7068068472;0.0062567821;0.0071846395;-0.7073424308;1765;1620231230.974419025;1765
1620231230.9604089260;-0.2428566693;-1.4067086504;1.8862931481;0.7376465656;-0.0103264782;0.0062097016;0.6750795122;1620231230.9524619579;-0.0537094558;5.2450444837;1.4840909209;0.7068079733;0.0062679958;0.0071905951;-0.7073411457;1765;1620231230.974419025;1765
1620231230.9768769741;-0.2371378151;-1.4069378026;1.8843532267;0.7375206521;-0.0110518981;0.0058738838;0.6752085905;1620231230.9604320526;-0.0537282742;5.2450349810;1.4841007172;0.7068047145;0.0062504571;0.0071795346;-0.7073446697;1765;1620231230.974419025;1765
1620231230.9855940342;-0.2344009138;-1.4069384586;1.8835541963;0.7372815658;-0.0109629556;0.0054084687;0.6754749846;1620231230.9769020081;-0.0537071062;5.2450354826;1.4840954920;0.7068095787;0.0062575299;0.0071822333;-0.7073397192;1766;1620231231.026361753;1766
1620231230.9932980537;-0.2314962180;-1.4070118771;1.8826607384;0.7371980390;-0.0112584241;0.0051434544;0.6755633531;1620231230.9856290817;-0.0537077608;5.2450295882;1.4840933021;0.7068089766;0.0062595314;0.0071808218;-0.7073403174;1766;1620231231.026361753;1766
1620231231.0021619797;-0.2286755883;-1.4071585824;1.8817026644;0.7370568458;-0.0116208951;0.0049455401;0.6757127367;1620231230.9933218956;-0.0537072575;5.2450413633;1.4840958348;0.7068064177;0.0062675786;0.0071917010;-0.7073426926;1766;1620231231.026361753;1766
1620231231.0107510090;-0.2257288215;-1.4072171637;1.8808959127;0.7370434852;-0.0119302679;0.0044258491;0.6757255223;1620231231.0021889210;-0.0537118351;5.2450289416;1.4840955666;0.7068073516;0.0062487170;0.0071781894;-0.7073420635;1766;1620231231.026361753;1766
1620231231.0271749496;-0.2203419999;-1.4072911802;1.8792185872;0.7362506119;-0.0121019136;0.0037136451;0.6765905623;1620231231.0107610226;-0.0537077668;5.2450314805;1.4840925925;0.7068070383;0.0062526763;0.0071801118;-0.7073423221;1767;1620231231.052333105;1767
1620231231.0432810783;-0.2146913338;-1.4075372947;1.8775738722;0.7360866149;-0.0125569838;0.0032905338;0.6767628757;1620231231.0271990299;-0.0537030967;5.2450329012;1.4840951621;0.7068052468;0.0062541143;0.0071766280;-0.7073441349;1767;1620231231.052333105;1767
1620231231.0520420074;-0.2118998812;-1.4076471461;1.8767509448;0.7359336214;-0.0129284886;0.0028021315;0.6769244471;1620231231.0433049202;-0.0537068210;5.2450226171;1.4840964655;0.7068063282;0.0062423071;0.0071668601;-0.7073432576;1767;1620231231.052333105;1767
1620231231.0602660179;-0.2091857557;-1.4077191794;1.8759984292;0.7357256925;-0.0130936826;0.0023129769;0.6771491054;1620231231.0520670414;-0.0537082186;5.2450174348;1.4840938195;0.7068086918;0.0062422590;0.0071643836;-0.7073409214;1768;1620231231.104275889;1768
1620231231.0765609741;-0.2035346070;-1.4078678652;1.8743734230;0.7356498403;-0.0140040695;0.0015760212;0.6772154123;1620231231.0602889061;-0.0537087434;5.2450213664;1.4840947577;0.7068076845;0.0062441658;0.0071684406;-0.7073418699;1768;1620231231.104275889;1768
1620231231.0862789154;-0.2009218796;-1.4079587124;1.8735899681;0.7351978828;-0.0141772929;0.0012186888;0.6777031742;1620231231.0765759945;-0.0537161044;5.2450360368;1.4840903102;0.7068075471;0.0062599748;0.0071851595;-0.7073416978;1768;1620231231.104275889;1768
1620231231.0933198929;-0.1980498994;-1.4080425688;1.8728334007;0.7351279956;-0.0144712943;0.0007221906;0.6777734800;1620231231.0863029957;-0.0537068995;5.2450350480;1.4840924304;0.7068058657;0.0062542057;0.0071761948;-0.7073435200;1768;1620231231.104275889;1768
1620231231.1015501022;-0.1954230495;-1.4081641417;1.8720199416;0.7348089781;-0.0145812199;0.0007002282;0.6781169983;1620231231.0933449268;-0.0537168671;5.2450287825;1.4840968202;0.7068046530;0.0062414591;0.0071671596;-0.7073449361;1769;1620231231.130247177;1769
1620231231.1107759476;-0.1927063153;-1.4082897839;1.8712341366;0.7344859875;-0.0147949689;0.0005634692;0.6784623243;1620231231.1015601158;-0.0537175459;5.2450204417;1.4841053709;0.7068041807;0.0062340970;0.0071600892;-0.7073455445;1769;1620231231.130247177;1769
1620231231.1183729172;-0.1900153302;-1.4083572272;1.8704829684;0.7343296271;-0.0149368643;0.0002349697;0.6786286419;1620231231.1107859612;-0.0537321109;5.2450328678;1.4841094766;0.7068027162;0.0062431905;0.0071672922;-0.7073468547;1769;1620231231.130247177;1769
1620231231.1353180408;-0.1844571319;-1.4084734342;1.8691038959;0.7342210889;-0.0153267632;-0.0006776937;0.6787370799;1620231231.1183979511;-0.0537189320;5.2450278585;1.4841055265;0.7068028367;0.0062370356;0.0071622514;-0.7073468396;1769;1620231231.130247177;1769
1620231231.1436350346;-0.1818086052;-1.4085832326;1.8683284667;0.7338284210;-0.0157366078;-0.0010175329;0.6791518036;1620231231.1353290081;-0.0537251364;5.2450382109;1.4841050188;0.7068053199;0.0062424965;0.0071740511;-0.7073441906;1770;1620231231.182189929;1770
1620231231.1520531178;-0.1790582983;-1.4087080395;1.8675947823;0.7338984731;-0.0159890702;-0.0011477052;0.6790699991;1620231231.1436600685;-0.0537175699;5.2450419485;1.4840952301;0.7068071567;0.0062490649;0.0071743537;-0.7073422941;1770;1620231231.182189929;1770
1620231231.1600480080;-0.1765272673;-1.4088472023;1.8667673530;0.7336106752;-0.0163607466;-0.0012545161;0.6793718639;1620231231.1520779133;-0.0537237757;5.2450376218;1.4840889181;0.7068067071;0.0062488736;0.0071715721;-0.7073427733;1770;1620231231.182189929;1770
1620231231.1769649982;-0.1711755395;-1.4090681114;1.8653326540;0.7334175498;-0.0168588125;-0.0017535786;0.6795670703;1620231231.1600730419;-0.0537165071;5.2450477068;1.4840852323;0.7068070540;0.0062599583;0.0071838094;-0.7073422045;1770;1620231231.182189929;1770
1620231231.1937780380;-0.1657488372;-1.4092916141;1.8638409521;0.7331550836;-0.0173822187;-0.0019973498;0.6798363718;1620231231.1769759655;-0.0537124470;5.2450322039;1.4840908125;0.7068064959;0.0062433568;0.0071713119;-0.7073430357;1771;1620231231.208161305;1771
1620231231.2016959190;-0.1631714360;-1.4094210519;1.8631115930;0.7328471299;-0.0174285226;-0.0017488335;0.6801678267;1620231231.1938090324;-0.0537096113;5.2450209356;1.4840882975;0.7068029980;0.0062470085;0.0071698468;-0.7073465136;1771;1620231231.208161305;1771
1620231231.2096290588;-0.1606318588;-1.4094817947;1.8624806988;0.7326612198;-0.0175098668;-0.0019595807;0.6803654177;1620231231.2017219067;-0.0537185932;5.2450277122;1.4840856198;0.7068066179;0.0062554072;0.0071786058;-0.7073427333;1771;1620231231.208161305;1771
1620231231.2256579399;-0.1555557805;-1.4097219704;1.8611022671;0.7322462924;-0.0180052748;-0.0019913971;0.6807989510;1620231231.2096400261;-0.0537115886;5.2450186087;1.4840860091;0.7068052521;0.0062470117;0.0071684073;-0.7073442757;1772;1620231231.260103993;1772
1620231231.2346720695;-0.1530683159;-1.4098572701;1.8604312937;0.7320557074;-0.0182108859;-0.0019995373;0.6809983897;1620231231.2256829739;-0.0537462617;5.2450245660;1.4840871608;0.7068095687;0.0062589783;0.0071878815;-0.7073396589;1772;1620231231.260103993;1772
1620231231.2427079678;-0.1505350364;-1.4099972848;1.8597175101;0.7319556030;-0.0185120096;-0.0019375956;0.6810980447;1620231231.2346990108;-0.0537336065;5.2450236896;1.4840842375;0.7068169274;0.0062658337;0.0071953196;-0.7073321694;1772;1620231231.260103993;1772
1620231231.2512559891;-0.1478875023;-1.4101064582;1.8591587764;0.7320569395;-0.0184173477;-0.0019977316;0.6809915181;1620231231.2427330017;-0.0537391375;5.2449999128;1.4840928801;0.7068132817;0.0062390907;0.0071760948;-0.7073362441;1772;1620231231.260103993;1772
1620231231.2592139244;-0.1454313930;-1.4102552468;1.8584774845;0.7317769604;-0.0186356122;-0.0021082635;0.6812860996;1620231231.2512669563;-0.0537303229;5.2450109339;1.4841018890;0.7068089276;0.0062445960;0.0071736740;-0.7073405710;1773;1620231231.286075273;1773
1620231231.2756989002;-0.1404942867;-1.4105335818;1.8571997140;0.7313825617;-0.0186090607;-0.0018885491;0.6817108512;1620231231.2592420578;-0.0537241956;5.2450071777;1.4841073963;0.7068055654;0.0062389379;0.0071660319;-0.7073440580;1773;1620231231.286075273;1773
1620231231.2922608852;-0.1355170191;-1.4108030773;1.8559006254;0.7311524100;-0.0188441085;-0.0017341964;0.6819516445;1620231231.2757089138;-0.0537393832;5.2450443080;1.4840995859;0.7068044968;0.0062664354;0.0071902975;-0.7073446364;1774;1620231231.338018057;1774
1620231231.3008139133;-0.1330601247;-1.4109452116;1.8552748203;0.7310571618;-0.0189079488;-0.0015680265;0.6820523858;1620231231.2922871113;-0.0537076726;5.2450583940;1.4840935478;0.7068007673;0.0062539846;0.0071829034;-0.7073485484;1774;1620231231.338018057;1774
1620231231.3173189163;-0.1282868526;-1.4112072903;1.8540457804;0.7306492000;-0.0191120086;-0.0015408711;0.6824837751;1620231231.3008260727;-0.0537290003;5.2450640353;1.4840889023;0.7068042426;0.0062651214;0.0071935893;-0.7073448686;1774;1620231231.338018057;1774
1620231231.3341169357;-0.1236158103;-1.4114862185;1.8528119674;0.7301720514;-0.0193423895;-0.0015001817;0.6829878452;1620231231.3173539639;-0.0537112833;5.2450562172;1.4840803594;0.7068091462;0.0062692558;0.0071897799;-0.7073399708;1775;1620231231.363989417;1775
1620231231.3424220085;-0.1211561115;-1.4115846632;1.8521668369;0.7302097792;-0.0193813569;-0.0013591984;0.6829466992;1620231231.3341310024;-0.0537381286;5.2450537980;1.4840986373;0.7068116721;0.0062666380;0.0071896253;-0.7073374716;1775;1620231231.363989417;1775
1620231231.3518810272;-0.1187628053;-1.4116845466;1.8517151660;0.7301112851;-0.0190315930;-0.0014690664;0.6830616017;1620231231.3424339294;-0.0537089092;5.2450393922;1.4840985326;0.7068058769;0.0062514388;0.0071732097;-0.7073435636;1775;1620231231.363989417;1775
1620231231.3592219353;-0.1164661910;-1.4117980107;1.8511879808;0.7298550502;-0.0187858816;-0.0014105894;0.6833423056;1620231231.3519001007;-0.0537115183;5.2450414359;1.4840995858;0.7068057186;0.0062540832;0.0071803987;-0.7073436254;1775;1620231231.363989417;1775
1620231231.3755691051;-0.1118149924;-1.4121204719;1.8499912019;0.7294776732;-0.0188876159;-0.0011032025;0.6837429088;1620231231.3592329025;-0.0537427443;5.2450520349;1.4840973732;0.7068070828;0.0062657985;0.0071940455;-0.7073420199;1776;1620231231.415932153;1776
1620231231.3844439983;-0.1094926381;-1.4122939694;1.8494188394;0.7290972420;-0.0191328483;-0.0012463281;0.6841415004;1620231231.3755800724;-0.0537367885;5.2450582192;1.4841005213;0.7068059036;0.0062704107;0.0071964454;-0.7073431329;1776;1620231231.415932153;1776
1620231231.3921160698;-0.1072741776;-1.4124618951;1.8488411833;0.7289810647;-0.0191079412;-0.0009256365;0.6842664957;1620231231.3844549656;-0.0537194338;5.2450544928;1.4840968305;0.7068018409;0.0062581527;0.0071885828;-0.7073473810;1776;1620231231.415932153;1776
1620231231.4010848999;-0.1050253229;-1.4126149964;1.8482590398;0.7289923705;-0.0189969950;-0.0004474960;0.6842580198;1620231231.3921279907;-0.0537344049;5.2450553339;1.4840985970;0.7068043895;0.0062626686;0.0071885361;-0.7073447949;1776;1620231231.415932153;1776
1620231231.4089539051;-0.1027635750;-1.4127579039;1.8477055844;0.7288644523;-0.0191037618;-0.0003144413;0.6843913775;1620231231.4010961056;-0.0537067038;5.2450588635;1.4840940011;0.7068032687;0.0062680719;0.0071922967;-0.7073458288;1777;1620231231.441903385;1777
1620231231.4176509380;-0.1005885605;-1.4129069656;1.8472102836;0.7286662644;-0.0190113140;-0.0002877297;0.6846049681;1620231231.4089651108;-0.0537337943;5.2450554808;1.4840973971;0.7068047531;0.0062630884;0.0071900371;-0.7073444127;1777;1620231231.441903385;1777
1620231231.4341158867;-0.0961773394;-1.4132066671;1.8461769566;0.7284636586;-0.0190289680;-0.0000644077;0.6848201168;1620231231.4176800251;-0.0537173567;5.2450417617;1.4840929659;0.7068068406;0.0062573848;0.0071792389;-0.7073424869;1777;1620231231.441903385;1777
1620231231.4420959949;-0.0939797926;-1.4133572865;1.8457246779;0.7283022700;-0.0188862718;-0.0001000701;0.6849956950;1620231231.4341270924;-0.0537204505;5.2450333276;1.4840931706;0.7068044489;0.0062502179;0.0071757571;-0.7073449755;1777;1620231231.441903385;1777
1620231231.4506700039;-0.0918651331;-1.4134946162;1.8452144054;0.7281009547;-0.0187092730;0.0000650848;0.6852145347;1620231231.4421069622;-0.0537194592;5.2450359657;1.4840900708;0.7068084222;0.0062525221;0.0071807904;-0.7073409337;1778;1620231231.493846105;1778
1620231231.4672670364;-0.0876175542;-1.4138161371;1.8442484272;0.7276332889;-0.0184308905;0.0003789989;0.6857185688;1620231231.4506819248;-0.0537415773;5.2450429842;1.4840956732;0.7068070434;0.0062584127;0.0071859058;-0.7073422074;1778;1620231231.493846105;1778
1620231231.4754319191;-0.0855432355;-1.4139537463;1.8436821366;0.7273807437;-0.0186199659;0.0006187269;0.6859811716;1620231231.4672780037;-0.0537424718;5.2450423605;1.4840968657;0.7068049315;0.0062556341;0.0071823037;-0.7073443789;1778;1620231231.493846105;1778
1620231231.4839370251;-0.0833863382;-1.4140854340;1.8431551024;0.7273315852;-0.0185819341;0.0008510110;0.6860340755;1620231231.4754419327;-0.0537423433;5.2450393378;1.4840961906;0.7068042674;0.0062519393;0.0071812742;-0.7073450857;1778;1620231231.493846105;1778
1620231231.4920699596;-0.0814087618;-1.4142048338;1.8427186666;0.7270733467;-0.0184492519;0.0009975074;0.6863111383;1620231231.4839479923;-0.0537224414;5.2450510001;1.4840891914;0.7068095279;0.0062736980;0.0071963150;-0.7073394836;1779;1620231231.519817497;1779
1620231231.5013780594;-0.0791771514;-1.4143452653;1.8422185795;0.7272986970;-0.0187796341;0.0008655845;0.6860635403;1620231231.4920809269;-0.0537154536;5.2450459520;1.4840947457;0.7068073405;0.0062605584;0.0071835527;-0.7073419155;1779;1620231231.519817497;1779
1620231231.5109410286;-0.0771113468;-1.4144746829;1.8417532606;0.7271908155;-0.0187538938;0.0008501367;0.6861786112;1620231231.5014069080;-0.0537167561;5.2450422056;1.4840919067;0.7068080033;0.0062594254;0.0071809779;-0.7073412893;1779;1620231231.519817497;1779
1620231231.5177888870;-0.0750939328;-1.4145967579;1.8412762969;0.7269631906;-0.0188813146;0.0008025126;0.6864163252;1620231231.5109701157;-0.0537421013;5.2450443440;1.4840987316;0.7068057286;0.0062521896;0.0071789789;-0.7073436466;1779;1620231231.519817497;1779
1620231231.5359280109;-0.0710125401;-1.4148220643;1.8405063243;0.7268334672;-0.0185561813;0.0005868437;0.6865627682;1620231231.5178089142;-0.0537409309;5.2450538561;1.4840950185;0.7068072030;0.0062617277;0.0071903893;-0.7073419730;1780;1620231231.571760241;1780
1620231231.5431890488;-0.0689417451;-1.4149460210;1.8401356519;0.7268402632;-0.0183182069;0.0004096401;0.6865620928;1620231231.5359559059;-0.0537233144;5.2450473336;1.4840912847;0.7068075264;0.0062585786;0.0071860470;-0.7073417219;1780;1620231231.571760241;1780
1620231231.5514440536;-0.0667947963;-1.4150918124;1.8396421046;0.7270012423;-0.0183454010;0.0003539277;0.6863909343;1620231231.5432000160;-0.0537184667;5.2450420497;1.4840896065;0.7068080328;0.0062542504;0.0071807519;-0.7073413080;1780;1620231231.571760241;1780
1620231231.5608201027;-0.0647567530;-1.4152412257;1.8392174719;0.7269935129;-0.0182659027;0.0003830593;0.6864012254;1620231231.5514719486;-0.0537272150;5.2450452643;1.4840927533;0.7068058010;0.0062550878;0.0071817523;-0.7073435205;1780;1620231231.571760241;1780
1620231231.5690081120;-0.0626632836;-1.4153568226;1.8388122776;0.7272608645;-0.0182305038;0.0002500990;0.6861189555;1620231231.5608479977;-0.0537188986;5.2450468485;1.4840898026;0.7068047896;0.0062538282;0.0071832635;-0.7073445269;1781;1620231231.597731569;1781
1620231231.5872540474;-0.0585591267;-1.4156292900;1.8379182141;0.7274120828;-0.0184292760;0.0004035810;0.6859532496;1620231231.5690369606;-0.0537510877;5.2450521061;1.4840929250;0.7068058175;0.0062593293;0.0071904106;-0.7073433785;1781;1620231231.597731569;1781
1620231231.5928010941;-0.0566489070;-1.4157617150;1.8374775689;0.7274909773;-0.0184722977;0.0004693125;0.6858683779;1620231231.5872728825;-0.0537232717;5.2450515720;1.4840851111;0.7068055810;0.0062635008;0.0071852180;-0.7073436307;1781;1620231231.597731569;1781
1620231231.6013839245;-0.0545771119;-1.4158695007;1.8370673866;0.7277186352;-0.0185919034;0.0005431470;0.6856235367;1620231231.5928111076;-0.0537250199;5.2450464949;1.4840865982;0.7068036679;0.0062547178;0.0071786260;-0.7073456869;1781;1620231231.597731569;1781
1620231231.6095409393;-0.0525850988;-1.4160104459;1.8366086035;0.7277587182;-0.0188269678;0.0005401601;0.6855745777;1620231231.6014010906;-0.0537537766;5.2450511328;1.4840871694;0.7068073454;0.0062629999;0.0071851706;-0.7073418725;1782;1620231231.649674313;1782
1620231231.6263151169;-0.0487076203;-1.4162433662;1.8358009549;0.7279471243;-0.0189372964;0.0001799006;0.6853716734;1620231231.6095569134;-0.0537294173;5.2450495194;1.4840820924;0.7068095535;0.0062664551;0.0071857579;-0.7073396296;1782;1620231231.649674313;1782
1620231231.6347589493;-0.0468334832;-1.4163979124;1.8353627921;0.7281724871;-0.0186464216;0.0004700068;0.6851400726;1620231231.6263329983;-0.0537219972;5.2450499847;1.4840800984;0.7068059650;0.0062607908;0.0071781595;-0.7073433427;1782;1620231231.649674313;1782
1620231231.6430981159;-0.0449193227;-1.4165285099;1.8349415110;0.7281769017;-0.0186748507;0.0003452414;0.6851346807;1620231231.6347761154;-0.0537280045;5.2450484158;1.4840745229;0.7068090969;0.0062699887;0.0071836455;-0.7073400759;1782;1620231231.649674313;1782
1620231231.6515290737;-0.0429881718;-1.4166559974;1.8344800317;0.7282682231;-0.0188351244;0.0002292572;0.6850332698;1620231231.6431150436;-0.0537307226;5.2450478744;1.4840725743;0.7068118144;0.0062685484;0.0071860003;-0.7073373493;1783;1620231231.675645665;1783
1620231231.6597468853;-0.0410949816;-1.4167538845;1.8340352813;0.7282185274;-0.0189525574;-0.0000385495;0.6850828968;1620231231.6515469551;-0.0535509077;5.2451056511;1.4841069443;0.7068017612;0.0063162125;0.0072066801;-0.7073467605;1783;1620231231.675645665;1783
1620231231.6680870056;-0.0392408513;-1.4168459434;1.8336182045;0.7283868148;-0.0188128454;-0.0002132825;0.6849077890;1620231231.6597630978;-0.0535575640;5.2451042752;1.4841161283;0.7068014138;0.0063103261;0.0072063466;-0.7073471635;1783;1620231231.675645665;1783
1620231231.6848509312;-0.0354315691;-1.4171098810;1.8325929456;0.7284743504;-0.0195263708;-0.0002182460;0.6847947094;1620231231.6681048870;-0.0535505716;5.2451058965;1.4841173255;0.7068010923;0.0063101724;0.0072074180;-0.7073474753;1783;1620231231.675645665;1783
1620231231.6929099560;-0.0336627337;-1.4172134589;1.8321428894;0.7284105980;-0.0196717837;-0.0003133625;0.6848583237;1620231231.6848740578;-0.0535464548;5.2451067974;1.4841167191;0.7068020977;0.0063177791;0.0072117016;-0.7073463590;1784;1620231231.727588385;1784
1620231231.7013680935;-0.0318858538;-1.4173146302;1.8316801089;0.7283912594;-0.0197303519;-0.0004028859;0.6848771599;1620231231.6929280758;-0.0535519425;5.2451026730;1.4841163132;0.7068008628;0.0063125609;0.0072081934;-0.7073476754;1784;1620231231.727588385;1784
1620231231.7096879482;-0.0300871968;-1.4174278646;1.8312515858;0.7285155318;-0.0196397807;-0.0005794170;0.6847474448;1620231231.7013781071;-0.0535473844;5.2451096474;1.4841163350;0.7068010147;0.0063233324;0.0072160362;-0.7073473475;1784;1620231231.727588385;1784
1620231231.7266969681;-0.0266282012;-1.4177037999;1.8303266380;0.7283458744;-0.0196736930;-0.0010122099;0.6849264256;1620231231.7097060680;-0.0535539799;5.2450947860;1.4841182306;0.7067985512;0.0063037557;0.0072011665;-0.7073501353;1784;1620231231.727588385;1784
1620231231.7349240780;-0.0248479427;-1.4178098022;1.8298911261;0.7283690884;-0.0194920183;-0.0011356149;0.6849067401;1620231231.7267138958;-0.0535500724;5.2451018077;1.4841250126;0.7068003105;0.0063114789;0.0072099439;-0.7073482191;1785;1620231231.753559737;1785
1620231231.7427771091;-0.0231634118;-1.4179282569;1.8294254004;0.7284621959;-0.0192345382;-0.0010920998;0.6848150619;1620231231.7349429131;-0.0535556688;5.2451098585;1.4841230924;0.7068005479;0.0063179061;0.0072196985;-0.7073478250;1785;1620231231.753559737;1785
1620231231.7523860931;-0.0215108773;-1.4180264969;1.8289432622;0.7282869756;-0.0191768315;-0.0012068667;0.6850028276;1620231231.7427890301;-0.0535437113;5.2451055509;1.4841193736;0.7067998519;0.0063168472;0.0072090745;-0.7073486382;1785;1620231231.753559737;1785
1620231231.7590889931;-0.0198671856;-1.4181271612;1.8284493746;0.7283266802;-0.0191559953;-0.0011557614;0.6849612829;1620231231.7524158955;-0.0535524669;5.2451153583;1.4841202905;0.7068000158;0.0063208448;0.0072198452;-0.7073483289;1785;1620231231.753559737;1785
1620231231.7680630684;-0.0180740143;-1.4182249548;1.8279308931;0.7283040836;-0.0193712284;-0.0013923250;0.6849788163;1620231231.7590999603;-0.0535444866;5.2451144110;1.4841269816;0.7067991244;0.0063199078;0.0072205019;-0.7073492213;1786;1620231231.805502377;1786
1620231231.7848930359;-0.0148139906;-1.4184289216;1.8268244850;0.7282356232;-0.0194579749;-0.0014102802;0.6850491043;1620231231.7680759430;-0.0535487120;5.2451193325;1.4841212504;0.7068022468;0.0063301275;0.0072284924;-0.7073459283;1786;1620231231.805502377;1786
1620231231.7926709652;-0.0132480091;-1.4185536556;1.8262988668;0.7282227556;-0.0194165065;-0.0015620276;0.6850636303;1620231231.7849059105;-0.0535371659;5.2451085521;1.4841196168;0.7068006235;0.0063246364;0.0072169444;-0.7073477174;1786;1620231231.805502377;1786
1620231231.8012840748;-0.0115170528;-1.4186583216;1.8257434879;0.7282740534;-0.0194830646;-0.0019345319;0.6850062561;1620231231.7926819324;-0.0535504193;5.2451170447;1.4841199673;0.7067993620;0.0063282596;0.0072263009;-0.7073488500;1786;1620231231.805502377;1786
1620231231.8090820312;-0.0099668710;-1.4187685044;1.8252187708;0.7282678654;-0.0191791712;-0.0019772024;0.6850212890;1620231231.8012959957;-0.0535466777;5.2451105199;1.4841187783;0.7067985117;0.0063200932;0.0072165065;-0.7073498727;1787;1620231231.831473761;1787
1620231231.8260130882;-0.0067958501;-1.4189936325;1.8240390334;0.7283118306;-0.0188136556;-0.0020785313;0.6849843819;1620231231.8090929985;-0.0535448371;5.2451114872;1.4841249276;0.7068026976;0.0063223404;0.0072143084;-0.7073456923;1787;1620231231.831473761;1787
1620231231.8344380856;-0.0051739203;-1.4191033669;1.8234337666;0.7283128367;-0.0188202203;-0.0022948434;0.6849824414;1620231231.8260240555;-0.0535343562;5.2451088907;1.4841170196;0.7068037112;0.0063258398;0.0072171623;-0.7073446190;1787;1620231231.831473761;1787
1620231231.8425459862;-0.0036357965;-1.4192000625;1.8227799304;0.7282233415;-0.0188002863;-0.0022572052;0.6850782577;1620231231.8344500065;-0.0535597707;5.2451072673;1.4841255456;0.7067978109;0.0063162228;0.0072080977;-0.7073506932;1787;1620231231.831473761;1787
1620231231.8511788845;-0.0020477912;-1.4192807338;1.8220994256;0.7283694726;-0.0189099185;-0.0023634395;0.6849195139;1620231231.8425579071;-0.0535596990;5.2451055171;1.4841215322;0.7068012495;0.0063202211;0.0072101321;-0.7073472008;1788;1620231231.883416505;1788
1620231231.8598139286;-0.0006003093;-1.4193956799;1.8213955107;0.7282163843;-0.0189418715;-0.0022969165;0.6850816209;1620231231.8511919975;-0.0535421914;5.2451014590;1.4841194675;0.7068029035;0.0063197126;0.0072039202;-0.7073456159;1788;1620231231.883416505;1788
1620231231.8684570789;0.0009108817;-1.4195072985;1.8206482411;0.7283316598;-0.0190036635;-0.0022237423;0.6849575966;1620231231.8598420620;-0.0535673340;5.2451146604;1.4841252281;0.7067997208;0.0063202266;0.0072135266;-0.7073486937;1788;1620231231.883416505;1788
1620231231.8853859901;0.0038076931;-1.4197544804;1.8192245618;0.7283083604;-0.0189376660;-0.0023852784;0.6849836549;1620231231.8684840202;-0.0535616983;5.2451076027;1.4841302474;0.7068007257;0.0063152141;0.0072073650;-0.7073477972;1788;1620231231.883416505;1788
1620231231.8928320408;0.0052968538;-1.4198251734;1.8185187892;0.7284826531;-0.0188120527;-0.0026341420;0.6848008412;1620231231.8854138851;-0.0535644479;5.2451116880;1.4841287565;0.7067993381;0.0063181418;0.0072142940;-0.7073490869;1789;1620231231.909387753;1789
1620231231.9026370049;0.0067994778;-1.4199277877;1.8177634204;0.7285276823;-0.0187256580;-0.0027529026;0.6847548374;1620231231.8928420544;-0.0535653933;5.2451123110;1.4841307150;0.7068023478;0.0063188021;0.0072120207;-0.7073460968;1789;1620231231.909387753;1789
1620231231.9102749825;0.0082178322;-1.4200783721;1.8168981451;0.7286340850;-0.0186604722;-0.0025365356;0.6846442310;1620231231.9026648998;-0.0535357136;5.2451168377;1.4841265374;0.7068032507;0.0063235780;0.0072150949;-0.7073451206;1789;1620231231.909387753;1789
1620231231.9273259640;0.0110999411;-1.4203241623;1.8150899971;0.7287300954;-0.0193581637;-0.0026184374;0.6845223541;1620231231.9103128910;-0.0535362786;5.2451157070;1.4841279987;0.7068074866;0.0063230604;0.0072189927;-0.7073408527;1789;1620231231.909387753;1789
1620231231.9355039597;0.0123846427;-1.4204253699;1.8141829674;0.7286903838;-0.0192834860;-0.0024667584;0.6845672990;1620231231.9273550510;-0.0537117872;5.2450440285;1.4840917775;0.7068169428;0.0062684905;0.0071928105;-0.7073321560;1790;1620231231.961330473;1790
1620231231.9443030357;0.0138106897;-1.4205000751;1.8132382485;0.7286482888;-0.0194733121;-0.0024481123;0.6846067982;1620231231.9355330467;-0.0537320627;5.2450402043;1.4840975410;0.7068183281;0.0062623298;0.0071908760;-0.7073308459;1790;1620231231.961330473;1790
1620231231.9518589973;0.0151698931;-1.4206075375;1.8122733128;0.7287435993;-0.0196674796;-0.0026748463;0.6844989422;1620231231.9443140030;-0.0537360714;5.2450404027;1.4840991705;0.7068196491;0.0062635748;0.0071918916;-0.7073295046;1790;1620231231.961330473;1790
1620231231.9603099823;0.0164840024;-1.4207116372;1.8113318267;0.7288483712;-0.0196153264;-0.0026974887;0.6843887888;1620231231.9518880844;-0.0537345336;5.2450321962;1.4840953776;0.7068189267;0.0062587154;0.0071827409;-0.7073303624;1790;1620231231.961330473;1790
1620231231.9683730602;0.0179743833;-1.4208635651;1.8103073788;0.7290217185;-0.0197781526;-0.0028876407;0.6841986701;1620231231.9603381157;-0.0537328340;5.2450379387;1.4840937245;0.7068163496;0.0062633367;0.0071853420;-0.7073328703;1791;1620231231.987301865;1791
1620231231.9848980904;0.0205044914;-1.4211194735;1.8082119277;0.7290382490;-0.0195264501;-0.0028326207;0.6841885160;1620231231.9684009552;-0.0537174063;5.2450327733;1.4840844291;0.7068179258;0.0062642782;0.0071853434;-0.7073312869;1791;1620231231.987301865;1791
1620231231.9944610596;0.0218227394;-1.4212519386;1.8071389563;0.7291243044;-0.0194469934;-0.0028896979;0.6840988327;1620231231.9849259853;-0.0537173105;5.2450625697;1.4840859604;0.7068125663;0.0062801593;0.0072068393;-0.7073362829;1791;1620231231.987301865;1791
1620231232.0031590462;0.0230272762;-1.4213678630;1.8060152806;0.7290880432;-0.0192378375;-0.0026907250;0.6841442033;1620231231.9944880009;-0.0537466078;5.2450821868;1.4840970157;0.7068191869;0.0062854206;0.0072173042;-0.7073295137;1792;1620231232.039244649;1792
1620231232.0106298923;0.0242332255;-1.4214629209;1.8048322430;0.7290254352;-0.0193485069;-0.0027212692;0.6842076767;1620231232.0031869411;-0.0537201802;5.2450689058;1.4840896577;0.7068235692;0.0062743462;0.0072052135;-0.7073253562;1792;1620231232.039244649;1792
1620231232.0192430019;0.0255077720;-1.4215660430;1.8035945576;0.7289728668;-0.0195935792;-0.0025275429;0.6842574535;1620231232.0106580257;-0.0537192552;5.2450713503;1.4840965738;0.7068203579;0.0062673761;0.0071989932;-0.7073286903;1792;1620231232.039244649;1792
1620231232.0357110500;0.0279365264;-1.4217701671;1.8010735081;0.7290023103;-0.0198683972;-0.0023704826;0.6842187218;1620231232.0192720890;-0.0537133496;5.2450667227;1.4840917628;0.7068220578;0.0062683955;0.0071950713;-0.7073270226;1792;1620231232.039244649;1792
1620231232.0441920757;0.0290745147;-1.4219129295;1.7997732887;0.7288494180;-0.0200022155;-0.0024434973;0.6843774300;1620231232.0357389450;-0.0537177454;5.2450636833;1.4840923780;0.7068192504;0.0062702236;0.0072001306;-0.7073297603;1793;1620231232.091187241;1793
1620231232.0519950390;0.0302562755;-1.4220164935;1.7984595090;0.7288643213;-0.0198497332;-0.0024528497;0.6843659640;1620231232.0442199707;-0.0537201494;5.2450586405;1.4840914605;0.7068225887;0.0062726551;0.0071969562;-0.7073264350;1793;1620231232.091187241;1793
1620231232.0603199005;0.0314336858;-1.4221342301;1.7971066702;0.7289340801;-0.0197780284;-0.0024539913;0.6842937340;1620231232.0520339012;-0.0537297210;5.2450589971;1.4840950736;0.7068180219;0.0062655516;0.0071920662;-0.7073311113;1793;1620231232.091187241;1793
1620231232.0693728924;0.0324435533;-1.4222853862;1.7957244900;0.7288476695;-0.0195592521;-0.0023811548;0.6843923147;1620231232.0603480339;-0.0537125312;5.2450578225;1.4840894061;0.7068191007;0.0062703863;0.0071969997;-0.7073299403;1793;1620231232.091187241;1793
1620231232.0854759216;0.0347373100;-1.4225130224;1.7928593450;0.7286850249;-0.0194492727;-0.0026287583;0.6845677102;1620231232.0694019794;-0.0537181621;5.2450628756;1.4840936622;0.7068170385;0.0062720836;0.0072017094;-0.7073319379;1794;1620231232.117158649;1794
1620231232.0938239098;0.0358851342;-1.4226144007;1.7912983219;0.7287623656;-0.0196066138;-0.0027326828;0.6844804801;1620231232.0855081081;-0.0537126542;5.2450547270;1.4840975691;0.7068171947;0.0062700434;0.0071996827;-0.7073318205;1794;1620231232.117158649;1794
1620231232.1016099453;0.0369539555;-1.4227326706;1.7897248701;0.7287402052;-0.0195943558;-0.0025546077;0.6845051121;1620231232.0938520432;-0.0537159971;5.2450477043;1.4840958551;0.7068172531;0.0062656279;0.0071947409;-0.7073318516;1794;1620231232.117158649;1794
1620231232.1106469631;0.0379229456;-1.4228581506;1.7880917588;0.7285809223;-0.0197847884;-0.0025800818;0.6846690770;1620231232.1016409397;-0.0537122319;5.2450453709;1.4840943598;0.7068139693;0.0062617275;0.0071889006;-0.7073352269;1794;1620231232.117158649;1794
1620231232.1184639931;0.0389074998;-1.4230018847;1.7864668855;0.7285869852;-0.0196470958;-0.0022973294;0.6846675974;1620231232.1106729507;-0.0537150020;5.2450496472;1.4840908950;0.7068150233;0.0062672869;0.0071939157;-0.7073340735;1795;1620231232.169101297;1795
1620231232.1350879669;0.0409891612;-1.4232163208;1.7831642380;0.7286828568;-0.0194309856;-0.0024586063;0.6845711696;1620231232.1184759140;-0.0537133586;5.2450541726;1.4840898061;0.7068139406;0.0062775658;0.0072018686;-0.7073349833;1795;1620231232.169101297;1795
1620231232.1439759731;0.0420967260;-1.4233482899;1.7814335441;0.7288803458;-0.0192984247;-0.0025176774;0.6843644305;1620231232.1351170540;-0.0537391583;5.2450526266;1.4840930680;0.7068138667;0.0062657715;0.0071969466;-0.7073352118;1795;1620231232.169101297;1795
1620231232.1529870033;0.0429286017;-1.4235143298;1.7795751091;0.7286782636;-0.0192444223;-0.0022749722;0.6845819636;1620231232.1440200806;-0.0537178147;5.2450453793;1.4840907488;0.7068145175;0.0062679781;0.0071962349;-0.7073345493;1795;1620231232.169101297;1795
1620231232.1605300903;0.0440031688;-1.4236875271;1.7776541348;0.7289492109;-0.0192509711;-0.0021658245;0.6842936192;1620231232.1530139446;-0.0537123598;5.2450490211;1.4840886758;0.7068140407;0.0062702328;0.0071984172;-0.7073349835;1796;1620231232.195072641;1796
1620231232.1769709587;0.0457348566;-1.4238821400;1.7739244108;0.7285719681;-0.0187852451;-0.0022029090;0.6847080758;1620231232.1605560780;-0.0537165506;5.2450512339;1.4840898160;0.7068165491;0.0062765115;0.0072003568;-0.7073324015;1796;1620231232.195072641;1796
1620231232.1864140034;0.0466606993;-1.4240033577;1.7719446460;0.7285423078;-0.0189602184;-0.0026426168;0.6847332564;1620231232.1769809723;-0.0537413598;5.2450577289;1.4840985434;0.7068097474;0.0062598999;0.0071920314;-0.7073394301;1796;1620231232.195072641;1796
1620231232.1932570934;0.0476456089;-1.4241195570;1.7699223743;0.7286240637;-0.0187000484;-0.0022289702;0.6846548866;1620231232.1864418983;-0.0537160813;5.2450589050;1.4840932530;0.7068070982;0.0062651846;0.0071891204;-0.7073420601;1796;1620231232.195072641;1796
1620231232.2022819519;0.0485283700;-1.4242684691;1.7678550592;0.7286886400;-0.0185414262;-0.0021034271;0.6845908684;1620231232.1932699680;-0.0537205256;5.2450583237;1.4840907897;0.7068068919;0.0062672698;0.0071912331;-0.7073422263;1797;1620231232.247015457;1797
1620231232.2101650238;0.0494112617;-1.4244237901;1.7656901330;0.7286452159;-0.0186011045;-0.0020669151;0.6846355791;1620231232.2023088932;-0.0537182383;5.2450551608;1.4840890379;0.7068084887;0.0062700203;0.0071928611;-0.7073405898;1797;1620231232.247015457;1797
1620231232.2184751034;0.0502390371;-1.4245516032;1.7635580619;0.7285588537;-0.0184877390;-0.0024175864;0.6847294031;1620231232.2101929188;-0.0537217394;5.2450503957;1.4840891919;0.7068072858;0.0062632504;0.0071913982;-0.7073418666;1797;1620231232.247015457;1797
1620231232.2350950241;0.0519037970;-1.4248453974;1.7590895373;0.7285508574;-0.0182564608;-0.0023676412;0.6847442910;1620231232.2185060978;-0.0537419531;5.2450471913;1.4840986921;0.7068056110;0.0062522493;0.0071814584;-0.7073437384;1797;1620231232.247015457;1797
1620231232.2427899837;0.0527914850;-1.4249736158;1.7568387346;0.7286258036;-0.0181061039;-0.0025534766;0.6846678663;1620231232.2351140976;-0.0537149021;5.2450473256;1.4840909555;0.7068044876;0.0062571843;0.0071814107;-0.7073448178;1798;1620231232.272986713;1798
1620231232.2524380684;0.0535895979;-1.4251130466;1.7544695255;0.7285856651;-0.0179685629;-0.0023795177;0.6847148291;1620231232.2428090572;-0.0537195196;5.2450491229;1.4840905738;0.7068073546;0.0062673247;0.0071895176;-0.7073417809;1798;1620231232.272986713;1798
1620231232.2601430416;0.0543094652;-1.4252732848;1.7520313113;0.7284966069;-0.0178444471;-0.0022502638;0.6848132635;1620231232.2524559498;-0.0537230502;5.2450554338;1.4840910150;0.7068060839;0.0062682307;0.0071964679;-0.7073429719;1798;1620231232.272986713;1798
1620231232.2764289379;0.0558813609;-1.4255010517;1.7470996225;0.7286125741;-0.0168446071;-0.0020960181;0.6847156949;1620231232.2601530552;-0.0537363805;5.2450444499;1.4840915400;0.7068063809;0.0062591079;0.0071836581;-0.7073428861;1798;1620231232.272986713;1798
1620231232.2854690552;0.0566535299;-1.4256553851;1.7444726765;0.7287424445;-0.0167495608;-0.0020787851;0.6845798569;1620231232.2764739990;-0.0537430479;5.2450441316;1.4840941321;0.7068063923;0.0062579424;0.0071821313;-0.7073429005;1799;1620231232.324929489;1799
1620231232.2932229042;0.0574214634;-1.4257813107;1.7418684763;0.7286821207;-0.0164811099;-0.0020298528;0.6846507283;1620231232.2854878902;-0.0537204501;5.2450425018;1.4840899862;0.7068040279;0.0062565299;0.0071808444;-0.7073452887;1799;1620231232.324929489;1799
1620231232.3035340309;0.0581629791;-1.4259583150;1.7391057387;0.7286573389;-0.0165105235;-0.0018112876;0.6846770073;1620231232.2932419777;-0.0537132528;5.2450383461;1.4840890931;0.7068020987;0.0062503185;0.0071719497;-0.7073473616;1799;1620231232.324929489;1799
1620231232.3095951080;0.0587979796;-1.4261172125;1.7363267205;0.7285081867;-0.0163934165;-0.0014763044;0.6848393230;1620231232.3035609722;-0.0537259120;5.2450455933;1.4840893116;0.7068030756;0.0062556895;0.0071803482;-0.7073462527;1799;1620231232.324929489;1799
1620231232.3187110424;0.0595686294;-1.4262233099;1.7335870513;0.7284739229;-0.0164345794;-0.0017324587;0.6848741832;1620231232.3096148968;-0.0537062001;5.2450557494;1.4840877996;0.7068017432;0.0062607215;0.0071822139;-0.7073475207;1800;1620231232.350900841;1800
1620231232.3367938995;0.0610961210;-1.4265357205;1.7278424640;0.7285253354;-0.0165260671;-0.0015319821;0.6848177698;1620231232.3187289238;-0.0537131786;5.2450569136;1.4840899437;0.7068038663;0.0062603617;0.0071809872;-0.7073454148;1800;1620231232.350900841;1800
1620231232.3446490765;0.0618264193;-1.4267090452;1.7249049682;0.7286939913;-0.0164305920;-0.0013280125;0.6846410294;1620231232.3368129730;-0.0537036188;5.2450644702;1.4840890694;0.7068008891;0.0062610025;0.0071823573;-0.7073483702;1800;1620231232.350900841;1800
1620231232.3519239426;0.0623730073;-1.4268792852;1.7219421156;0.7284934585;-0.0161918006;-0.0010368488;0.6848605927;1620231232.3446660042;-0.0537073546;5.2450650710;1.4840869880;0.7068013526;0.0062644233;0.0071851999;-0.7073478479;1800;1620231232.350900841;1800
1620231232.3599669933;0.0630521676;-1.4270422784;1.7188608214;0.7284206258;-0.0160869657;-0.0007427127;0.6849409097;1620231232.3519420624;-0.0537061532;5.2450621570;1.4840848359;0.7068050291;0.0062628381;0.0071850187;-0.7073441900;1801;1620231232.402843577;1801
1620231232.3772950172;0.0643574001;-1.4273380083;1.7126760188;0.7284382182;-0.0157382901;-0.0005286740;0.6849304993;1620231232.3599860668;-0.0537115674;5.2450653589;1.4840882770;0.7068060648;0.0062647258;0.0071851186;-0.7073431374;1801;1620231232.402843577;1801
1620231232.3865010738;0.0650074876;-1.4275012285;1.7094894449;0.7284032843;-0.0156845101;-0.0003831214;0.6849689809;1620231232.3773119450;-0.0537356747;5.2450601863;1.4840906064;0.7068046910;0.0062579982;0.0071802973;-0.7073446186;1801;1620231232.402843577;1801
1620231232.3942151070;0.0656539793;-1.4276477347;1.7062222830;0.7283466239;-0.0156983806;-0.0001715152;0.6850289971;1620231232.3865199089;-0.0537314326;5.2450589398;1.4840866096;0.7068061234;0.0062619374;0.0071847396;-0.7073431074;1801;1620231232.402843577;1801
1620231232.4023621082;0.0662701391;-1.4278002484;1.7028679002;0.7283405469;-0.0157836759;0.0000769920;0.6850335155;1620231232.3942320347;-0.0537121549;5.2450546413;1.4840865767;0.7068034349;0.0062530742;0.0071769964;-0.7073459509;1802;1620231232.428814905;1802
1620231232.4102430344;0.0668952189;-1.4279324688;1.6994919269;0.7282211947;-0.0160129949;0.0002028715;0.6851550441;1620231232.4023799896;-0.0537353894;5.2450555581;1.4840908616;0.7068078355;0.0062566385;0.0071774896;-0.7073415170;1802;1620231232.428814905;1802
1620231232.4191219807;0.0673975517;-1.4280730894;1.6960290459;0.7281134818;-0.0159611631;0.0003400163;0.6852706643;1620231232.4102599621;-0.0537325665;5.2450594271;1.4840898027;0.7068044340;0.0062564933;0.0071814899;-0.7073448767;1802;1620231232.428814905;1802
1620231232.4351909161;0.0686472273;-1.4284219077;1.6891527587;0.7282826687;-0.0157599973;0.0003438096;0.6850955107;1620231232.4191401005;-0.0537048090;5.2450645959;1.4840805329;0.7068046173;0.0062694543;0.0071920081;-0.7073444719;1802;1620231232.428814905;1802
1620231232.4433739185;0.0692870928;-1.4285592262;1.6855684566;0.7279224436;-0.0161112934;0.0003920770;0.6854700494;1620231232.4352009296;-0.0537368879;5.2450563263;1.4840894285;0.7068062919;0.0062550296;0.0071791871;-0.7073430566;1803;1620231232.480757537;1803
1620231232.4527258873;0.0698882134;-1.4287471109;1.6819670177;0.7281893295;-0.0159974745;0.0006191796;0.6851890234;1620231232.4433848858;-0.0537389560;5.2450611917;1.4840876038;0.7068059213;0.0062667817;0.0071899269;-0.7073432137;1803;1620231232.480757537;1803
1620231232.4612638950;0.0704382095;-1.4288865843;1.6783590154;0.7281506337;-0.0158584141;0.0007911637;0.6852332007;1620231232.4527459145;-0.0537187936;5.2450520705;1.4840867564;0.7068061648;0.0062594921;0.0071830215;-0.7073431051;1803;1620231232.480757537;1803
1620231232.4771800041;0.0715328894;-1.4292052856;1.6708962570;0.7282222063;-0.0156957506;0.0011063174;0.6851604467;1620231232.4612810612;-0.0537179763;5.2450574854;1.4840911388;0.7068028112;0.0062602926;0.0071855527;-0.7073464234;1803;1620231232.480757537;1803
1620231232.4858520031;0.0720534059;-1.4293635161;1.6670938238;0.7282287178;-0.0157441425;0.0014022832;0.6851518737;1620231232.4772000313;-0.0537173349;5.2450608668;1.4840937155;0.7068045172;0.0062634191;0.0071887939;-0.7073446580;1804;1620231232.506728993;1804
1620231232.4933540821;0.0726481749;-1.4295606890;1.6631579753;0.7282870198;-0.0163787270;0.0013527062;0.6850751230;1620231232.4858698845;-0.0537098356;5.2450708166;1.4840923460;0.7068041247;0.0062683066;0.0071905094;-0.7073449895;1804;1620231232.506728993;1804
1620231232.5018150806;0.0733046827;-1.4296928299;1.6591554647;0.7283870646;-0.0170384695;0.0012195582;0.6849529089;1620231232.4933741093;-0.0537203812;5.2450734810;1.4840974455;0.7068033592;0.0062689209;0.0071933344;-0.7073457203;1804;1620231232.506728993;1804
1620231232.5100209713;0.0737820610;-1.4298782657;1.6551741313;0.7283453246;-0.0174203408;0.0012504814;0.6849876321;1620231232.5018270016;-0.0537142493;5.2450801866;1.4840892286;0.7068067837;0.0062804447;0.0072027000;-0.7073421009;1804;1620231232.506728993;1804
1620231232.5188450813;0.0742482238;-1.4300363269;1.6511565380;0.7283364657;-0.0177330347;0.0011864983;0.6849891419;1620231232.5100400448;-0.0537130475;5.2450743140;1.4840898210;0.7068043418;0.0062671348;0.0071914819;-0.7073447731;1805;1620231232.558671673;1805
1620231232.5346589088;0.0753017562;-1.4303855268;1.6431027755;0.7286010026;-0.0180928951;0.0009836969;0.6846986625;1620231232.5188560486;-0.0537126893;5.2450781000;1.4840845876;0.7068058652;0.0062724201;0.0071955498;-0.7073431626;1805;1620231232.558671673;1805
1620231232.5431029797;0.0758110409;-1.4305668091;1.6390460224;0.7287728825;-0.0182084629;0.0006857214;0.6845130148;1620231232.5346798897;-0.0537131554;5.2450791812;1.4840852916;0.7068063815;0.0062764105;0.0071987185;-0.7073425791;1805;1620231232.558671673;1805
1620231232.5522000790;0.0763746087;-1.4307387553;1.6349015123;0.7290008043;-0.0182837742;0.0006522909;0.6842682993;1620231232.5431220531;-0.0537294531;5.2450674320;1.4840882949;0.7068083951;0.0062668542;0.0071907389;-0.7073407329;1805;1620231232.558671673;1805
1620231232.5595679283;0.0768278393;-1.4309234984;1.6307114715;0.7289852385;-0.0185638506;0.0004944465;0.6842774737;1620231232.5522179604;-0.0537308863;5.2450748830;1.4840932477;0.7068067009;0.0062809150;0.0072005296;-0.7073422015;1806;1620231232.584643033;1806
1620231232.5686829090;0.0773449764;-1.4310827453;1.6265044438;0.7290327178;-0.0188017265;0.0001980136;0.6842205436;1620231232.5595850945;-0.0537347491;5.2450601198;1.4840949352;0.7068027679;0.0062611809;0.0071849397;-0.7073464650;1806;1620231232.584643033;1806
1620231232.5852949619;0.0780167285;-1.4313612469;1.6178615375;0.7287659217;-0.0189537393;0.0003580386;0.6845004448;1620231232.5687038898;-0.0537369806;5.2450572987;1.4840950174;0.7068036640;0.0062603366;0.0071875834;-0.7073455502;1806;1620231232.584643033;1806
1620231232.5928499699;0.0783982225;-1.4315127542;1.6134339343;0.7286832258;-0.0192733542;0.0004531390;0.6845794979;1620231232.5853059292;-0.0537356040;5.2450641040;1.4840976852;0.7068057456;0.0062713565;0.0071951190;-0.7073432960;1806;1620231232.584643033;1806
1620231232.6014800072;0.0787636663;-1.4316692179;1.6089697981;0.7285890225;-0.0196633904;0.0004152888;0.6846686899;1620231232.5928668976;-0.0537182207;5.2450657624;1.4840898170;0.7068056636;0.0062774368;0.0071988571;-0.7073432859;1807;1620231232.636585689;1807
1620231232.6096038818;0.0792489975;-1.4317638926;1.6045219890;0.7286987116;-0.0200052223;0.0000746682;0.6845421632;1620231232.6015241146;-0.0537146114;5.2450694360;1.4840930875;0.7068034501;0.0062742568;0.0071972909;-0.7073455419;1807;1620231232.636585689;1807
1620231232.6264569759;0.0799581489;-1.4320372408;1.5955796351;0.7287251384;-0.0200604227;-0.0001362084;0.6845124057;1620231232.6096210480;-0.0537165705;5.2450683377;1.4840947970;0.7068043581;0.0062690484;0.0071929573;-0.7073447249;1807;1620231232.636585689;1807
1620231232.6350069046;0.0802829335;-1.4321994825;1.5910667721;0.7288066611;-0.0200748598;-0.0001541176;0.6844251800;1620231232.6264760494;-0.0537198847;5.2450626275;1.4840933684;0.7068067583;0.0062646280;0.0071886813;-0.7073424091;1807;1620231232.636585689;1807
1620231232.6433041096;0.0806768715;-1.4323500537;1.5865491787;0.7288623637;-0.0200060150;-0.0003878903;0.6843677839;1620231232.6350269318;-0.0537337692;5.2450724197;1.4840956845;0.7068059678;0.0062759294;0.0072004219;-0.7073429794;1808;1620231232.662557105;1808
1620231232.6519649029;0.0809037034;-1.4325096151;1.5819712422;0.7287816295;-0.0198494241;-0.0004583700;0.6844582724;1620231232.6433229446;-0.0537292024;5.2450840185;1.4840960816;0.7068030698;0.0062804932;0.0072060993;-0.7073457769;1808;1620231232.662557105;1808
1620231232.6599628925;0.0812788165;-1.4325931063;1.5775001546;0.7287694887;-0.0199491323;-0.0012450293;0.6844673216;1620231232.6519849300;-0.0537104452;5.2450758796;1.4840910092;0.7068032731;0.0062753930;0.0071986987;-0.7073456943;1808;1620231232.662557105;1808
1620231232.6761159897;0.0819755254;-1.4329250785;1.5682140443;0.7289443025;-0.0204495429;-0.0015662685;0.6842657137;1620231232.6599810123;-0.0537418247;5.2450749655;1.4840913187;0.7068010112;0.0062780008;0.0072060061;-0.7073478569;1808;1620231232.662557105;1808
1620231232.6848719120;0.0821359340;-1.4331069478;1.5634727035;0.7289779736;-0.0205572741;-0.0011366051;0.6842274627;1620231232.6761341095;-0.0537176939;5.2450666867;1.4840919429;0.7068036332;0.0062757697;0.0072001179;-0.7073453167;1809;1620231232.714499729;1809
1620231232.7021279335;0.0826558308;-1.4333747886;1.5539214921;0.7289046471;-0.0203556563;-0.0013817367;0.6843111525;1620231232.6848940849;-0.0537424851;5.2450655167;1.4840965366;0.7068046695;0.0062753018;0.0072009479;-0.7073442769;1809;1620231232.714499729;1809
1620231232.7109711170;0.0828592966;-1.4336060671;1.5491411310;0.7289265122;-0.0201473792;-0.0013279781;0.6842941323;1620231232.7021389008;-0.0537175114;5.2450716532;1.4840886683;0.7068073838;0.0062807044;0.0072058879;-0.7073414664;1809;1620231232.714499729;1809
1620231232.7188580036;0.0831143780;-1.4336915221;1.5444070092;0.7289665198;-0.0200241477;-0.0015665156;0.6842546255;1620231232.7109820843;-0.0537115072;5.2450720281;1.4840869497;0.7068065677;0.0062822070;0.0072072126;-0.7073422551;1810;1620231232.740471121;1810
1620231232.7367060184;0.0835377380;-1.4338172567;1.5346323652;0.7290276709;-0.0193224801;-0.0012924304;0.6842102210;1620231232.7188780308;-0.0537158415;5.2450704761;1.4840921552;0.7068058909;0.0062748362;0.0072010460;-0.7073430596;1810;1620231232.740471121;1810
1620231232.7443110943;0.0837282524;-1.4339588469;1.5298551349;0.7289093691;-0.0194518100;-0.0016418803;0.6843318368;1620231232.7367250919;-0.0537094578;5.2450646261;1.4840964224;0.7068061346;0.0062705750;0.0071938757;-0.7073429268;1810;1620231232.740471121;1810
1620231232.7535240650;0.0838498675;-1.4340484787;1.5251980083;0.7288222502;-0.0191303505;-0.0020737037;0.6844325073;1620231232.7443280220;-0.0537337150;5.2450642949;1.4840937174;0.7068078333;0.0062750937;0.0071970800;-0.7073411568;1810;1620231232.740471121;1810
1620231232.7611958981;0.0839109879;-1.4341102087;1.5204311251;0.7286770968;-0.0186220843;-0.0025724090;0.6845993641;1620231232.7535419464;-0.0537141859;5.2450696146;1.4840893242;0.7068094293;0.0062814229;0.0072026797;-0.7073394488;1811;1620231232.792413825;1811
1620231232.7695710659;0.0840799971;-1.4342333872;1.5155646814;0.7288160695;-0.0184502121;-0.0023618456;0.6844568271;1620231232.7612140179;-0.0537279693;5.2450609781;1.4840901634;0.7068086981;0.0062751683;0.0071982473;-0.7073402800;1811;1620231232.792413825;1811
1620231232.7864389420;0.0844993013;-1.4344724157;1.5058404865;0.7289338282;-0.0177997472;-0.0025050903;0.6843481334;1620231232.7695920467;-0.0537047192;5.2450594867;1.4840892306;0.7068077853;0.0062738514;0.0071927656;-0.7073412596;1811;1620231232.792413825;1811
1620231232.7928121090;0.0845211295;-1.4346496699;1.5008567148;0.7288487668;-0.0176736295;-0.0023122221;0.6844426723;1620231232.7864499092;-0.0537118966;5.2450595142;1.4840879936;0.7068055304;0.0062705959;0.0071929301;-0.7073435400;1811;1620231232.792413825;1811
1620231232.8014390469;0.0845996006;-1.4348084212;1.4959523013;0.7288213224;-0.0172466229;-0.0020908995;0.6844835002;1620231232.7928440571;-0.0537297989;5.2450723778;1.4840912647;0.7068079991;0.0062788748;0.0072007317;-0.7073409204;1812;1620231232.844356497;1812
1620231232.8102419376;0.0847239796;-1.4349211167;1.4909298838;0.7288474545;-0.0169917011;-0.0018434469;0.6844627615;1620231232.8014841080;-0.0537341904;5.2450739681;1.4840987977;0.7068056873;0.0062711025;0.0071970518;-0.7073433368;1812;1620231232.844356497;1812
1620231232.8261210918;0.0848868013;-1.4352043919;1.4810597820;0.7288799842;-0.0167903095;-0.0017516986;0.6844333318;1620231232.8102738857;-0.0537051675;5.2450756724;1.4840920338;0.7068093475;0.0062718854;0.0071937322;-0.7073397062;1812;1620231232.844356497;1812
1620231232.8346390724;0.0850194848;-1.4354487582;1.4757255024;0.7289181617;-0.0167484434;-0.0006727477;0.6843956097;1620231232.8261320591;-0.0537150808;5.2450702013;1.4840922836;0.7068056701;0.0062667519;0.0071936777;-0.7073434269;1812;1620231232.844356497;1812
1620231232.8423819542;0.0850700394;-1.4355538301;1.4707582741;0.7288913858;-0.0166330633;-0.0010467293;0.6844264703;1620231232.8346641064;-0.0537371934;5.2450685292;1.4840921486;0.7068094738;0.0062709792;0.0071943837;-0.7073395814;1813;1620231232.870327977;1813
1620231232.8517019749;0.0850837818;-1.4356697261;1.4657358789;0.7286500725;-0.0165563492;-0.0007838877;0.6846855809;1620231232.8423929214;-0.0537093423;5.2450727498;1.4840863633;0.7068087369;0.0062698566;0.0071938513;-0.7073403331;1813;1620231232.870327977;1813
1620231232.8596959114;0.0850833763;-1.4357928515;1.4607192127;0.7285740973;-0.0161677632;-0.0005881198;0.6847759066;1620231232.8517220020;-0.0537207794;5.2450784706;1.4840853431;0.7068105668;0.0062807423;0.0072034669;-0.7073383101;1813;1620231232.870327977;1813
1620231232.8767209053;0.0852129569;-1.4360918930;1.4506850009;0.7284643787;-0.0155325837;-0.0003704397;0.6849074760;1620231232.8597140312;-0.0537064730;5.2450840047;1.4840856576;0.7068065943;0.0062822324;0.0072010141;-0.7073422914;1814;1620231232.896299217;1814
1620231232.8844459057;0.0851826612;-1.4362607064;1.4456523088;0.7284986529;-0.0151018934;0.0000149207;0.6848807527;1620231232.8767390251;-0.0537261523;5.2450788937;1.4840889193;0.7068092835;0.0062689866;0.0071964225;-0.7073397684;1814;1620231232.896299217;1814
1620231232.8930580616;0.0852438767;-1.4363683237;1.4407796311;0.7285838969;-0.0140693738;0.0001192668;0.6848120499;1620231232.8844659328;-0.0537215702;5.2450732959;1.4840884189;0.7068111710;0.0062720762;0.0071942448;-0.7073378771;1814;1620231232.896299217;1814
1620231232.9017870426;0.0852479132;-1.4364463866;1.4359474781;0.7286676151;-0.0133826258;0.0003457953;0.6847366592;1620231232.8930809498;-0.0537233201;5.2450741414;1.4840867131;0.7068120053;0.0062749938;0.0071960208;-0.7073369995;1814;1620231232.896299217;1814
1620231232.9095139503;0.0849961852;-1.4368524145;1.4303725928;0.7281615651;-0.0143816236;0.0012464712;0.6852534934;1620231232.9018070698;-0.0537193223;5.2450726183;1.4840873665;0.7068094710;0.0062721382;0.0071911542;-0.7073396068;1815;1620231232.948241993;1815
1620231232.9262819290;0.0848910651;-1.4371661816;1.4202457517;0.7279908557;-0.0141058931;0.0017082782;0.6854395812;1620231232.9095320702;-0.0537207783;5.2450678280;1.4840838818;0.7068095586;0.0062706620;0.0071909812;-0.7073395340;1815;1620231232.948241993;1815
1620231232.9352869987;0.0848271741;-1.4373479884;1.4151698023;0.7278902273;-0.0139719987;0.0018201639;0.6855488949;1620231232.9263000488;-0.0537123372;5.2450622440;1.4840804641;0.7068071347;0.0062645262;0.0071849128;-0.7073420722;1815;1620231232.948241993;1815
1620231232.9430339336;0.0848145682;-1.4374961802;1.4102023330;0.7280513264;-0.0137310606;0.0017499302;0.6853828579;1620231232.9353079796;-0.0537258043;5.2450654238;1.4840875911;0.7068070688;0.0062701834;0.0071890242;-0.7073420461;1815;1620231232.948241993;1815
1620231232.9515409470;0.0847317154;-1.4376689259;1.4049417479;0.7279568361;-0.0138220668;0.0023615469;0.6854795535;1620231232.9430530071;-0.0537455457;5.2450646675;1.4840916785;0.7068075686;0.0062687776;0.0071931327;-0.7073415174;1816;1620231232.974213297;1816
1620231232.9595980644;0.0847589658;-1.4378638476;1.3999642282;0.7279384544;-0.0137817630;0.0024604696;0.6854995373;1620231232.9515609741;-0.0537490372;5.2450648489;1.4840962006;0.7068063691;0.0062670497;0.0071928916;-0.7073427338;1816;1620231232.974213297;1816
1620231232.9767000675;0.0846265000;-1.4381956673;1.3897599959;0.7279747781;-0.0131968238;0.0027597690;0.6854713342;1620231232.9596159458;-0.0537201670;5.2450591632;1.4840937358;0.7068055707;0.0062648802;0.0071865997;-0.7073436147;1816;1620231232.974213297;1816
1620231232.9932060242;0.0844726604;-1.4384839862;1.3794823445;0.7281937606;-0.0131888922;0.0029697974;0.6852379736;1620231232.9767179489;-0.0537400814;5.2450628930;1.4841001962;0.7068082238;0.0062677222;0.0071912507;-0.7073408912;1817;1620231233.026156097;1817
1620231233.0011999607;0.0843921568;-1.4385756406;1.3745197233;0.7280952848;-0.0129263066;0.0031120503;0.6853469793;1620231232.9932239056;-0.0537422366;5.2450942164;1.4840989669;0.7067981156;0.0062784952;0.0072050714;-0.7073507554;1817;1620231233.026156097;1817
1620231233.0095241070;0.0843468049;-1.4387344172;1.3694219428;0.7280141127;-0.0129461918;0.0029629863;0.6854334895;1620231233.0012190342;-0.0537120745;5.2450986917;1.4840985496;0.7068105990;0.0062772407;0.0071977909;-0.7073383668;1817;1620231233.026156097;1817
1620231233.0261280537;0.0840272744;-1.4391356845;1.3592434341;0.7278885320;-0.0129343329;0.0035914799;0.6855640665;1620231233.0095410347;-0.0537116515;5.2450903114;1.4840953915;0.7068123375;0.0062694969;0.0071883649;-0.7073367942;1818;1620231233.052127401;1818
1620231233.0347759724;0.0838620675;-1.4393449233;1.3541478399;0.7279349868;-0.0123953093;0.0038169087;0.6855234806;1620231233.0261468887;-0.0537446534;5.2450805129;1.4840892782;0.7068118060;0.0062722669;0.0072018150;-0.7073371639;1818;1620231233.052127401;1818
1620231233.0429570675;0.0838957647;-1.4395062442;1.3490832877;0.7279465860;-0.0128519053;0.0038578674;0.6855025261;1620231233.0347959995;-0.0537271154;5.2450668894;1.4840800744;0.7068153970;0.0062733764;0.0071996539;-0.7073335877;1818;1620231233.052127401;1818
1620231233.0516309738;0.0838008153;-1.4396906290;1.3440493681;0.7280861108;-0.0123865982;0.0038797009;0.6853627764;1620231233.0429749489;-0.0537233020;5.2450596278;1.4840857806;0.7068111211;0.0062619960;0.0071901668;-0.7073380577;1819;1620231233.078098761;1819
1620231233.0606279373;0.0837543412;-1.4398066489;1.3389863147;0.7281190106;-0.0122247082;0.0039260685;0.6853304669;1620231233.0516519547;-0.0537158307;5.2450535564;1.4840889455;0.7068115965;0.0062582377;0.0071805114;-0.7073377141;1819;1620231233.078098761;1819
1620231233.0772330761;0.0835761698;-1.4402254660;1.3287317461;0.7281509819;-0.0122197489;0.0046186487;0.6852922685;1620231233.0606460571;-0.0537242164;5.2450477183;1.4840911649;0.7068184826;0.0062592017;0.0071825670;-0.7073308036;1819;1620231233.078098761;1819
1620231233.0856430531;0.0833438450;-1.4404028880;1.3235128901;0.7279275983;-0.0123749258;0.0050213586;0.6855239301;1620231233.0772600174;-0.0537266680;5.2450454226;1.4840926701;0.7068074652;0.0062612746;0.0071877929;-0.7073417414;1819;1620231233.078098761;1819
1620231233.0936670303;0.0832443068;-1.4405699682;1.3184412614;0.7279992133;-0.0125112878;0.0050339512;0.6854453096;1620231233.0856618881;-0.0537199645;5.2450409266;1.4840965934;0.7068075654;0.0062582980;0.0071753673;-0.7073417938;1820;1620231233.130041489;1820
1620231233.1031420231;0.0831250000;-1.4407655135;1.3133255137;0.7279190465;-0.0127954055;0.0052010311;0.6855239519;1620231233.0936861038;-0.0537179316;5.2450399704;1.4840955250;0.7068106190;0.0062586802;0.0071749504;-0.7073387434;1820;1620231233.130041489;1820
1620231233.1102221012;0.0828941473;-1.4409502866;1.3083059703;0.7279448591;-0.0124979114;0.0051991097;0.6855020449;1620231233.1031630039;-0.0537164966;5.2450403731;1.4840937920;0.7068107298;0.0062622663;0.0071767341;-0.7073385829;1820;1620231233.130041489;1820
1620231233.1268820763;0.0828748127;-1.4413465841;1.2981464134;0.7282351348;-0.0127380039;0.0049528309;0.6851910691;1620231233.1102399826;-0.0537263084;5.2450472405;1.4840945046;0.7068059156;0.0062634792;0.0071870140;-0.7073432783;1820;1620231233.130041489;1820
1620231233.1364669800;0.0827300179;-1.4415596713;1.2930454491;0.7282412730;-0.0126410991;0.0051586096;0.6851848216;1620231233.1269259453;-0.0537141994;5.2450621340;1.4840954474;0.7068056059;0.0062725608;0.0071934205;-0.7073434422;1821;1620231233.156012825;1821
1620231233.1522490978;0.0824130218;-1.4419272517;1.2827872218;0.7284328001;-0.0126802899;0.0056849210;0.6849763118;1620231233.1364850998;-0.0537137810;5.2450673708;1.4840943223;0.7068041199;0.0062732699;0.0071960183;-0.7073448943;1821;1620231233.156012825;1821
1620231233.1608541012;0.0822260265;-1.4421317372;1.2777010261;0.7283680671;-0.0127847780;0.0057489265;0.6850426689;1620231233.1522669792;-0.0537096360;5.2450807030;1.4840878143;0.7068071340;0.0062859287;0.0072035396;-0.7073416935;1822;1620231233.207955457;1822
1620231233.1769230366;0.0818606056;-1.4425089841;1.2674332730;0.7283176394;-0.0137288447;0.0056255204;0.6850790381;1620231233.1608738899;-0.0537295703;5.2450828677;1.4840859486;0.7068072353;0.0062837347;0.0072041392;-0.7073416057;1822;1620231233.207955457;1822
1620231233.1938378811;0.0815627392;-1.4429227215;1.2572321074;0.7284598288;-0.0142582217;0.0054960672;0.6849180785;1620231233.1769421101;-0.0537011255;5.2450869645;1.4840819369;0.7068079129;0.0062823112;0.0071998906;-0.7073409845;1822;1620231233.207955457;1822
1620231233.2025370598;0.0815576447;-1.4430770457;1.2522339371;0.7286505043;-0.0145335805;0.0049725924;0.6847134371;1620231233.1938569546;-0.0537263540;5.2450684602;1.4840829052;0.7068104584;0.0062671650;0.0071948975;-0.7073386262;1823;1620231233.233926913;1823
1620231233.2098820210;0.0814004884;-1.4432783415;1.2471645723;0.7287816810;-0.0144746909;0.0050262682;0.6845746719;1620231233.2025558949;-0.0536979418;5.2450612249;1.4840800878;0.7068074475;0.0062662324;0.0071887753;-0.7073417053;1823;1620231233.233926913;1823
1620231233.2266530991;0.0812001524;-1.4436565069;1.2369574686;0.7290059655;-0.0151770613;0.0043820573;0.6843250373;1620231233.2099010944;-0.0537028698;5.2450638733;1.4840857196;0.7068101870;0.0062692298;0.0071866566;-0.7073389628;1823;1620231233.233926913;1823
1620231233.2351150513;0.0810472559;-1.4438216127;1.2320034371;0.7291117836;-0.0146521965;0.0046628116;0.6842218780;1620231233.2266709805;-0.0537253349;5.2450703598;1.4840860325;0.7068087203;0.0062800479;0.0071989410;-0.7073402075;1823;1620231233.233926913;1823
1620231233.2517409325;0.0809084285;-1.4441942943;1.2216347722;0.7292661002;-0.0160850985;0.0037115536;0.6840310293;1620231233.2351338863;-0.0537043455;5.2450564446;1.4840886739;0.7068077422;0.0062671367;0.0071814058;-0.7073414777;1824;1620231233.259898273;1824
1620231233.2596819401;0.0806307104;-1.4443608348;1.2166334484;0.7292403449;-0.0159380138;0.0041009089;0.6840597062;1620231233.2517590523;-0.0537067263;5.2450616036;1.4840913544;0.7068058188;0.0062645524;0.0071847701;-0.7073433883;1824;1620231233.259898273;1824
1620231233.2685799599;0.0804616159;-1.4445581811;1.2117779829;0.7293230710;-0.0156675375;0.0042222404;0.6839770165;1620231233.2597010136;-0.0537027429;5.2450642494;1.4840967489;0.7068063895;0.0062668831;0.0071841627;-0.7073428035;1825;1620231233.311840921;1825
1620231233.2853689194;0.0799433219;-1.4449091025;1.2017751127;0.7293255513;-0.0156639387;0.0040904980;0.6839752548;1620231233.2685999870;-0.0537295810;5.2450869244;1.4840968022;0.7068058625;0.0062838184;0.0072065349;-0.7073429523;1825;1620231233.311840921;1825
1620231233.2934501171;0.0796015770;-1.4450937209;1.1968032917;0.7291672658;-0.0156357454;0.0039215179;0.6841456304;1620231233.2853920460;-0.0537041633;5.2450662992;1.4840854214;0.7068078821;0.0062644766;0.0071863627;-0.7073413111;1825;1620231233.311840921;1825
1620231233.3016200066;0.0795702499;-1.4451822349;1.1918639463;0.7293127251;-0.0160111428;0.0030463770;0.6839863389;1620231233.2934699059;-0.0537009083;5.2450741796;1.4840787740;0.7068102016;0.0062785273;0.0072001422;-0.7073387286;1825;1620231233.311840921;1825
1620231233.3101871014;0.0793084809;-1.4454287405;1.1867988929;0.7294098878;-0.0159814194;0.0033029795;0.6838822268;1620231233.3016350269;-0.0537078095;5.2450673322;1.4840846786;0.7068124401;0.0062745026;0.0071901308;-0.7073366293;1826;1620231233.337812297;1826
1620231233.3184430599;0.0791996770;-1.4456144159;1.1818297787;0.7295795233;-0.0161365371;0.0032770062;0.6836977348;1620231233.3102040291;-0.0537008143;5.2450702265;1.4840836140;0.7068059668;0.0062755123;0.0071905962;-0.7073430841;1826;1620231233.337812297;1826
1620231233.3357989788;0.0786501754;-1.4458982586;1.1720250261;0.7295732174;-0.0155904503;0.0038020947;0.6837144158;1620231233.3184540272;-0.0537098514;5.2450758617;1.4840942069;0.7068172856;0.0062754722;0.0071979079;-0.7073316996;1826;1620231233.337812297;1826
1620231233.3435831070;0.0783221038;-1.4460901530;1.1671090957;0.7293700712;-0.0156327606;0.0039132408;0.6839295304;1620231233.3358199596;-0.0537158892;5.2450658238;1.4841018716;0.7068089476;0.0062710344;0.0071948099;-0.7073401023;1827;1620231233.389755057;1827
1620231233.3517649174;0.0781631089;-1.4461833357;1.1622029197;0.7294988502;-0.0157733522;0.0035815337;0.6837907586;1620231233.3436019421;-0.0537405196;5.2450633169;1.4841024620;0.7068106002;0.0062695200;0.0071933613;-0.7073384792;1827;1620231233.389755057;1827
1620231233.3596889973;0.0779872196;-1.4463513628;1.1574451976;0.7294454102;-0.0153301250;0.0036134365;0.6838576781;1620231233.3517830372;-0.0537075635;5.2450491461;1.4840880418;0.7068103650;0.0062605355;0.0071811254;-0.7073389181;1827;1620231233.389755057;1827
1620231233.3762500286;0.0774385139;-1.4467695198;1.1477797384;0.7295308655;-0.0151437745;0.0034410088;0.6837715568;1620231233.3597071171;-0.0537206273;5.2450527974;1.4840857722;0.7068107910;0.0062681056;0.0071901750;-0.7073383334;1827;1620231233.389755057;1827
1620231233.3853209019;0.0772140998;-1.4469288693;1.1429791149;0.7295779638;-0.0151109862;0.0032291959;0.6837230617;1620231233.3762669563;-0.0537384486;5.2450503310;1.4840897566;0.7068112125;0.0062626776;0.0071854497;-0.7073380083;1828;1620231233.415726321;1828
1620231233.3932209015;0.0769254188;-1.4471968991;1.1380238264;0.7295430170;-0.0152191200;0.0035410310;0.6837564082;1620231233.3853409290;-0.0537096161;5.2450377523;1.4840875736;0.7068106000;0.0062535669;0.0071733823;-0.7073388235;1828;1620231233.415726321;1828
1620231233.4016799927;0.0768003903;-1.4473023705;1.1332075086;0.7297449979;-0.0150488006;0.0035888309;0.6835443598;1620231233.3932390213;-0.0537288198;5.2450289421;1.4840936180;0.7068136385;0.0062544890;0.0071767551;-0.7073357449;1828;1620231233.415726321;1828
1620231233.4098470211;0.0764524928;-1.4474948020;1.1284399945;0.7297177028;-0.0147733325;0.0039389347;0.6835775798;1620231233.4017000198;-0.0537241877;5.2450356986;1.4840963309;0.7068059289;0.0062519883;0.0071707708;-0.7073435315;1829;1620231233.441697673;1829
1620231233.4264690876;0.0758519791;-1.4478261832;1.1188325495;0.7293995370;-0.0147617892;0.0040774904;0.6839165000;1620231233.4098660946;-0.0537576058;5.2450434128;1.4841045125;0.7068048098;0.0062458835;0.0071734093;-0.7073446769;1829;1620231233.441697673;1829
1620231233.4352409840;0.0755866463;-1.4479424620;1.1141194949;0.7292904580;-0.0147004177;0.0039361476;0.6840349643;1620231233.4264869690;-0.0537642557;5.2450466120;1.4841012514;0.7068078962;0.0062383727;0.0071688602;-0.7073417053;1829;1620231233.441697673;1829
1620231233.4428219795;0.0753703065;-1.4480736403;1.1093434481;0.7293724631;-0.0146557879;0.0039978812;0.6839481229;1620231233.4352819920;-0.0537552987;5.2450567864;1.4840939527;0.7068022889;0.0062497462;0.0071730012;-0.7073471660;1829;1620231233.441697673;1829
1620231233.4514720440;0.0749776952;-1.4482766930;1.1046597220;0.7294009529;-0.0143846736;0.0042007424;0.6839222798;1620231233.4428679943;-0.0537358586;5.2450454288;1.4840873869;0.7068025279;0.0062375680;0.0071556781;-0.7073472101;1830;1620231233.493640409;1830
1620231233.4591679573;0.0747023737;-1.4484329969;1.0999549328;0.7294619625;-0.0142363036;0.0043011208;0.6838596883;1620231233.4515008926;-0.0537548139;5.2450547999;1.4840935896;0.7068032854;0.0062493256;0.0071632930;-0.7073462723;1830;1620231233.493640409;1830
1620231233.4760529995;0.0740155240;-1.4487283622;1.0906720555;0.7293764974;-0.0137698391;0.0042461224;0.6839607350;1620231233.4591779709;-0.0537376936;5.2450512618;1.4841003004;0.7068031035;0.0062382821;0.0071531111;-0.7073466546;1830;1620231233.493640409;1830
1620231233.4850859642;0.0736768391;-1.4488576379;1.0859835466;0.7293598740;-0.0137737239;0.0039055213;0.6839804132;1620231233.4760639668;-0.0537425614;5.2450286727;1.4840936629;0.7068066019;0.0062253774;0.0071451323;-0.7073433532;1830;1620231233.493640409;1830
1620231233.5010550022;0.0729195669;-1.4490544656;1.0768055256;0.7291752630;-0.0130699932;0.0040085863;0.6841904284;1620231233.4850978851;-0.0537606809;5.2450289184;1.4841089683;0.7068066207;0.0062220088;0.0071522189;-0.7073432925;1831;1620231233.519611825;1831
1620231233.5089108944;0.0725731647;-1.4492052948;1.0722703012;0.7291865122;-0.0126831619;0.0041721596;0.6841847419;1620231233.5010669231;-0.0537280866;5.2450271991;1.4841066612;0.7068075185;0.0062341975;0.0071584259;-0.7073422252;1831;1620231233.519611825;1831
1620231233.5262188911;0.0719610769;-1.4494511410;1.0630879829;0.7292322373;-0.0120707937;0.0044845784;0.6841451079;1620231233.5089209080;-0.0537459609;5.2450193024;1.4841034874;0.7068076082;0.0062305055;0.0071533922;-0.7073422190;1832;1620231233.571554513;1832
1620231233.5345621109;0.0716435558;-1.4496203863;1.0585034730;0.7291909652;-0.0118048101;0.0049670058;0.6841904060;1620231233.5262320042;-0.0537239237;5.2450389809;1.4840972847;0.7068102516;0.0062549402;0.0071707168;-0.7073391866;1832;1620231233.571554513;1832
1620231233.5430350304;0.0712107596;-1.4498159975;1.0539872579;0.7290311198;-0.0116200099;0.0051651002;0.6843624211;1620231233.5345740318;-0.0537146762;5.2450407769;1.4840950659;0.7068086870;0.0062533113;0.0071712025;-0.7073407594;1832;1620231233.571554513;1832
1620231233.5513539314;0.0709638447;-1.4499625394;1.0494876166;0.7291217055;-0.0116369736;0.0049753338;0.6842670279;1620231233.5430479050;-0.0537245077;5.2450381783;1.4840954283;0.7068124001;0.0062570371;0.0071753426;-0.7073369742;1832;1620231233.571554513;1832
1620231233.5594689846;0.0706539772;-1.4501062094;1.0450119580;0.7291526005;-0.0113718346;0.0049841311;0.6842385001;1620231233.5513660908;-0.0537420281;5.2450564434;1.4841004589;0.7068105866;0.0062705014;0.0071920997;-0.7073384969;1833;1620231233.597525809;1833
1620231233.5759360790;0.0700810936;-1.4504834906;1.0359897857;0.7293752687;-0.0111643048;0.0054016278;0.6840013875;1620231233.5594799519;-0.0537146561;5.2450515167;1.4841040581;0.7068120888;0.0062559545;0.0071740151;-0.7073373083;1833;1620231233.597525809;1833
1620231233.5846118927;0.0695898011;-1.4506585211;1.0316166859;0.7290518498;-0.0103811285;0.0058239294;0.6843549622;1620231233.5759639740;-0.0537161946;5.2450557974;1.4840896126;0.7068136192;0.0062766517;0.0071939473;-0.7073353932;1833;1620231233.597525809;1833
1620231233.5924279690;0.0692332667;-1.4508403091;1.0270813212;0.7289478167;-0.0103897859;0.0060035936;0.6844640895;1620231233.5846240520;-0.0537154513;5.2450485788;1.4840920484;0.7068104200;0.0062649782;0.0071847967;-0.7073387866;1833;1620231233.597525809;1833
1620231233.6013228893;0.0689758723;-1.4510000211;1.0225828202;0.7290565291;-0.0102315373;0.0062618222;0.6843483635;1620231233.5924379826;-0.0537242391;5.2450507700;1.4840877206;0.7068113165;0.0062739775;0.0071942492;-0.7073377149;1834;1620231233.623497217;1834
1620231233.6092910767;0.0687058873;-1.4511224755;1.0180918285;0.7290988602;-0.0104059010;0.0060901176;0.6843021846;1620231233.6013350487;-0.0537358087;5.2450605546;1.4840912236;0.7068089820;0.0062783427;0.0072020782;-0.7073399292;1834;1620231233.623497217;1834
1620231233.6257660389;0.0680202701;-1.4514485264;1.0092317579;0.7290060376;-0.0102501252;0.0064249178;0.6844003598;1620231233.6093020439;-0.0537203266;5.2450703198;1.4840940194;0.7068112012;0.0062816652;0.0072081289;-0.7073376205;1834;1620231233.623497217;1834
1620231233.6346809864;0.0676329191;-1.4516586808;1.0047369667;0.7290565184;-0.0099449329;0.0068611582;0.6843468534;1620231233.6257770061;-0.0537146995;5.2450668613;1.4840909121;0.7068107612;0.0062834579;0.0072075978;-0.7073380497;1835;1620231233.675439857;1835
1620231233.6423680782;0.0673210418;-1.4518423375;1.0003686715;0.7290722506;-0.0099756487;0.0069313272;0.6843289388;1620231233.6346929073;-0.0537084189;5.2450682278;1.4840906991;0.7068088518;0.0062827497;0.0072040259;-0.7073400003;1835;1620231233.675439857;1835
1620231233.6513199806;0.0670296776;-1.4520127370;0.9959780326;0.7290765077;-0.0098119400;0.0071487883;0.6843245330;1620231233.6423790455;-0.0537129933;5.2450679459;1.4840935905;0.7068077925;0.0062806956;0.0072048347;-0.7073410689;1835;1620231233.675439857;1835
1620231233.6596820354;0.0666363748;-1.4522226480;0.9916625829;0.7289615056;-0.0095038155;0.0076580960;0.6844458740;1620231233.6513390541;-0.0537338039;5.2450676911;1.4840994509;0.7068098201;0.0062845880;0.0072052287;-0.7073390042;1835;1620231233.675439857;1835
1620231233.6759159565;0.0659197951;-1.4525593530;0.9827426431;0.7287737759;-0.0098983685;0.0076055882;0.6846407532;1620231233.6596939564;-0.0537093471;5.2450549131;1.4840894521;0.7068091369;0.0062765051;0.0071963581;-0.7073398490;1836;1620231233.701411265;1836
1620231233.6851630211;0.0656364891;-1.4527178472;0.9784132638;0.7288013048;-0.0096605677;0.0076965149;0.6846138293;1620231233.6759281158;-0.0537189698;5.2450547225;1.4840952083;0.7068062459;0.0062717994;0.0071943861;-0.7073427995;1836;1620231233.701411265;1836
1620231233.7014648914;0.0650576189;-1.4530255251;0.9696464359;0.7286818822;-0.0094225263;0.0080490454;0.6847402014;1620231233.6851921082;-0.0537103935;5.2450532048;1.4840961467;0.7068042148;0.0062742935;0.0071948467;-0.7073448023;1837;1620231233.727382561;1837
1620231233.7091369629;0.0649199669;-1.4532428744;0.9651750443;0.7289255609;-0.0099080478;0.0084124490;0.6844695669;1620231233.7014870644;-0.0537168297;5.2450495166;1.4840959111;0.7068070106;0.0062720522;0.0071914601;-0.7073420630;1837;1620231233.727382561;1837
1620231233.7259800434;0.0642781143;-1.4535646120;0.9563362810;0.7287233985;-0.0095747187;0.0089014782;0.6846833552;1620231233.7091500759;-0.0537186265;5.2450510728;1.4840985759;0.7068022127;0.0062628727;0.0071863157;-0.7073469908;1837;1620231233.727382561;1837
1620231233.7347850800;0.0640639406;-1.4537566625;0.9519542791;0.7289084825;-0.0093682435;0.0094007147;0.6844824955;1620231233.7259919643;-0.0537430508;5.2450571463;1.4840989867;0.7068059997;0.0062722966;0.0071929659;-0.7073430556;1837;1620231233.727382561;1837
1620231233.7426149845;0.0636355623;-1.4538876477;0.9476751720;0.7286844868;-0.0092878922;0.0095289552;0.6847202734;1620231233.7348310947;-0.0537187407;5.2450619278;1.4840947426;0.7068029063;0.0062754279;0.0071968882;-0.7073460790;1838;1620231233.779325305;1838
1620231233.7513830662;0.0634569402;-1.4540612113;0.9432585036;0.7288808203;-0.0095775753;0.0096021153;0.6845062595;1620231233.7426280975;-0.0537360185;5.2450577070;1.4840971716;0.7068038975;0.0062707856;0.0071943323;-0.7073451557;1838;1620231233.779325305;1838
1620231233.7592930794;0.0632083802;-1.4542631277;0.9389242055;0.7288845326;-0.0097724698;0.0097531002;0.6844974171;1620231233.7513990402;-0.0537103812;5.2450574950;1.4840877617;0.7068051480;0.0062745695;0.0071970718;-0.7073438448;1838;1620231233.779325305;1838
1620231233.7762279510;0.0625757274;-1.4545907769;0.9303873857;0.7287008866;-0.0095648287;0.0094132759;0.6847006077;1620231233.7593169212;-0.0537391837;5.2450653059;1.4840932579;0.7068061873;0.0062768402;0.0072070559;-0.7073426844;1839;1620231233.805296609;1839
1620231233.7845990658;0.0623411404;-1.4547557526;0.9261771061;0.7287644016;-0.0095081145;0.0094937400;0.6846326837;1620231233.7762389183;-0.0537381133;5.2450590656;1.4840929962;0.7068067400;0.0062765496;0.0072035503;-0.7073421704;1839;1620231233.805296609;1839
1620231233.7927339077;0.0621710525;-1.4549721677;0.9218870910;0.7287819511;-0.0096818972;0.0094405320;0.6846123027;1620231233.7846119404;-0.0537084858;5.2450616039;1.4840916400;0.7068055553;0.0062769328;0.0072021012;-0.7073433656;1839;1620231233.805296609;1839
1620231233.8011980057;0.0617707792;-1.4550925883;0.9175938405;0.7287310247;-0.0092860988;0.0097991533;0.6846669546;1620231233.7927570343;-0.0537125360;5.2450660211;1.4840920782;0.7068043982;0.0062846628;0.0072091757;-0.7073443811;1839;1620231233.805296609;1839
1620231233.8092958927;0.0616063726;-1.4552716897;0.9132943310;0.7288177018;-0.0095199539;0.0097525336;0.6845721409;1620231233.8012111187;-0.0537310833;5.2450691802;1.4840927502;0.7068051239;0.0062823062;0.0072098121;-0.7073436704;1840;1620231233.857239361;1840
1620231233.8257210255;0.0610955900;-1.4555914064;0.9046989843;0.7287624023;-0.0099074563;0.0099202348;0.6846231023;1620231233.8093059063;-0.0537319655;5.2450689843;1.4840937647;0.7068050437;0.0062825878;0.0072075439;-0.7073437712;1840;1620231233.857239361;1840
1620231233.8345720768;0.0608160416;-1.4558082461;0.9003833748;0.7286896648;-0.0106594908;0.0100031447;0.6846880200;1620231233.8257479668;-0.0537372919;5.2450734789;1.4840936404;0.7068055122;0.0062830485;0.0072103680;-0.7073432701;1840;1620231233.857239361;1840
1620231233.8425459862;0.0607117272;-1.4559272446;0.8961909325;0.7289474544;-0.0110097921;0.0096849153;0.6844125916;1620231233.8345849514;-0.0537112417;5.2450751155;1.4840914571;0.7068060611;0.0062864883;0.0072137394;-0.7073426567;1840;1620231233.857239361;1840
1620231233.8510420322;0.0605501342;-1.4561012768;0.8919270478;0.7290710851;-0.0113657288;0.0096235161;0.6842759392;1620231233.8425569534;-0.0537096509;5.2450718939;1.4840925760;0.7068058817;0.0062825311;0.0072114769;-0.7073428942;1841;1620231233.883210785;1841
1620231233.8593180180;0.0603617115;-1.4562918171;0.8877507288;0.7291428128;-0.0116409473;0.0093760971;0.6841983160;1620231233.8510549068;-0.0537122754;5.2450716399;1.4840932737;0.7068087521;0.0062823988;0.0072068686;-0.7073400741;1841;1620231233.883210785;1841
1620231233.8762500286;0.0599057445;-1.4566495787;0.8793115260;0.7292392524;-0.0121536141;0.0085326330;0.6840976513;1620231233.8593399525;-0.0537191432;5.2450681773;1.4840905244;0.7068090508;0.0062831427;0.0072104215;-0.7073397329;1841;1620231233.883210785;1841
1620231233.8845980167;0.0595608741;-1.4567821896;0.8750784863;0.7292655810;-0.0118424241;0.0089572810;0.6840696137;1620231233.8762629032;-0.0537322914;5.2450643952;1.4840934800;0.7068058797;0.0062744236;0.0072080402;-0.7073430032;1842;1620231233.909182073;1842
1620231233.8926200867;0.0592718723;-1.4569156579;0.8709039319;0.7291567980;-0.0119236096;0.0085653620;0.6841891741;1620231233.8846108913;-0.0537167675;5.2450636728;1.4840891689;0.7068123744;0.0062813889;0.0072107272;-0.7073364241;1842;1620231233.909182073;1842
1620231233.9010210037;0.0591960916;-1.4570932569;0.8666981728;0.7292584779;-0.0124636710;0.0082548454;0.6840749863;1620231233.8926301003;-0.0537141466;5.2450594361;1.4840915423;0.7068122228;0.0062767995;0.0072046424;-0.7073366784;1842;1620231233.909182073;1842
1620231233.9094429016;0.0590301177;-1.4572666179;0.8624504009;0.7292775103;-0.0130198646;0.0079766664;0.6840476364;1620231233.9010350704;-0.0537260378;5.2450673445;1.4840911773;0.7068136933;0.0062796770;0.0072124985;-0.7073351034;1842;1620231233.909182073;1842
1620231233.9261939526;0.0585411430;-1.4575277251;0.8540872845;0.7292158287;-0.0135541294;0.0078832813;0.6841040963;1620231233.9094550610;-0.0537143425;5.2450654680;1.4840892916;0.7068129522;0.0062752332;0.0072065849;-0.7073359437;1843;1620231233.961124737;1843
1620231233.9342389107;0.0583157995;-1.4576878630;0.8498626263;0.7292545470;-0.0139357454;0.0076230151;0.6840581045;1620231233.9262061119;-0.0537203497;5.2450543866;1.4840871231;0.7068080764;0.0062645015;0.0071921564;-0.7073410578;1843;1620231233.961124737;1843
1620231233.9428689480;0.0581301502;-1.4578272563;0.8457723807;0.7293650869;-0.0140841780;0.0074022066;0.6839396270;1620231233.9342520237;-0.0537286720;5.2450456248;1.4840838577;0.7068101572;0.0062616441;0.0071822082;-0.7073391049;1843;1620231233.961124737;1843
1620231233.9511721134;0.0579387455;-1.4579880142;0.8416689734;0.7294707987;-0.0141193720;0.0070873679;0.6838294864;1620231233.9428811073;-0.0537228772;5.2450464201;1.4840844670;0.7068041835;0.0062569607;0.0071731614;-0.7073452073;1843;1620231233.961124737;1843
1620231233.9601609707;0.0576729481;-1.4581289766;0.8376120334;0.7293847219;-0.0142082244;0.0066498028;0.6839238510;1620231233.9512069225;-0.0537471882;5.2450465690;1.4840853833;0.7068065737;0.0062534094;0.0071752767;-0.7073428289;1844;1620231233.987096081;1844
1620231233.9764099121;0.0572648166;-1.4583672000;0.8294461941;0.7294012938;-0.0142297663;0.0058647697;0.6839129118;1620231233.9601869583;-0.0537246370;5.2450464693;1.4840827200;0.7068078315;0.0062588823;0.0071759595;-0.7073415168;1844;1620231233.987096081;1844
1620231233.9853670597;0.0570356127;-1.4585096230;0.8252699046;0.7293596034;-0.0142151594;0.0060715859;0.6839558713;1620231233.9764420986;-0.0537501222;5.2450412132;1.4840901984;0.7068150913;0.0062638862;0.0071899596;-0.7073340759;1844;1620231233.987096081;1844
1620231233.9939820766;0.0568221690;-1.4586593953;0.8212427328;0.7293808081;-0.0142829059;0.0060016397;0.6839324642;1620231233.9853930473;-0.0537454995;5.2450293403;1.4840952854;0.7068152371;0.0062524599;0.0071795046;-0.7073341375;1845;1620231234.039038881;1845
1620231234.0015399456;0.0565807478;-1.4588340449;0.8171187913;0.7294481761;-0.0144689197;0.0061890928;0.6838550313;1620231233.9940071106;-0.0537266106;5.2450289923;1.4840871459;0.7068162703;0.0062658211;0.0071916591;-0.7073328634;1845;1620231234.039038881;1845
1620231234.0099899769;0.0563013917;-1.4589435769;0.8130429060;0.7292355999;-0.0145820081;0.0061660768;0.6840795161;1620231234.0015680790;-0.0537147238;5.2450290595;1.4840863680;0.7068102088;0.0062629531;0.0071862416;-0.7073390008;1845;1620231234.039038881;1845
1620231234.0270490646;0.0559862444;-1.4592045710;0.8049268808;0.7294947210;-0.0147930665;0.0062586119;0.6837978115;1620231234.0100159645;-0.0537359643;5.2450272282;1.4840916579;0.7068085497;0.0062606127;0.0071854580;-0.7073406874;1845;1620231234.039038881;1845
1620231234.0352149010;0.0556616539;-1.4593428201;0.8008629119;0.7293711820;-0.0147618894;0.0062554658;0.6839302849;1620231234.0270600319;-0.0537114337;5.2450338476;1.4840903849;0.7068061151;0.0062631058;0.0071866495;-0.7073430860;1846;1620231234.065010161;1846
1620231234.0439980030;0.0555505883;-1.4594438514;0.7969447080;0.7295348887;-0.0148255863;0.0057813351;0.6837584547;1620231234.0352430344;-0.0537224841;5.2450340335;1.4840879907;0.7068107539;0.0062623011;0.0071888013;-0.7073384359;1846;1620231234.065010161;1846
1620231234.0522708893;0.0553969400;-1.4595897876;0.7929313615;0.7296717578;-0.0148100710;0.0056600888;0.6836137440;1620231234.0440080166;-0.0537492270;5.2450426215;1.4840968092;0.7068126816;0.0062640298;0.0071927566;-0.7073364542;1846;1620231234.065010161;1846
1620231234.0604031086;0.0551938668;-1.4597466974;0.7888591385;0.7297677841;-0.0146326794;0.0058888635;0.6835131215;1620231234.0523018837;-0.0537226712;5.2450425945;1.4840923110;0.7068107796;0.0062633158;0.0071883467;-0.7073384058;1846;1620231234.065010161;1846
1620231234.0686700344;0.0550050947;-1.4598737273;0.7848683653;0.7298278148;-0.0144450914;0.0060401009;0.6834516934;1620231234.0604279041;-0.0537440679;5.2450355881;1.4840963878;0.7068111033;0.0062565104;0.0071811006;-0.7073382162;1847;1620231234.090981561;1847
1620231234.0861821175;0.0544694572;-1.4600842585;0.7769721987;0.7298190031;-0.0140641356;0.0060306769;0.6834691315;1620231234.0687000751;-0.0537215218;5.2450343477;1.4840917833;0.7068118525;0.0062610440;0.0071807649;-0.7073374308;1847;1620231234.090981561;1847
1620231234.0937778950;0.0541050901;-1.4601881387;0.7730640940;0.7296247946;-0.0139276750;0.0060031338;0.6836794873;1620231234.0862081051;-0.0537542694;5.2450320247;1.4840980403;0.7068114508;0.0062531214;0.0071793608;-0.7073379167;1847;1620231234.090981561;1847
1620231234.1023659706;0.0538336228;-1.4602616474;0.7691691513;0.7295043108;-0.0138454538;0.0058418025;0.6838111123;1620231234.0938029289;-0.0537272666;5.2450331562;1.4840949620;0.7068142203;0.0062604469;0.0071825570;-0.7073350520;1848;1620231234.142924249;1848
1620231234.1108589172;0.0535132437;-1.4603158628;0.7652503501;0.7292918835;-0.0135994190;0.0057995713;0.6840429588;1620231234.1023828983;-0.0537343753;5.2450273505;1.4840949506;0.7068123991;0.0062535933;0.0071802126;-0.7073369562;1848;1620231234.142924249;1848
1620231234.1270880699;0.0529814571;-1.4605276527;0.7574704011;0.7291565252;-0.0132132346;0.0057769871;0.6841950004;1620231234.1108839512;-0.0537379429;5.2450374781;1.4840984442;0.7068103373;0.0062619219;0.0071907599;-0.7073388356;1848;1620231234.142924249;1848
1620231234.1358339787;0.0527592797;-1.4606208873;0.7535943482;0.7291100817;-0.0129320721;0.0054972215;0.6842521690;1620231234.1271119118;-0.0537366945;5.2450400543;1.4840931755;0.7068139199;0.0062631833;0.0071890513;-0.7073352619;1848;1620231234.142924249;1848
1620231234.1431469917;0.0524867677;-1.4607607599;0.7496348051;0.7291350016;-0.0128064152;0.0057436209;0.6842259539;1620231234.1358590126;-0.0537370436;5.2450407927;1.4840954585;0.7068157542;0.0062587992;0.0071834691;-0.7073335245;1849;1620231234.168895641;1849
1620231234.1519269943;0.0523415636;-1.4608715852;0.7457278387;0.7293026785;-0.0128332106;0.0056641925;0.6840473878;1620231234.1431720257;-0.0537589284;5.2450438278;1.4841021664;0.7068143652;0.0062561697;0.0071851939;-0.7073349182;1849;1620231234.168895641;1849
1620231234.1600821018;0.0519416558;-1.4609588447;0.7418015675;0.7290869179;-0.0124793014;0.0059647442;0.6842813420;1620231234.1519539356;-0.0537385595;5.2450350410;1.4841045551;0.7068124879;0.0062464262;0.0071748781;-0.7073369849;1849;1620231234.168895641;1849
1620231234.1770579815;0.0515401805;-1.4611581271;0.7340184789;0.7291775884;-0.0124498010;0.0059985924;0.6841849632;1620231234.1601068974;-0.0537605562;5.2450373793;1.4841095211;0.7068106720;0.0062430556;0.0071767779;-0.7073388099;1849;1620231234.168895641;1849
1620231234.1851000786;0.0512835681;-1.4612414416;0.7301262474;0.7291418194;-0.0123579290;0.0061131708;0.6842237339;1620231234.1770849228;-0.0537351982;5.2450438328;1.4841032391;0.7068089752;0.0062464869;0.0071751603;-0.7073404916;1850;1620231234.220838281;1850
1620231234.1934750080;0.0509616570;-1.4613409144;0.7262393015;0.7289634122;-0.0123311258;0.0062209465;0.6844133158;1620231234.1851119995;-0.0537354341;5.2450512534;1.4840973422;0.7068119447;0.0062643019;0.0071902124;-0.7073372140;1850;1620231234.220838281;1850
1620231234.2019770145;0.0507187616;-1.4614305603;0.7223774734;0.7290769096;-0.0121400482;0.0063594800;0.6842945537;1620231234.1934978962;-0.0537353954;5.2450507579;1.4840940078;0.7068114254;0.0062585576;0.0071860086;-0.7073378264;1850;1620231234.220838281;1850
1620231234.2104289532;0.0506982206;-1.4616399470;0.7183549352;0.7293825843;-0.0124551235;0.0066865465;0.6839599445;1620231234.2020049095;-0.0537370640;5.2450487638;1.4840950361;0.7068106651;0.0062570998;0.0071854089;-0.7073386051;1851;1620231234.246809689;1851
1620231234.2270150185;0.0501227444;-1.4618189404;0.7107366980;0.7293529568;-0.0118409303;0.0067301289;0.6840020191;1620231234.2104549408;-0.0537654526;5.2450627356;1.4840988070;0.7068098193;0.0062679147;0.0071946285;-0.7073392608;1851;1620231234.246809689;1851
1620231234.2350580692;0.0499230637;-1.4619094699;0.7069127122;0.7294513941;-0.0116632094;0.0067087789;0.6839003038;1620231234.2270369530;-0.0537510918;5.2450527720;1.4840973349;0.7068133248;0.0062640657;0.0071948588;-0.7073357897;1851;1620231234.246809689;1851
1620231234.2432959080;0.0496856668;-1.4620498932;0.7030999293;0.7294456909;-0.0114321257;0.0069142898;0.6839082418;1620231234.2350850105;-0.0537390232;5.2450519783;1.4840922910;0.7068138714;0.0062664490;0.0071913743;-0.7073352579;1851;1620231234.246809689;1851
1620231234.2525079250;0.0493874401;-1.4621550481;0.6993617965;0.7294087304;-0.0109698925;0.0070004510;0.6839543546;1620231234.2433209419;-0.0537565560;5.2450500530;1.4840984436;0.7068104030;0.0062602364;0.0071859061;-0.7073388342;1852;1620231234.272781017;1852
1620231234.2605140209;0.0493181269;-1.4622861237;0.6955368638;0.7297562421;-0.0108428789;0.0071351412;0.6835841930;1620231234.2525451183;-0.0537421088;5.2450485128;1.4840918179;0.7068146620;0.0062618262;0.0071882403;-0.7073345406;1852;1620231234.272781017;1852
1620231234.2771549225;0.0486406334;-1.4625094531;0.6878529871;0.7294850493;-0.0107032672;0.0074332188;0.6838726126;1620231234.2605249882;-0.0537299807;5.2450494702;1.4840929557;0.7068121859;0.0062585499;0.0071845672;-0.7073370812;1852;1620231234.272781017;1852
1620231234.2857511044;0.0484410264;-1.4626343238;0.6840679934;0.7295179770;-0.0106511446;0.0075606142;0.6838369041;1620231234.2771699429;-0.0537606059;5.2450517843;1.4840957255;0.7068139103;0.0062584639;0.0071856846;-0.7073353475;1852;1620231234.272781017;1852
1620231234.2935009003;0.0481539594;-1.4627195518;0.6802610801;0.7294214276;-0.0105316389;0.0076238338;0.6839410375;1620231234.2857849598;-0.0537684057;5.2450446188;1.4840936950;0.7068156868;0.0062584366;0.0071827989;-0.7073336018;1853;1620231234.324723737;1853
1620231234.3021941185;0.0479767553;-1.4628082400;0.6764990150;0.7295345948;-0.0103226298;0.0076592886;0.6838231157;1620231234.2935268879;-0.0537522036;5.2450498252;1.4840962123;0.7068130599;0.0062570530;0.0071812566;-0.7073362547;1853;1620231234.324723737;1853
1620231234.3189051151;0.0477066636;-1.4629844474;0.6690653846;0.7298439280;-0.0098481068;0.0076237349;0.6835003542;1620231234.3022210598;-0.0537391734;5.2450513672;1.4840915063;0.7068149091;0.0062585320;0.0071827590;-0.7073343785;1854;1620231234.350695065;1854
1620231234.3353700638;0.0471293645;-1.4632691109;0.6613146912;0.7296329521;-0.0098745945;0.0083301743;0.6837169413;1620231234.3189659119;-0.0537341518;5.2450536947;1.4840825279;0.7068143375;0.0062644612;0.0071872747;-0.7073348513;1854;1620231234.350695065;1854
1620231234.3439550400;0.0468812164;-1.4633574303;0.6575483415;0.7296383392;-0.0097938545;0.0083520318;0.6837120870;1620231234.3353970051;-0.0537268234;5.2450566382;1.4840818389;0.7068136398;0.0062626793;0.0071843413;-0.7073355941;1854;1620231234.350695065;1854
1620231234.3530170918;0.0466559876;-1.4634863295;0.6538000593;0.7296421677;-0.0099607631;0.0082590975;0.6837067190;1620231234.3439919949;-0.0537302121;5.2450531283;1.4840829283;0.7068149422;0.0062592515;0.0071827397;-0.7073343393;1854;1620231234.350695065;1854
1620231234.3605649471;0.0463291532;-1.4635982021;0.6500882106;0.7294938773;-0.0098216853;0.0083190910;0.6838662224;1620231234.3530430794;-0.0537217721;5.2450585709;1.4840897771;0.7068146839;0.0062650633;0.0071810089;-0.7073345635;1855;1620231234.402637761;1855
1620231234.3770720959;0.0458397641;-1.4637638248;0.6426575940;0.7292944317;-0.0097621587;0.0083060960;0.6840799229;1620231234.3605909348;-0.0537197993;5.2450592334;1.4840924867;0.7068128705;0.0062623883;0.0071841298;-0.7073363675;1855;1620231234.402637761;1855
1620231234.3935570717;0.0455055235;-1.4639860404;0.6349807966;0.7292947529;-0.0102276885;0.0084571918;0.6840709273;1620231234.3770840168;-0.0537234077;5.2450669129;1.4840904978;0.7068137522;0.0062703674;0.0071887269;-0.7073353691;1855;1620231234.402637761;1855
1620231234.4019720554;0.0452948669;-1.4641189426;0.6312962926;0.7292080673;-0.0101113098;0.0087113659;0.6841618727;1620231234.3935968876;-0.0537229947;5.2450729336;1.4840880934;0.7068142001;0.0062688652;0.0071852473;-0.7073349702;1856;1620231234.428609217;1856
1620231234.4098360538;0.0450791039;-1.4642915220;0.6275297675;0.7291015076;-0.0101798616;0.0091868507;0.6842681958;1620231234.4019970894;-0.0537240472;5.2450765028;1.4840847190;0.7068133279;0.0062759716;0.0071928659;-0.7073357013;1856;1620231234.428609217;1856
1620231234.4191200733;0.0449028498;-1.4643250576;0.6238075492;0.7291958576;-0.0099556910;0.0090679190;0.6841725355;1620231234.4098610878;-0.0537292052;5.2450694434;1.4840828924;0.7068101431;0.0062682490;0.0071858880;-0.7073390231;1856;1620231234.428609217;1856
1620231234.4349730015;0.0443549587;-1.4647646281;0.6161167122;0.7288663462;-0.0105778496;0.0100028917;0.6845012057;1620231234.4191470146;-0.0537286370;5.2450767609;1.4840861603;0.7068095816;0.0062735912;0.0071878416;-0.7073395170;1857;1620231234.480551913;1857
1620231234.4436070919;0.0442494455;-1.4648222023;0.6125525723;0.7289679168;-0.0104024231;0.0097268823;0.6843997031;1620231234.4349999428;-0.0537552987;5.2450678012;1.4840927921;0.7068101528;0.0062694552;0.0071889114;-0.7073389720;1857;1620231234.480551913;1857
1620231234.4521501064;0.0441481041;-1.4648966113;0.6089370998;0.7289469928;-0.0103491609;0.0094441951;0.6844267556;1620231234.4436318874;-0.0537536807;5.2450599573;1.4840942456;0.7068069142;0.0062592055;0.0071813710;-0.7073423756;1857;1620231234.480551913;1857
1620231234.4603610039;0.0440766541;-1.4650290199;0.6052912741;0.7290813783;-0.0102809684;0.0093362642;0.6842861096;1620231234.4521749020;-0.0537295690;5.2450609042;1.4840920946;0.7068069748;0.0062614826;0.0071809701;-0.7073422989;1857;1620231234.480551913;1857
1620231234.4772949219;0.0438782909;-1.4652761905;0.5980498330;0.7292460658;-0.0100663777;0.0093349261;0.6841138083;1620231234.4604001045;-0.0537342344;5.2450550587;1.4840906120;0.7068048358;0.0062525298;0.0071776895;-0.7073445488;1858;1620231234.506523233;1858
1620231234.4938580990;0.0436190258;-1.4655739004;0.5907452047;0.7291039610;-0.0099847022;0.0096199881;0.6842625049;1620231234.4773180485;-0.0537294331;5.2450512451;1.4840898066;0.7068049694;0.0062527898;0.0071758934;-0.7073444312;1858;1620231234.506523233;1858
1620231234.5022089481;0.0435846399;-1.4656951929;0.5870968098;0.7292179595;-0.0100219259;0.0097000524;0.6841393407;1620231234.4938809872;-0.0537183302;5.2450476700;1.4840922880;0.7068037036;0.0062552314;0.0071703492;-0.7073457307;1858;1620231234.506523233;1858
1620231234.5103900433;0.0434845950;-1.4658147677;0.5834876270;0.7292425307;-0.0100149817;0.0097063015;0.6841131626;1620231234.5022339821;-0.0537202372;5.2450419568;1.4840938764;0.7068022520;0.0062486746;0.0071669667;-0.7073472735;1859;1620231234.532494561;1859
1620231234.5267610550;0.0432182787;-1.4660253256;0.5761827124;0.7290698013;-0.0103319405;0.0097570151;0.6842918065;1620231234.5104169846;-0.0537208869;5.2450362661;1.4840936386;0.7068009013;0.0062403035;0.0071637251;-0.7073487298;1859;1620231234.532494561;1859
1620231234.5354139805;0.0430267633;-1.4661541661;0.5725602051;0.7289661273;-0.0105662427;0.0098489750;0.6843973534;1620231234.5267779827;-0.0537173198;5.2450369862;1.4840891749;0.7068039660;0.0062479849;0.0071677440;-0.7073455590;1859;1620231234.532494561;1859
1620231234.5436110497;0.0429626822;-1.4663040574;0.5689845424;0.7290145895;-0.0107788644;0.0097414366;0.6843439550;1620231234.5354321003;-0.0537388268;5.2450425277;1.4840891033;0.7068048548;0.0062555989;0.0071788152;-0.7073444913;1860;1620231234.584437225;1860
1620231234.5522239208;0.0428827136;-1.4662851367;0.5654205783;0.7291381769;-0.0106125819;0.0094164164;0.6842194262;1620231234.5436339378;-0.0537188189;5.2450419008;1.4840802383;0.7068056869;0.0062554037;0.0071751327;-0.7073436989;1860;1620231234.584437225;1860
1620231234.5598199368;0.0428390042;-1.4664486655;0.5620503228;0.7292118502;-0.0103145543;0.0093602924;0.6841462361;1620231234.5522489548;-0.0537250384;5.2450263501;1.4840817223;0.7068086857;0.0062483144;0.0071681434;-0.7073408359;1860;1620231234.584437225;1860
1620231234.5684099197;0.0426622211;-1.4665715296;0.5582387082;0.7289840179;-0.0108125971;0.0098016738;0.6843751285;1620231234.5598299503;-0.0537192405;5.2450339480;1.4840880823;0.7068084209;0.0062493095;0.0071691676;-0.7073410813;1860;1620231234.584437225;1860
1620231234.5770080090;0.0426985928;-1.4667025885;0.5546613214;0.7290986454;-0.0110841004;0.0099704187;0.6842462267;1620231234.5684359074;-0.0537257578;5.2450328188;1.4840897364;0.7068079347;0.0062515173;0.0071754134;-0.7073414843;1861;1620231234.610408617;1861
1620231234.5937709808;0.0424082092;-1.4668775401;0.5474818254;0.7287983572;-0.0114479726;0.0103742901;0.6845540684;1620231234.5770320892;-0.0537169544;5.2450371048;1.4840944276;0.7068071810;0.0062537118;0.0071748835;-0.7073422234;1861;1620231234.610408617;1861
1620231234.6022369862;0.0422511266;-1.4669625317;0.5438016898;0.7286677238;-0.0118051890;0.0106130373;0.6846833934;1620231234.5937969685;-0.0537233813;5.2450377449;1.4840919784;0.7068101271;0.0062523894;0.0071750457;-0.7073392895;1861;1620231234.610408617;1861
1620231234.6102249622;0.0422493786;-1.4670512274;0.5401099682;0.7287478748;-0.0124151515;0.0107493212;0.6845851671;1620231234.6022629738;-0.0537275294;5.2450431828;1.4840918781;0.7068104722;0.0062539180;0.0071789238;-0.7073388919;1861;1620231234.610408617;1861
1620231234.6274049282;0.0420645224;-1.4672422583;0.5328493011;0.7286763433;-0.0129620894;0.0107670668;0.6846508900;1620231234.6102480888;-0.0537213955;5.2450391029;1.4840899241;0.7068119710;0.0062538757;0.0071726480;-0.7073374582;1862;1620231234.662351337;1862
1620231234.6353619099;0.0421076144;-1.4673253892;0.5292063997;0.7288721350;-0.0131251895;0.0106308655;0.6844414693;1620231234.6274840832;-0.0537289547;5.2450447656;1.4840890954;0.7068129679;0.0062589144;0.0071782019;-0.7073363612;1862;1620231234.662351337;1862
1620231234.6433460712;0.0419920369;-1.4673990974;0.5255690591;0.7287839360;-0.0130691700;0.0105297452;0.6845380164;1620231234.6353979111;-0.0537521974;5.2450327554;1.4840943719;0.7068156263;0.0062492500;0.0071698358;-0.7073338751;1862;1620231234.662351337;1862
1620231234.6519229412;0.0418544706;-1.4675008043;0.5218979724;0.7286283515;-0.0128727459;0.0105235910;0.6847074352;1620231234.6433560848;-0.0537377991;5.2450354638;1.4840922732;0.7068113608;0.0062543288;0.0071771770;-0.7073380181;1863;1620231234.688322689;1863
1620231234.6605660915;0.0418690699;-1.4675835506;0.5182621837;0.7286937960;-0.0127676294;0.0102631389;0.6846437083;1620231234.6519489288;-0.0537613453;5.2450345294;1.4841011305;0.7068131189;0.0062491514;0.0071726225;-0.7073363532;1863;1620231234.688322689;1863
1620231234.6773810387;0.0418293306;-1.4677602721;0.5107717103;0.7286270108;-0.0126407183;0.0101946068;0.6847181620;1620231234.6605920792;-0.0537357836;5.2450366730;1.4840953449;0.7068119826;0.0062482162;0.0071744357;-0.7073374786;1863;1620231234.688322689;1863
1620231234.6852750778;0.0418519182;-1.4677947130;0.5069580779;0.7287143380;-0.0128070054;0.0098605549;0.6846270253;1620231234.6774070263;-0.0537314821;5.2450321797;1.4840920602;0.7068108381;0.0062417451;0.0071623540;-0.7073388018;1863;1620231234.688322689;1863
1620231234.6939959526;0.0418349789;-1.4678412724;0.5031435287;0.7286891737;-0.0130224869;0.0097392201;0.6846514811;1620231234.6852869987;-0.0537266505;5.2450600279;1.4840802328;0.7068102424;0.0062721998;0.0071931634;-0.7073388149;1864;1620231234.714294025;1864
1620231234.7020449638;0.0418662767;-1.4678892578;0.4992709723;0.7287839138;-0.0134039507;0.0096220808;0.6845449267;1620231234.6940209866;-0.0537357169;5.2450661796;1.4840910786;0.7068132870;0.0062613901;0.0071868217;-0.7073359329;1864;1620231234.714294025;1864
1620231234.7105150223;0.0418310413;-1.4679550920;0.4954080696;0.7287970479;-0.0137338897;0.0095820993;0.6845249642;1620231234.7020699978;-0.0537265828;5.2450629242;1.4840908515;0.7068197536;0.0062644706;0.0071850983;-0.7073294612;1864;1620231234.714294025;1864
1620231234.7184801102;0.0418960879;-1.4679893616;0.4916128049;0.7289864956;-0.0139618912;0.0092170936;0.6843236077;1620231234.7105410099;-0.0537284643;5.2450625194;1.4840891465;0.7068175391;0.0062622881;0.0071850792;-0.7073316936;1864;1620231234.714294025;1864
1620231234.7274570465;0.0419160936;-1.4680345000;0.4878446211;0.7290674746;-0.0142072290;0.0088903929;0.6842366060;1620231234.7184910774;-0.0537325163;5.2450568341;1.4840917080;0.7068147333;0.0062568741;0.0071827619;-0.7073345689;1865;1620231234.766236793;1865
1620231234.7439088821;0.0418948677;-1.4681131299;0.4802072149;0.7290352754;-0.0145395899;0.0086042360;0.6842675899;1620231234.7274839878;-0.0537415850;5.2450410140;1.4840900939;0.7068159330;0.0062507805;0.0071766249;-0.7073334862;1865;1620231234.766236793;1865
1620231234.7521719933;0.0421065158;-1.4682700413;0.4763778163;0.7293853584;-0.0149139325;0.0085678583;0.6838868075;1620231234.7439200878;-0.0537350204;5.2450351731;1.4840861533;0.7068153408;0.0062577074;0.0071786392;-0.7073339963;1865;1620231234.766236793;1865
1620231234.7600340843;0.0423454830;-1.4682431684;0.4728171365;0.7296999007;-0.0148157803;0.0078918247;0.6835614578;1620231234.7521829605;-0.0537376394;5.2450397783;1.4840872398;0.7068152535;0.0062600086;0.0071839204;-0.7073340095;1866;1620231234.792208105;1866
1620231234.7770509720;0.0423762755;-1.4682299149;0.4651790206;0.7297956455;-0.0154062726;0.0074333332;0.6834513209;1620231234.7600600719;-0.0537394456;5.2450468687;1.4840904391;0.7068116610;0.0062612504;0.0071812910;-0.7073376151;1866;1620231234.792208105;1866
1620231234.7853291035;0.0418721102;-1.4681701161;0.4612213349;0.7291146022;-0.0154411514;0.0081134021;0.6841693068;1620231234.7770769596;-0.0537285762;5.2450641067;1.4840878282;0.7068092518;0.0062692445;0.0071883628;-0.7073398798;1866;1620231234.792208105;1866
1620231234.7934300900;0.0418170601;-1.4680825069;0.4574671298;0.7289020936;-0.0157124003;0.0079151214;0.6843918536;1620231234.7853770256;-0.0537284371;5.2450701316;1.4840918157;0.7068125328;0.0062687907;0.0071896245;-0.7073365925;1866;1620231234.792208105;1866
1620231234.8019530773;0.0417933946;-1.4680937040;0.4537490377;0.7288616264;-0.0159853703;0.0076783255;0.6844313266;1620231234.7934548855;-0.0537297281;5.2450687483;1.4840911142;0.7068144466;0.0062648048;0.0071854716;-0.7073347576;1867;1620231234.844150801;1867
1620231234.8102569580;0.0418083839;-1.4680590093;0.4500611841;0.7289650716;-0.0161074483;0.0074676589;0.6843206183;1620231234.8019680977;-0.0537336353;5.2450722837;1.4840895351;0.7068181952;0.0062726593;0.0071918898;-0.7073308769;1867;1620231234.844150801;1867
1620231234.8271389008;0.0417526474;-1.4680220708;0.4428539779;0.7289194636;-0.0160452160;0.0068737265;0.6843768834;1620231234.8102829456;-0.0537317044;5.2450681425;1.4840892402;0.7068158231;0.0062687413;0.0071917383;-0.7073332836;1867;1620231234.844150801;1867
1620231234.8432118893;0.0418534777;-1.4679737489;0.4356432210;0.7291937385;-0.0162722297;0.0064470142;0.6840834323;1620231234.8271629810;-0.0537276928;5.2450707343;1.4840822502;0.7068112528;0.0062731243;0.0071907100;-0.7073378221;1868;1620231234.870122209;1868
1620231234.8513789177;0.0417670832;-1.4679474883;0.4319398152;0.7291558803;-0.0163390620;0.0065846387;0.6841208810;1620231234.8432230949;-0.0537575125;5.2450741756;1.4840858521;0.7068164673;0.0062736709;0.0071924743;-0.7073325886;1868;1620231234.870122209;1868
1620231234.8599300385;0.0421911153;-1.4679331852;0.4285199404;0.7297064965;-0.0167884776;0.0053962148;0.6835330693;1620231234.8514130116;-0.0537327733;5.2450595316;1.4840830970;0.7068156234;0.0062620656;0.0071779886;-0.7073336819;1868;1620231234.870122209;1868
1620231234.8762109280;0.0421929370;-1.4677639959;0.4211392880;0.7297816230;-0.0170671713;0.0049221333;0.6834495351;1620231234.8599550724;-0.0537555100;5.2450640458;1.4840891972;0.7068150223;0.0062615248;0.0071820903;-0.7073342457;1868;1620231234.870122209;1868
1620231234.8847670555;0.0421791531;-1.4677062872;0.4174317155;0.7297790279;-0.0169403830;0.0049581327;0.6834552003;1620231234.8762259483;-0.0537329698;5.2450437185;1.4840860638;0.7068137802;0.0062477803;0.0071687677;-0.7073357436;1869;1620231234.922064841;1869
1620231234.8924710751;0.0421236111;-1.4675960284;0.4138059204;0.7298411803;-0.0165775268;0.0047452739;0.6833992388;1620231234.8847899437;-0.0537554556;5.2450488021;1.4840922814;0.7068145623;0.0062519220;0.0071750136;-0.7073348621;1869;1620231234.922064841;1869
1620231234.9017329216;0.0420915594;-1.4675253162;0.4101135251;0.7298420534;-0.0163750662;0.0045362257;0.6834046071;1620231234.8924820423;-0.0537530864;5.2450509479;1.4840940172;0.7068125739;0.0062510304;0.0071763615;-0.7073368433;1869;1620231234.922064841;1869
1620231234.9091789722;0.0419150066;-1.4674935689;0.4062203360;0.7296786579;-0.0161304205;0.0050546351;0.6835812435;1620231234.9017529488;-0.0537295791;5.2450461405;1.4840886481;0.7068141886;0.0062555739;0.0071760091;-0.7073351931;1870;1620231234.948036257;1870
1620231234.9180130959;0.0419616223;-1.4673570720;0.4025849430;0.7298136925;-0.0156793267;0.0047295264;0.6834498991;1620231234.9091899395;-0.0537571175;5.2450466504;1.4840972718;0.7068116973;0.0062479374;0.0071737809;-0.7073377727;1870;1620231234.948036257;1870
1620231234.9264760017;0.0421057833;-1.4672372312;0.3990480240;0.7301308353;-0.0149546624;0.0043121521;0.6831300950;1620231234.9180390835;-0.0537324617;5.2450511229;1.4840918944;0.7068111879;0.0062547230;0.0071813345;-0.7073381451;1870;1620231234.948036257;1870
1620231234.9435119629;0.0419458624;-1.4670590134;0.3916335657;0.7300046740;-0.0140135142;0.0042997190;0.6832849404;1620231234.9265010357;-0.0537469842;5.2450498287;1.4840971421;0.7068094201;0.0062526810;0.0071786642;-0.7073399568;1870;1620231234.948036257;1870
1620231234.9514200687;0.0418090832;-1.4670235608;0.3876969939;0.7297123055;-0.0140985939;0.0045095205;0.6835940646;1620231234.9435288906;-0.0537537083;5.2450480814;1.4840975722;0.7068081939;0.0062453641;0.0071758983;-0.7073412747;1871;1620231234.974007537;1871
1620231234.9595808983;0.0417762940;-1.4669303531;0.3840581671;0.7297017398;-0.0133840946;0.0045415662;0.6836194929;1620231234.9514520168;-0.0537493236;5.2450534429;1.4840934307;0.7068074992;0.0062573939;0.0071840872;-0.7073417795;1871;1620231234.974007537;1871
1620231234.9760229588;0.0415948142;-1.4667910658;0.3766699505;0.7291769386;-0.0123358717;0.0042629840;0.6842007347;1620231234.9595980644;-0.0537471584;5.2450476141;1.4840983655;0.7068056326;0.0062451432;0.0071716613;-0.7073438790;1871;1620231234.974007537;1871
1620231234.9846470356;0.0416587616;-1.4666088536;0.3731603277;0.7293810208;-0.0112940757;0.0038253730;0.6840037550;1620231234.9760670662;-0.0537460170;5.2450543516;1.4840957062;0.7068032489;0.0062490367;0.0071720706;-0.7073462224;1871;1620231234.974007537;1871
1620231234.9930760860;0.0414792513;-1.4665002173;0.3694141430;0.7291806484;-0.0107731200;0.0041032373;0.6842241485;1620231234.9846739769;-0.0537187359;5.2450571835;1.4840898753;0.7068046002;0.0062548308;0.0071763575;-0.7073447774;1872;1620231235.025950265;1872
1620231235.0015161037;0.0412763489;-1.4664424148;0.3654144839;0.7289263260;-0.0106825573;0.0047981534;0.6844919809;1620231234.9930899143;-0.0537274881;5.2450685317;1.4840902973;0.7068075967;0.0062665066;0.0071891883;-0.7073415495;1872;1620231235.025950265;1872
1620231235.0096499920;0.0412987617;-1.4663240587;0.3615155509;0.7290088598;-0.0107047808;0.0051281439;0.6844013385;1620231235.0015509129;-0.0537468296;5.2450707563;1.4840938739;0.7068114346;0.0062637715;0.0071923268;-0.7073377068;1872;1620231235.025950265;1872
1620231235.0262749195;0.0410370084;-1.4660615359;0.3538617170;0.7288834794;-0.0103910643;0.0056051356;0.6845359609;1620231235.0096681118;-0.0537464022;5.2450790703;1.4840911878;0.7068132665;0.0062706363;0.0071997115;-0.7073357404;1872;1620231235.025950265;1872
1620231235.0428609848;0.0411282674;-1.4658326668;0.3464395356;0.7289917141;-0.0109326252;0.0047115660;0.6844189942;1620231235.0262999535;-0.0537207610;5.2450703377;1.4840873354;0.7068118680;0.0062705636;0.0071953944;-0.7073371824;1873;1620231235.051921593;1873
1620231235.0512709618;0.0410472921;-1.4657210276;0.3424693411;0.7291730398;-0.0108984601;0.0052695273;0.6842222838;1620231235.0428769588;-0.0537294539;5.2450661113;1.4840810011;0.7068118217;0.0062725799;0.0071980244;-0.7073371840;1873;1620231235.051921593;1873
1620231235.0596890450;0.0407694573;-1.4656631075;0.3384627443;0.7287456006;-0.0112328755;0.0057120727;0.6846685653;1620231235.0512969494;-0.0537544378;5.2450629343;1.4840870885;0.7068130320;0.0062690050;0.0071961162;-0.7073360257;1873;1620231235.051921593;1873
1620231235.0758969784;0.0406195195;-1.4654125171;0.3309457456;0.7286752977;-0.0110340724;0.0053454244;0.6847495792;1620231235.0597050190;-0.0537276803;5.2450701083;1.4840894825;0.7068114789;0.0062706753;0.0071958277;-0.7073375658;1874;1620231235.103864329;1874
1620231235.0843379498;0.0406601994;-1.4653391550;0.3271583803;0.7288487244;-0.0108670541;0.0053355796;0.6845677291;1620231235.0759079456;-0.0537548003;5.2450699701;1.4840940692;0.7068111460;0.0062716821;0.0072000095;-0.7073378470;1874;1620231235.103864329;1874
1620231235.0926880836;0.0407716387;-1.4651503940;0.3236619832;0.7290936523;-0.0101405250;0.0047566996;0.6843222849;1620231235.0843710899;-0.0537261249;5.2450691663;1.4840883242;0.7068152317;0.0062783781;0.0072012369;-0.7073336924;1874;1620231235.103864329;1874
1620231235.1009020805;0.0405712031;-1.4651074855;0.3196861628;0.7287682087;-0.0098104495;0.0055308214;0.6846678487;1620231235.0927031040;-0.0537363919;5.2450733025;1.4840964137;0.7068120140;0.0062728354;0.0071988680;-0.7073369810;1875;1620231235.129835721;1875
1620231235.1089999676;0.0405989349;-1.4649943753;0.3159457539;0.7287596807;-0.0091636894;0.0057474259;0.6846841035;1620231235.1009149551;-0.0537215763;5.2450780990;1.4840911101;0.7068148606;0.0062810517;0.0072050682;-0.7073340005;1875;1620231235.129835721;1875
1620231235.1266839504;0.0406343101;-1.4646995593;0.3083787224;0.7290461021;-0.0078267212;0.0066249490;0.6843877801;1620231235.1090109348;-0.0537400053;5.2450723736;1.4840927419;0.7068167685;0.0062780366;0.0071988370;-0.7073321842;1875;1620231235.129835721;1875
1620231235.1425490379;0.0405126050;-1.4644582006;0.3009453380;0.7289279618;-0.0068815926;0.0071024837;0.6845189734;1620231235.1266999245;-0.0537452360;5.2450643029;1.4840925507;0.7068130586;0.0062709200;0.0071964901;-0.7073359784;1876;1620231235.181778377;1876
1620231235.1507840157;0.0407543419;-1.4643853476;0.2971923982;0.7293939516;-0.0069017235;0.0072358614;0.6840208125;1620231235.1425631046;-0.0537236477;5.2450650070;1.4840918242;0.7068129601;0.0062696446;0.0071933704;-0.7073361198;1876;1620231235.181778377;1876
1620231235.1598279476;0.0405939622;-1.4643980080;0.2930895060;0.7290277418;-0.0066816948;0.0079652039;0.6844051886;1620231235.1508159637;-0.0537491754;5.2450662678;1.4840949258;0.7068160249;0.0062739636;0.0072000572;-0.7073329509;1876;1620231235.181778377;1876
1620231235.1769270897;0.0406832101;-1.4641758643;0.2858102157;0.7291724761;-0.0062323417;0.0068726349;0.6842670714;1620231235.1598401070;-0.0537296586;5.2450639579;1.4840886829;0.7068134901;0.0062703528;0.0071962074;-0.7073355550;1876;1620231235.181778377;1876
1620231235.1850500107;0.0404831214;-1.4641440702;0.2821041399;0.7288719464;-0.0059301923;0.0064838019;0.6845936597;1620231235.1769490242;-0.0537501383;5.2450657584;1.4840903693;0.7068130799;0.0062698405;0.0071963199;-0.7073359684;1877;1620231235.207749817;1877
1620231235.1934969425;0.0404665631;-1.4639852207;0.2783912254;0.7290755957;-0.0055898451;0.0056873291;0.6843867208;1620231235.1850640774;-0.0537181282;5.2450670154;1.4840852005;0.7068152943;0.0062789224;0.0071972256;-0.7073336659;1877;1620231235.207749817;1877
1620231235.2020909786;0.0403887147;-1.4640339257;0.2745578626;0.7289158945;-0.0058408820;0.0056021707;0.6845554166;1620231235.1935169697;-0.0537486090;5.2450669693;1.4840904991;0.7068146525;0.0062709225;0.0071987404;-0.7073343627;1877;1620231235.207749817;1877
1620231235.2103478909;0.0405253105;-1.4640144530;0.2707292446;0.7291046242;-0.0061431049;0.0051433140;0.6843553577;1620231235.2021141052;-0.0537541738;5.2450746128;1.4840944231;0.7068145669;0.0062768363;0.0072035249;-0.7073343471;1878;1620231235.259692425;1878
1620231235.2269530296;0.0404308354;-1.4640549168;0.2629695408;0.7289131488;-0.0067061340;0.0050675814;0.6845545770;1620231235.2103700638;-0.0537488884;5.2450811565;1.4840975366;0.7068157600;0.0062773300;0.0072034633;-0.7073331511;1878;1620231235.259692425;1878
1620231235.2347381115;0.0404102775;-1.4641176115;0.2591505809;0.7289162746;-0.0066631959;0.0051501333;0.6845510519;1620231235.2269790173;-0.0537200177;5.2450798388;1.4840935409;0.7068143683;0.0062710506;0.0071974555;-0.7073346587;1878;1620231235.259692425;1878
1620231235.2435240746;0.0405768519;-1.4642071874;0.2552047033;0.7291481203;-0.0070963180;0.0052857588;0.6842987079;1620231235.2348148823;-0.0537207538;5.2450803185;1.4840948628;0.7068154569;0.0062768626;0.0071963453;-0.7073335306;1878;1620231235.259692425;1878
1620231235.2519729137;0.0407643308;-1.4642576130;0.2512911784;0.7294244479;-0.0069855295;0.0053380523;0.6840048848;1620231235.2435450554;-0.0537456511;5.2450718027;1.4840987926;0.7068143532;0.0062668828;0.0071932915;-0.7073347531;1879;1620231235.285663897;1879
1620231235.2603719234;0.0407803422;-1.4643323498;0.2474385105;0.7293302238;-0.0070651571;0.0053782027;0.6841042195;1620231235.2519888878;-0.0537162910;5.2450632553;1.4840923300;0.7068144415;0.0062651973;0.0071824417;-0.7073347900;1879;1620231235.285663897;1879
1620231235.2761890888;0.0406232649;-1.4646169469;0.2395894810;0.7291770504;-0.0071616847;0.0055504508;0.6842651035;1620231235.2603940964;-0.0537345089;5.2450738833;1.4840955301;0.7068130252;0.0062722908;0.0071908521;-0.7073360569;1879;1620231235.285663897;1879
1620231235.2934329510;0.0408777116;-1.4649657645;0.2316782382;0.7296035197;-0.0084068305;0.0051288941;0.6837994762;1620231235.2762100697;-0.0537213398;5.2450763199;1.4840887187;0.7068109617;0.0062749181;0.0071987471;-0.7073380153;1880;1620231235.311635153;1880
1620231235.3020761013;0.0408277775;-1.4650695322;0.2278570397;0.7296186808;-0.0088671982;0.0045821247;0.6837813668;1620231235.2934548855;-0.0537472713;5.2450772335;1.4840962062;0.7068113423;0.0062718761;0.0071963179;-0.7073376867;1880;1620231235.311635153;1880
1620231235.3102591038;0.0410370302;-1.4652320040;0.2240619928;0.7301144079;-0.0097023034;0.0035134139;0.6832470070;1620231235.3021008968;-0.0537479071;5.2450666009;1.4840944703;0.7068109203;0.0062628637;0.0071871432;-0.7073382815;1880;1620231235.311635153;1880
1620231235.3263928890;0.0408654033;-1.4655759886;0.2163179094;0.7301759225;-0.0107334956;0.0021655055;0.6831714462;1620231235.3102810383;-0.0537523786;5.2450670489;1.4840942943;0.7068117246;0.0062685325;0.0071918070;-0.7073373802;1881;1620231235.363577921;1881
1620231235.3353600502;0.0406349635;-1.4658253225;0.2122714797;0.7299255301;-0.0118091971;0.0022815036;0.6834208499;1620231235.3264119625;-0.0537456127;5.2450560631;1.4840867754;0.7068129321;0.0062655473;0.0071877405;-0.7073362414;1881;1620231235.363577921;1881
1620231235.3438470364;0.0406914278;-1.4660269980;0.2085106928;0.7301452724;-0.0122865395;0.0014556599;0.6831799201;1620231235.3353719711;-0.0537314644;5.2450446102;1.4840812962;0.7068140153;0.0062610307;0.0071809767;-0.7073352677;1881;1620231235.363577921;1881
1620231235.3514819145;0.0407256866;-1.4662718879;0.2045597075;0.7304468031;-0.0126473289;0.0011879552;0.6828514492;1620231235.3438689709;-0.0537560009;5.2450443016;1.4840811871;0.7068137581;0.0062540198;0.0071783714;-0.7073356131;1881;1620231235.363577921;1881
1620231235.3600170612;0.0406312570;-1.4665131811;0.2005389693;0.7304824174;-0.0130630939;0.0016443375;0.6828045765;1620231235.3515620232;-0.0537303845;5.2450432501;1.4840758276;0.7068127042;0.0062621446;0.0071838481;-0.7073365387;1882;1620231235.389549257;1882
1620231235.3766729832;0.0404040121;-1.4669398924;0.1925832750;0.7302402421;-0.0136560677;0.0022273701;0.6830503198;1620231235.3600380421;-0.0537566161;5.2450502509;1.4840819920;0.7068136380;0.0062649915;0.0071913364;-0.7073355043;1882;1620231235.389549257;1882
1620231235.3932518959;0.0402851784;-1.4674554431;0.1845473023;0.7302735203;-0.0141350710;0.0032427993;0.6830009294;1620231235.3766920567;-0.0537342214;5.2450472905;1.4840776879;0.7068131674;0.0062678176;0.0071931545;-0.7073359310;1882;1620231235.389549257;1882
1620231235.4016120434;0.0402275935;-1.4677344741;0.1805010958;0.7302843611;-0.0139370087;0.0040034461;0.6829893733;1620231235.3932759762;-0.0537531513;5.2450555520;1.4840872024;0.7068096152;0.0062676683;0.0071969980;-0.7073394429;1883;1620231235.441491921;1883
1620231235.4098460674;0.0401266530;-1.4680082200;0.1764244088;0.7301510278;-0.0138948336;0.0046719529;0.6831285260;1620231235.4016380310;-0.0537217794;5.2450501442;1.4840799253;0.7068098025;0.0062738953;0.0071936697;-0.7073392344;1883;1620231235.441491921;1883
1620231235.4264979362;0.0399050626;-1.4685624659;0.1684051093;0.7299692599;-0.0137820542;0.0061087018;0.6833137042;1620231235.4098761082;-0.0537261595;5.2450558286;1.4840828391;0.7068083128;0.0062696056;0.0071959216;-0.7073407381;1883;1620231235.441491921;1883
1620231235.4346098900;0.0397233821;-1.4689095129;0.1652401752;0.7299211986;-0.0134216666;0.0069306571;0.6833643747;1620231235.4265079498;-0.0537153785;5.2450570866;1.4840854976;0.7068069921;0.0062671577;0.0071894678;-0.7073421451;1884;1620231235.467463265;1884
1620231235.4431259632;0.0397680748;-1.4691547965;0.1660178292;0.7301155009;-0.0133071057;0.0044464567;0.6831797020;1620231235.4346449375;-0.0537162900;5.2450682266;1.4840853562;0.7068089149;0.0062717547;0.0071942440;-0.7073401344;1884;1620231235.467463265;1884
1620231235.4519679546;0.0395676828;-1.4693744655;0.1682093384;0.7301493572;-0.0128986901;0.0038970410;0.6831547065;1620231235.4431560040;-0.0537180535;5.2450690010;1.4840854292;0.7068068697;0.0062692303;0.0071905125;-0.7073422384;1884;1620231235.467463265;1884
1620231235.4602630138;0.0396528539;-1.4695942662;0.1708645762;0.7303663164;-0.0133785561;0.0030380251;0.6829178783;1620231235.4520089626;-0.0537237837;5.2450796174;1.4840843984;0.7068073268;0.0062722907;0.0071929834;-0.7073417294;1884;1620231235.467463265;1884
1620231235.4767479897;0.0393765411;-1.4698997974;0.1754506386;0.7302277483;-0.0122032292;0.0045668314;0.6830795422;1620231235.4602859020;-0.0537178079;5.2450811130;1.4840821224;0.7068091557;0.0062756923;0.0071921615;-0.7073398800;1885;1620231235.493434673;1885
1620231235.4934580326;0.0391035747;-1.4701916461;0.1788503171;0.7297115357;-0.0113768635;0.0083571047;0.6836093917;1620231235.4767711163;-0.0537520621;5.2450814956;1.4840812742;0.7068097143;0.0062641984;0.0071900784;-0.7073394449;1885;1620231235.493434673;1885
1620231235.5012719631;0.0390913693;-1.4703211339;0.1800718969;0.7298432428;-0.0108789186;0.0095974219;0.6834605911;1620231235.4934709072;-0.0537282745;5.2450886091;1.4840736698;0.7068188838;0.0062790889;0.0072031494;-0.7073300172;1885;1620231235.493434673;1885
1620231235.5109710693;0.0387204289;-1.4704589609;0.1807291930;0.7294040205;-0.0103511749;0.0115002717;0.6839081603;1620231235.5013089180;-0.0537265804;5.2450783011;1.4840793779;0.7068174510;0.0062674912;0.0071903042;-0.7073316824;1886;1620231235.545377369;1886
1620231235.5271289349;0.0388153132;-1.4706741354;0.1814813305;0.7292140835;-0.0108457182;0.0135165538;0.6840661471;1620231235.5109930038;-0.0537248272;5.2450798662;1.4840813210;0.7068172868;0.0062759835;0.0071978319;-0.7073316947;1886;1620231235.545377369;1886
1620231235.5353620052;0.0386599523;-1.4708035260;0.1811488081;0.7288902571;-0.0111231165;0.0141417695;0.6843940968;1620231235.5271399021;-0.0537321920;5.2450619126;1.4840918461;0.7068147735;0.0062617173;0.0071854246;-0.7073344587;1886;1620231235.545377369;1886
1620231235.5431029797;0.0384828746;-1.4709748703;0.1806206698;0.7288277397;-0.0112354475;0.0148396843;0.6844440623;1620231235.5353739262;-0.0537271303;5.2450644750;1.4840923152;0.7068151271;0.0062665072;0.0071888995;-0.7073340277;1887;1620231235.571348729;1887
1620231235.5525801182;0.0383595288;-1.4711428340;0.1798023237;0.7286689880;-0.0112493465;0.0152955689;0.6846028073;1620231235.5431239605;-0.0537370660;5.2450600363;1.4841010844;0.7068148407;0.0062617419;0.0071857017;-0.7073343886;1887;1620231235.571348729;1887
1620231235.5602149963;0.0383574262;-1.4713314462;0.1785463908;0.7284880529;-0.0111847182;0.0151194677;0.6848003071;1620231235.5525920391;-0.0537363870;5.2450622783;1.4841013046;0.7068149430;0.0062605500;0.0071858288;-0.7073342956;1887;1620231235.571348729;1887
1620231235.5767529011;0.0382194054;-1.4717148246;0.1752583397;0.7284191626;-0.0106062571;0.0147094976;0.6848917152;1620231235.5602369308;-0.0537324669;5.2450718879;1.4841023181;0.7068184407;0.0062719842;0.0071945331;-0.7073306107;1887;1620231235.571348729;1887
1620231235.5933818817;0.0381536255;-1.4721499570;0.1707498149;0.7286799088;-0.0097113839;0.0140176581;0.6846420852;1620231235.5767750740;-0.0537362437;5.2450647032;1.4841073794;0.7068154705;0.0062559505;0.0071862937;-0.7073338045;1888;1620231235.623291473;1888
1620231235.6017029285;0.0380933636;-1.4724140287;0.1681836966;0.7287278340;-0.0093785684;0.0136169848;0.6846038008;1620231235.5934040546;-0.0537391324;5.2450775795;1.4841144568;0.7068132159;0.0062578483;0.0071948554;-0.7073359536;1888;1620231235.623291473;1888
1620231235.6099600792;0.0377835617;-1.4726872612;0.1664153060;0.7288534463;-0.0111535373;0.0099834715;0.6845060866;1620231235.6017370224;-0.0537345237;5.2450826605;1.4841157889;0.7068159173;0.0062656491;0.0071987850;-0.7073331452;1888;1620231235.623291473;1888
1620231235.6266570091;0.0357060381;-1.4735808101;0.1677627597;0.7283999433;-0.0138397309;0.0043267186;0.6849987328;1620231235.6099820137;-0.0537357917;5.2450818183;1.4841153880;0.7068112496;0.0062577196;0.0071946454;-0.7073379217;1889;1620231235.649262849;1889
1620231235.6350939274;0.0348509122;-1.4739321170;0.1692346405;0.7282780223;-0.0129677429;0.0049743377;0.6851410189;1620231235.6266829967;-0.0537258261;5.2450757844;1.4841073140;0.7068118521;0.0062612810;0.0071946770;-0.7073372878;1889;1620231235.649262849;1889
1620231235.6436440945;0.0339905597;-1.4742646135;0.1705607379;0.7281630690;-0.0107224380;0.0076347773;0.6852775236;1620231235.6351380348;-0.0537260127;5.2450804440;1.4841072695;0.7068122212;0.0062657148;0.0071970716;-0.7073368554;1889;1620231235.649262849;1889
1620231235.6512439251;0.0326364141;-1.4745898895;0.1714142124;0.7274842879;-0.0097949050;0.0097677899;0.6859848839;1620231235.6436660290;-0.0537488834;5.2450816979;1.4841053611;0.7068159745;0.0062757292;0.0072057143;-0.7073329281;1890;1620231235.701205729;1890
1620231235.6602931023;0.0318738932;-1.4748598091;0.1719363156;0.7274928888;-0.0093615244;0.0113380142;0.6859576576;1620231235.6512711048;-0.0537250820;5.2450754117;1.4841020656;0.7068176601;0.0062695281;0.0071975127;-0.7073313822;1890;1620231235.701205729;1890
1620231235.6769230366;0.0297898386;-1.4755594540;0.1716385823;0.7269438642;-0.0082661218;0.0157038209;0.6864675371;1620231235.6603341103;-0.0537409298;5.2450811797;1.4841071115;0.7068151605;0.0062720998;0.0071996034;-0.7073338359;1890;1620231235.701205729;1890
1620231235.6844880581;0.0290808306;-1.4758194592;0.1711295485;0.7272644590;-0.0070279629;0.0174666138;0.6860990685;1620231235.6769340038;-0.0537401285;5.2450795505;1.4841071665;0.7068155975;0.0062740484;0.0072061877;-0.7073333149;1890;1620231235.701205729;1890
1620231235.6932210922;0.0279301719;-1.4761653017;0.1700983260;0.7269904283;-0.0064453164;0.0195910345;0.6863377933;1620231235.6845290661;-0.0537470593;5.2450924571;1.4841032668;0.7068185964;0.0062873052;0.0072145173;-0.7073301155;1891;1620231235.727176857;1891
1620231235.7020370960;0.0270867063;-1.4765349178;0.1694418843;0.7273403675;-0.0057251833;0.0188596827;0.6859938224;1620231235.6932439804;-0.0537422219;5.2450808048;1.4841007068;0.7068171749;0.0062739960;0.0072037315;-0.7073317641;1891;1620231235.727176857;1891
1620231235.7098810673;0.0261309365;-1.4770494459;0.1689540827;0.7278567271;-0.0068169406;0.0151600452;0.6855277436;1620231235.7020719051;-0.0537422125;5.2450864574;1.4841008457;0.7068148650;0.0062744165;0.0072062981;-0.7073340425;1891;1620231235.727176857;1891
1620231235.7266891003;0.0239570849;-1.4777488869;0.1680365153;0.7286430352;-0.0135894768;0.0042833699;0.6847454316;1620231235.7099010944;-0.0537424214;5.2450939427;1.4840976996;0.7068171555;0.0062847478;0.0072102684;-0.7073316215;1891;1620231235.727176857;1891
1620231235.7350249290;0.0228471138;-1.4780268628;0.1677176061;0.7288399405;-0.0148203589;0.0024287433;0.6845193930;1620231235.7267088890;-0.0537135559;5.2450829555;1.4840896979;0.7068129831;0.0062765893;0.0071981405;-0.7073359867;1892;1620231235.753148265;1892
1620231235.7436881065;0.0220577540;-1.4780812375;0.1678653960;0.7288538526;-0.0141278697;0.0038645429;0.6845126224;1620231235.7350540161;-0.0537354007;5.2450848341;1.4840880914;0.7068125383;0.0062739208;0.0071984926;-0.7073364513;1892;1620231235.753148265;1892
1620231235.7593340874;0.0208044990;-1.4779113126;0.1683820730;0.7274623722;-0.0137922865;0.0062564953;0.6859804123;1620231235.7437090874;-0.0537424808;5.2450793609;1.4840928058;0.7068077728;0.0062694123;0.0071922369;-0.7073413169;1893;1620231235.805090961;1893
1620231235.7764520645;0.0202403732;-1.4776572653;0.1680985791;0.7268027280;-0.0122640885;0.0077369899;0.6866931817;1620231235.7593541145;-0.0537181155;5.2450622335;1.4840949005;0.7068048431;0.0062548486;0.0071796616;-0.7073445010;1893;1620231235.805090961;1893
1620231235.7848289013;0.0199927425;-1.4775558633;0.1677207609;0.7265369226;-0.0124150274;0.0075086947;0.6869742257;1620231235.7764739990;-0.0537260286;5.2450675640;1.4840944636;0.7068079175;0.0062631302;0.0071907268;-0.7073412432;1893;1620231235.805090961;1893
1620231235.7931571007;0.0199467156;-1.4775487058;0.1677259285;0.7267401947;-0.0136334811;0.0053223564;0.6867564999;1620231235.7848510742;-0.0537272532;5.2450599771;1.4840973707;0.7068094300;0.0062581751;0.0071833071;-0.7073398512;1893;1620231235.805090961;1893
1620231235.8011329174;0.0199928690;-1.4776145234;0.1679289443;0.7271644355;-0.0137922355;0.0047300314;0.6863084473;1620231235.7931680679;-0.0537558497;5.2450583149;1.4841015692;0.7068105651;0.0062561827;0.0071826583;-0.7073387411;1894;1620231235.831062313;1894
1620231235.8096148968;0.0201229146;-1.4776970758;0.1680326313;0.7272965571;-0.0128677255;0.0064288416;0.6861725801;1620231235.8011639118;-0.0537327884;5.2450590606;1.4841059547;0.7068098626;0.0062594093;0.0071827335;-0.7073394138;1894;1620231235.831062313;1894
1620231235.8269369602;0.0202390198;-1.4778608623;0.1680326238;0.7269634325;-0.0124725527;0.0064894535;0.6865322208;1620231235.8096349239;-0.0537205784;5.2450581737;1.4841070603;0.7068084408;0.0062554451;0.0071776993;-0.7073409207;1894;1620231235.831062313;1894
1620231235.8349819183;0.0203614763;-1.4779786800;0.1679209767;0.7267538773;-0.0128447213;0.0058998272;0.6867525078;1620231235.8269579411;-0.0537511453;5.2450561256;1.4841072653;0.7068075966;0.0062541356;0.0071797289;-0.7073417553;1894;1620231235.831062313;1894
1620231235.8431930542;0.0203886446;-1.4780416772;0.1677983260;0.7266789789;-0.0120008630;0.0065362656;0.6868412612;1620231235.8350110054;-0.0537473276;5.2450513699;1.4841023821;0.7068068153;0.0062454101;0.0071699114;-0.7073427126;1895;1620231235.883004977;1895
1620231235.8598840237;0.0206055265;-1.4780762315;0.1679963326;0.7270875772;-0.0120521675;0.0065532688;0.6864076449;1620231235.8432130814;-0.0537259528;5.2450533635;1.4840996947;0.7068071619;0.0062536887;0.0071774920;-0.7073422162;1895;1620231235.883004977;1895
1620231235.8767809868;0.0203885410;-1.4779604052;0.1679313424;0.7270018354;-0.0120812029;0.0065129650;0.6864983300;1620231235.8599059582;-0.0537528217;5.2450553739;1.4841021533;0.7068092134;0.0062566360;0.0071820927;-0.7073400935;1895;1620231235.883004977;1895
1620231235.8849070072;0.0202524886;-1.4778908258;0.1678386241;0.7268762668;-0.0122483316;0.0064956428;0.6866284860;1620231235.8768029213;-0.0537201489;5.2450494537;1.4840993499;0.7068095557;0.0062521017;0.0071763667;-0.7073398497;1896;1620231235.908976313;1896
1620231235.8935089111;0.0201244640;-1.4778323830;0.1678021134;0.7268035016;-0.0126806529;0.0063663357;0.6866988721;1620231235.8849298954;-0.0537267311;5.2450449393;1.4840983074;0.7068107740;0.0062533163;0.0071800092;-0.7073385846;1896;1620231235.908976313;1896
1620231235.9016048908;0.0200096787;-1.4777776884;0.1679047789;0.7267666061;-0.0127101710;0.0060757181;0.6867400072;1620231235.8935320377;-0.0537533427;5.2450482382;1.4841025631;0.7068108105;0.0062537590;0.0071863053;-0.7073384803;1896;1620231235.908976313;1896
1620231235.9103500843;0.0200000519;-1.4777585644;0.1679427672;0.7267639563;-0.0126886730;0.0061701940;0.6867423666;1620231235.9016540051;-0.0537262556;5.2450329799;1.4841000995;0.7068082091;0.0062399394;0.0071697919;-0.7073413693;1897;1620231235.934947681;1897
1620231235.9270279408;0.0201196249;-1.4778387303;0.1678895120;0.7269901791;-0.0126566429;0.0061814400;0.6865033712;1620231235.9103720188;-0.0537216861;5.2450353079;1.4840972181;0.7068081401;0.0062446169;0.0071757136;-0.7073413370;1897;1620231235.934947681;1897
1620231235.9429190159;0.0201957764;-1.4779492192;0.1678791341;0.7268317868;-0.0120240464;0.0063768219;0.6866806479;1620231235.9270489216;-0.0537266604;5.2450396300;1.4840835025;0.7068017208;0.0062571204;0.0071845229;-0.7073475514;1897;1620231235.934947681;1897
1620231235.9509210587;0.0202826867;-1.4779883727;0.1678950938;0.7267992863;-0.0120874860;0.0064934071;0.6867128408;1620231235.9429318905;-0.0537205371;5.2450789372;1.4840850794;0.7068021932;0.0062722519;0.0072001408;-0.7073467866;1898;1620231235.986890353;1898
1620231235.9594531059;0.0203584468;-1.4779884574;0.1679106723;0.7267681977;-0.0120569363;0.0064836063;0.6867463724;1620231235.9509310722;-0.0537226167;5.2450845257;1.4840935456;0.7068090745;0.0062676987;0.0071975512;-0.7073399773;1898;1620231235.986890353;1898
1620231235.9761140347;0.0203948537;-1.4779388261;0.1678681221;0.7270422808;-0.0119598241;0.0065111645;0.6864576383;1620231235.9594640732;-0.0537256535;5.2450770751;1.4840962951;0.7068114156;0.0062622318;0.0071936981;-0.7073377255;1898;1620231235.986890353;1898
1620231235.9842870235;0.0203178606;-1.4778901847;0.1678620366;0.7269730966;-0.0121602471;0.0065658067;0.6865268643;1620231235.9761269093;-0.0537276024;5.2450733204;1.4840989548;0.7068083897;0.0062634391;0.0071936286;-0.7073407392;1899;1620231236.012861737;1899
1620231235.9929420948;0.0202248417;-1.4778388210;0.1678658382;0.7268954190;-0.0123853007;0.0064862716;0.6866058421;1620231235.9842979908;-0.0537262329;5.2450563999;1.4840973376;0.7068099418;0.0062539427;0.0071796943;-0.7073394138;1899;1620231236.012861737;1899
1620231236.0010390282;0.0201447629;-1.4777971542;0.1678827239;0.7267761705;-0.0125068236;0.0062738753;0.6867318369;1620231235.9929540157;-0.0537266094;5.2450625876;1.4840983983;0.7068058510;0.0062610627;0.0071870118;-0.7073433642;1899;1620231236.012861737;1899
1620231236.0092720985;0.0200833671;-1.4777939901;0.1678641183;0.7268021683;-0.0125624087;0.0063773670;0.6867023542;1620231236.0010609627;-0.0537290860;5.2450597786;1.4840994406;0.7068056900;0.0062549530;0.0071802703;-0.7073436476;1899;1620231236.012861737;1899
1620231236.0258610249;0.0200907054;-1.4778215639;0.1678795086;0.7269745615;-0.0124845113;0.0062289495;0.6865226319;1620231236.0092859268;-0.0537466482;5.2450738553;1.4841000897;0.7068046389;0.0062725289;0.0071917177;-0.7073444261;1900;1620231236.064804385;1900
1620231236.0346260071;0.0201324524;-1.4778620316;0.1678875636;0.7269423640;-0.0124900731;0.0061836963;0.6865570329;1620231236.0258889198;-0.0537312066;5.2450807059;1.4840972706;0.7068088307;0.0062688761;0.0071914266;-0.7073402727;1900;1620231236.064804385;1900
1620231236.0426609516;0.0201821272;-1.4779055093;0.1679018061;0.7268971069;-0.0122902562;0.0062654446;0.6866078136;1620231236.0346400738;-0.0537219048;5.2450762350;1.4840969406;0.7068116612;0.0062670909;0.0071877279;-0.7073374977;1900;1620231236.064804385;1900
1620231236.0508670807;0.0202194771;-1.4779354196;0.1678749377;0.7268298812;-0.0122832157;0.0063242489;0.6866785640;1620231236.0426740646;-0.0537246341;5.2450752956;1.4841006013;0.7068133156;0.0062658052;0.0071852303;-0.7073358814;1900;1620231236.064804385;1900
1620231236.0591299534;0.0202625908;-1.4779370151;0.1678612715;0.7268473861;-0.0121393341;0.0063683904;0.6866621858;1620231236.0508921146;-0.0537255583;5.2450786801;1.4841000013;0.7068122125;0.0062697378;0.0071901643;-0.7073368986;1901;1620231236.090775825;1901
1620231236.0758450031;0.0202958547;-1.4778960248;0.1678250928;0.7269300864;-0.0120279847;0.0065687498;0.6865747072;1620231236.0591440201;-0.0537235071;5.2450795329;1.4840971880;0.7068127536;0.0062683082;0.0071877641;-0.7073363950;1901;1620231236.090775825;1901
1620231236.0842390060;0.0203144566;-1.4778760048;0.1678337716;0.7269502237;-0.0122714989;0.0064635381;0.6865500748;1620231236.0758559704;-0.0537285115;5.2450889236;1.4840900059;0.7068127378;0.0062763645;0.0072018248;-0.7073361963;1901;1620231236.090775825;1901
1620231236.0928719044;0.0202045539;-1.4778323820;0.1678501498;0.7269053362;-0.0121412137;0.0064780531;0.6865997801;1620231236.0842521191;-0.0537172797;5.2450836039;1.4840887978;0.7068106728;0.0062706120;0.0071926466;-0.7073384042;1902;1620231236.116747233;1902
1620231236.1004600525;0.0201603163;-1.4778288419;0.1678311828;0.7268347125;-0.0123711912;0.0064138171;0.6866710401;1620231236.0928850174;-0.0537462661;5.2450772335;1.4840979871;0.7068136953;0.0062651675;0.0071856765;-0.7073355030;1902;1620231236.116747233;1902
1620231236.1090929508;0.0201169850;-1.4778104245;0.1678303869;0.7268594896;-0.0123822431;0.0064368971;0.6866443976;1620231236.1004710197;-0.0537200540;5.2450649417;1.4840926876;0.7068137878;0.0062602376;0.0071765146;-0.7073355473;1902;1620231236.116747233;1902
1620231236.1258668900;0.0201490945;-1.4778477090;0.1678845030;0.7268464779;-0.0125901828;0.0061910947;0.6866566502;1620231236.1091060638;-0.0537210063;5.2450714355;1.4840927247;0.7068131601;0.0062643670;0.0071842952;-0.7073360589;1902;1620231236.116747233;1902
1620231236.1342151165;0.0201618778;-1.4778685619;0.1678721325;0.7268459559;-0.0125655069;0.0062382561;0.6866572278;1620231236.1258800030;-0.0537216891;5.2450630142;1.4840998320;0.7068104260;0.0062508956;0.0071718827;-0.7073390362;1903;1620231236.168689897;1903
1620231236.1426680088;0.0201769177;-1.4778820455;0.1678597382;0.7269166823;-0.0122744064;0.0064483052;0.6865856795;1620231236.1342289448;-0.0537213359;5.2450590373;1.4840989997;0.7068107705;0.0062481244;0.0071686768;-0.7073387489;1903;1620231236.168689897;1903
1620231236.1509459019;0.0202150611;-1.4778978811;0.1678529865;0.7267962670;-0.0124352004;0.0063145309;0.6867114960;1620231236.1426808834;-0.0537231637;5.2450604459;1.4840993488;0.7068130677;0.0062556044;0.0071727637;-0.7073363459;1903;1620231236.168689897;1903
1620231236.1674981117;0.0202564635;-1.4778990411;0.1678279857;0.7267834246;-0.0122799023;0.0064580239;0.6867265479;1620231236.1509580612;-0.0537167667;5.2450535784;1.4841024124;0.7068097039;0.0062511854;0.0071638079;-0.7073398370;1903;1620231236.168689897;1903
1620231236.1844820976;0.0202527200;-1.4778348630;0.1678370813;0.7268305309;-0.0123291091;0.0064687854;0.6866757075;1620231236.1675109863;-0.0537238665;5.2450522251;1.4840969358;0.7068091256;0.0062519553;0.0071742314;-0.7073403024;1904;1620231236.194661281;1904
1620231236.1926269531;0.0202453519;-1.4778277407;0.1678459664;0.7268557404;-0.0124071624;0.0064703957;0.6866476017;1620231236.1844940186;-0.0537294416;5.2450663126;1.4840990286;0.7068069166;0.0062630829;0.0071899431;-0.7073422517;1904;1620231236.194661281;1904
1620231236.2007679939;0.0202138085;-1.4778138098;0.1678503443;0.7268116677;-0.0124876697;0.0064058628;0.6866933979;1620231236.1926488876;-0.0537583265;5.2450633210;1.4841027850;0.7068072291;0.0062563623;0.0071900480;-0.7073419979;1905;1620231236.246603889;1905
1620231236.2173919678;0.0201134876;-1.4778242554;0.1678386053;0.7267287830;-0.0125931934;0.0063417688;0.6867797823;1620231236.2007811069;-0.0537512010;5.2450669309;1.4841004109;0.7068099413;0.0062599072;0.0071906447;-0.7073392503;1905;1620231236.246603889;1905
1620231236.2259199619;0.0201190166;-1.4778261034;0.1678336468;0.7267491517;-0.0124928917;0.0064211466;0.6867593225;1620231236.2174038887;-0.0537309887;5.2450634141;1.4840950475;0.7068120894;0.0062572081;0.0071851430;-0.7073371837;1905;1620231236.246603889;1905
1620231236.2340650558;0.0201800144;-1.4778384011;0.1678606529;0.7268848248;-0.0125737543;0.0063039115;0.6866153311;1620231236.2259330750;-0.0537370170;5.2450642373;1.4840950097;0.7068120447;0.0062598216;0.0071849676;-0.7073372069;1905;1620231236.246603889;1905
1620231236.2423629761;0.0202305409;-1.4778446396;0.1678539687;0.7269391649;-0.0125476616;0.0063972301;0.6865574136;1620231236.2340769768;-0.0537352310;5.2450596777;1.4840968260;0.7068136867;0.0062578642;0.0071820827;-0.7073356127;1906;1620231236.272575337;1906
1620231236.2505331039;0.0202122874;-1.4778420170;0.1678490607;0.7268793669;-0.0124045648;0.0064240034;0.6866230734;1620231236.2423760891;-0.0537239411;5.2450530182;1.4840941963;0.7068137772;0.0062527878;0.0071758952;-0.7073356300;1906;1620231236.272575337;1906
1620231236.2674059868;0.0202579460;-1.4778374845;0.1678165371;0.7267140064;-0.0124947470;0.0064455760;0.6867962498;1620231236.2505569458;-0.0537529542;5.2450576232;1.4840969225;0.7068154930;0.0062608451;0.0071862951;-0.7073337387;1906;1620231236.272575337;1906
1620231236.2839789391;0.0202531887;-1.4778264604;0.1678119038;0.7268600266;-0.0124486707;0.0064680554;0.6866423353;1620231236.2674179077;-0.0537530673;5.2450539673;1.4841027925;0.7068129511;0.0062487412;0.0071750612;-0.7073364997;1907;1620231236.298546593;1907
1620231236.2923879623;0.0202347567;-1.4778192529;0.1678224228;0.7268821784;-0.0123826066;0.0065547933;0.6866192573;1620231236.2839910984;-0.0537593162;5.2450597879;1.4840990614;0.7068109857;0.0062598222;0.0071894447;-0.7073382197;1907;1620231236.298546593;1907
1620231236.3009679317;0.0202363501;-1.4778247657;0.1678450229;0.7268665036;-0.0125501447;0.0063836104;0.6866344219;1620231236.2923998833;-0.0537279272;5.2450598036;1.4840945049;0.7068108649;0.0062632509;0.0071838002;-0.7073383674;1907;1620231236.298546593;1907
1620231236.3170819283;0.0201591244;-1.4778122774;0.1678258215;0.7267872881;-0.0125698342;0.0063662009;0.6867180706;1620231236.3009800911;-0.0537617210;5.2450626268;1.4841053201;0.7068136715;0.0062534393;0.0071831117;-0.7073356567;1908;1620231236.350489393;1908
1620231236.3264880180;0.0201530618;-1.4778374220;0.1678243890;0.7267484981;-0.0126395905;0.0064269005;0.6867572761;1620231236.3170940876;-0.0537610620;5.2450713089;1.4841050439;0.7068102484;0.0062609098;0.0071924893;-0.7073389159;1908;1620231236.350489393;1908
1620231236.3336720467;0.0201818680;-1.4778423798;0.1678545462;0.7268148863;-0.0126041074;0.0063292167;0.6866885747;1620231236.3264999390;-0.0537671209;5.2450677835;1.4841059450;0.7068090330;0.0062544421;0.0071909636;-0.7073402031;1908;1620231236.350489393;1908
1620231236.3423089981;0.0202331497;-1.4778378239;0.1678501866;0.7269264749;-0.0125985599;0.0063804936;0.6865700734;1620231236.3336849213;-0.0537363194;5.2450599786;1.4841039670;0.7068031432;0.0062436244;0.0071739596;-0.7073463566;1908;1620231236.350489393;1908
1620231236.3506820202;0.0202207367;-1.4778467147;0.1678634961;0.7269021500;-0.0123986201;0.0063784200;0.6865994861;1620231236.3423230648;-0.0537598576;5.2450545797;1.4841070035;0.7068090239;0.0062435354;0.0071687356;-0.7073405341;1909;1620231236.376460737;1909
1620231236.3592240810;0.0202328475;-1.4778661406;0.1678213552;0.7268328514;-0.0124211655;0.0065671760;0.6866706583;1620231236.3506948948;-0.0537516375;5.2450514419;1.4841045296;0.7068124215;0.0062471370;0.0071657693;-0.7073371373;1909;1620231236.376460737;1909
1620231236.3757529259;0.0202397535;-1.4778582292;0.1678137101;0.7267172317;-0.0124714907;0.0065856616;0.6867919307;1620231236.3592550755;-0.0537293592;5.2450339581;1.4841004802;0.7068104919;0.0062310087;0.0071489769;-0.7073393776;1909;1620231236.376460737;1909
1620231236.3840620518;0.0202457390;-1.4778489113;0.1678398205;0.7267913862;-0.0123662812;0.0065004536;0.6867161715;1620231236.3757729530;-0.0537377757;5.2450406445;1.4840977078;0.7068104912;0.0062474378;0.0071664256;-0.7073390569;1910;1620231236.428403353;1910
1620231236.3926150799;0.0202713582;-1.4778318842;0.1678074473;0.7268758992;-0.0124322429;0.0065830768;0.6866247371;1620231236.3840720654;-0.0537613233;5.2450374650;1.4841008724;0.7068084429;0.0062397157;0.0071620939;-0.7073412157;1910;1620231236.428403353;1910
1620231236.4007329941;0.0202626203;-1.4778344616;0.1678344897;0.7269122708;-0.0124168913;0.0064764952;0.6865875227;1620231236.3926389217;-0.0537640393;5.2450341772;1.4841015114;0.7068068745;0.0062357194;0.0071638373;-0.7073428005;1910;1620231236.428403353;1910
1620231236.4093449116;0.0202320861;-1.4778262512;0.1677976944;0.7268677937;-0.0125213276;0.0065412646;0.6866320985;1620231236.4007439613;-0.0537413299;5.2450346413;1.4840986275;0.7068067776;0.0062380233;0.0071621817;-0.7073428937;1910;1620231236.428403353;1910
1620231236.4268538952;0.0201907979;-1.4778310594;0.1678077543;0.7267452955;-0.0126956512;0.0064514905;0.6867594005;1620231236.4093699455;-0.0537628432;5.2450424818;1.4841005641;0.7068066635;0.0062474602;0.0071770076;-0.7073427742;1911;1620231236.454374689;1911
1620231236.4340610504;0.0201979705;-1.4778498740;0.1678138330;0.7267664064;-0.0126158216;0.0063997151;0.6867390154;1620231236.4268789291;-0.0537555639;5.2450713607;1.4840994180;0.7068011853;0.0062695114;0.0071959966;-0.7073478602;1911;1620231236.454374689;1911
1620231236.4432020187;0.0202102833;-1.4778465381;0.1678391304;0.7268411743;-0.0126026420;0.0064034169;0.6866600885;1620231236.4340720177;-0.0537342196;5.2450670064;1.4840992874;0.7068074524;0.0062564394;0.0071803827;-0.7073418723;1911;1620231236.454374689;1911
1620231236.4510591030;0.0202102409;-1.4778422365;0.1678245447;0.7268567876;-0.0124765678;0.0064513449;0.6866454149;1620231236.4432148933;-0.0537560994;5.2450659640;1.4840973137;0.7068102606;0.0062549985;0.0071816663;-0.7073390660;1911;1620231236.454374689;1911
1620231236.4591310024;0.0202398070;-1.4778475427;0.1678125470;0.7268427996;-0.0125300692;0.0064722582;0.6866590507;1620231236.4510719776;-0.0537312889;5.2450579490;1.4840868142;0.7068096473;0.0062563891;0.0071806797;-0.7073396765;1912;1620231236.480346169;1912
1620231236.4762680531;0.0202595169;-1.4778648143;0.1677956307;0.7267752568;-0.0125062328;0.0065219571;0.6867305034;1620231236.4591510296;-0.0537516843;5.2450512761;1.4840967817;0.7068082330;0.0062464848;0.0071716628;-0.7073412687;1912;1620231236.480346169;1912
1620231236.4842569828;0.0202807179;-1.4778571038;0.1678004319;0.7267798621;-0.0125982200;0.0064873076;0.6867242763;1620231236.4762990475;-0.0537482371;5.2450529796;1.4840941353;0.7068096716;0.0062530497;0.0071793024;-0.7073396957;1912;1620231236.480346169;1912
1620231236.4927859306;0.0202756697;-1.4778237518;0.1678146787;0.7268421227;-0.0124681160;0.0064629543;0.6866609826;1620231236.4842710495;-0.0537338391;5.2450528905;1.4840902643;0.7068113622;0.0062571325;0.0071781049;-0.7073379824;1913;1620231236.532288809;1913
1620231236.5008900166;0.0202472393;-1.4778452082;0.1678012527;0.7269288646;-0.0124230832;0.0065629559;0.6865690209;1620231236.4928109646;-0.0537273040;5.2450504116;1.4840916781;0.7068103269;0.0062507345;0.0071705847;-0.7073391498;1913;1620231236.532288809;1913
1620231236.5093340874;0.0202501030;-1.4778371347;0.1678263209;0.7268424890;-0.0125785094;0.0063656830;0.6866594901;1620231236.5009028912;-0.0537289233;5.2450642257;1.4840911736;0.7068110901;0.0062664467;0.0071880992;-0.7073380704;1913;1620231236.532288809;1913
1620231236.5174760818;0.0202488101;-1.4778726798;0.1677982853;0.7269114088;-0.0126857545;0.0064925576;0.6865833686;1620231236.5093469620;-0.0537529657;5.2450562856;1.4840940936;0.7068091704;0.0062511637;0.0071759785;-0.7073402469;1913;1620231236.532288809;1913
1620231236.5342729092;0.0201979403;-1.4778679402;0.1677778569;0.7268615632;-0.0126063326;0.0065026180;0.6866375057;1620231236.5174889565;-0.0537199786;5.2450466148;1.4840901644;0.7068070808;0.0062442459;0.0071648582;-0.7073425087;1914;1620231236.558260105;1914
1620231236.5427289009;0.0202588201;-1.4778827424;0.1678153391;0.7269466592;-0.0125823805;0.0063543908;0.6865492408;1620231236.5342860222;-0.0537521411;5.2450509795;1.4840969607;0.7068095463;0.0062483641;0.0071730676;-0.7073399256;1914;1620231236.558260105;1914
1620231236.5509910583;0.0202304610;-1.4778758870;0.1677875442;0.7269520017;-0.0124948837;0.0065173041;0.6865436548;1620231236.5427429676;-0.0537314067;5.2450369687;1.4840915394;0.7068130632;0.0062421938;0.0071663429;-0.7073365340;1914;1620231236.558260105;1914
1620231236.5594809055;0.0202698013;-1.4778734469;0.1678139781;0.7269824125;-0.0124537699;0.0063913385;0.6865133840;1620231236.5510048866;-0.0537362807;5.2450318403;1.4840894246;0.7068106331;0.0062469944;0.0071721678;-0.7073388608;1914;1620231236.558260105;1914
1620231236.5765950680;0.0202412413;-1.4778530869;0.1677941927;0.7268809817;-0.0123435189;0.0065123960;0.6866216313;1620231236.5594949722;-0.0537387884;5.2450457531;1.4840919058;0.7068060480;0.0062576277;0.0071840939;-0.7073432274;1915;1620231236.610202841;1915
1620231236.5844209194;0.0202496174;-1.4778645681;0.1677630845;0.7268329559;-0.0125112477;0.0065727111;0.6866688593;1620231236.5766379833;-0.0537574023;5.2450545205;1.4840974019;0.7068079992;0.0062534816;0.0071801737;-0.7073413542;1915;1620231236.610202841;1915
1620231236.5931160450;0.0202816721;-1.4778381368;0.1677863647;0.7269611472;-0.0124495536;0.0065386886;0.6865345909;1620231236.5844330788;-0.0537465581;5.2450366984;1.4840957754;0.7068085096;0.0062410400;0.0071618180;-0.7073411402;1915;1620231236.610202841;1915
1620231236.6009149551;0.0202477364;-1.4778377253;0.1677721876;0.7269618811;-0.0124021809;0.0065685513;0.6865343862;1620231236.5931301117;-0.0537273083;5.2450413597;1.4840908789;0.7068092471;0.0062456308;0.0071701176;-0.7073402786;1916;1620231236.636174417;1916
1620231236.6096270084;0.0202570869;-1.4778481243;0.1677891536;0.7269763470;-0.0124543037;0.0065045460;0.6865187340;1620231236.6009299755;-0.0537333817;5.2450492626;1.4840934958;0.7068059301;0.0062501060;0.0071761343;-0.7073434925;1916;1620231236.636174417;1916
1620231236.6176810265;0.0202129638;-1.4778433831;0.1677866640;0.7269334611;-0.0125489466;0.0064765853;0.6865626853;1620231236.6096410751;-0.0537295695;5.2450516570;1.4840938753;0.7068044946;0.0062509276;0.0071780910;-0.7073448998;1916;1620231236.636174417;1916
1620231236.6344909668;0.0202006548;-1.4778639516;0.1677909782;0.7269126865;-0.0125351449;0.0064633946;0.6865850572;1620231236.6176950932;-0.0537512391;5.2450777786;1.4840945135;0.7068064557;0.0062741150;0.0071980693;-0.7073425319;1916;1620231236.636174417;1916
1620231236.6430840492;0.0202085993;-1.4778617999;0.1677956090;0.7269303835;-0.0125467212;0.0064445480;0.6865662861;1620231236.6345050335;-0.0537402165;5.2450854304;1.4840911770;0.7068078376;0.0062723326;0.0071986605;-0.7073411608;1917;1620231236.662145561;1917
1620231236.6511480808;0.0202227702;-1.4778554315;0.1678087540;0.7269638632;-0.0125228056;0.0063768615;0.6865319050;1620231236.6430981159;-0.0537183521;5.2450805410;1.4840933297;0.7068081794;0.0062724286;0.0071923337;-0.7073408828;1917;1620231236.662145561;1917
1620231236.6595849991;0.0202246994;-1.4778719478;0.1678030539;0.7269476003;-0.0124924891;0.0064977057;0.6865485445;1620231236.6511600018;-0.0537395344;5.2450744639;1.4840995449;0.7068084746;0.0062629579;0.0071881145;-0.7073407147;1917;1620231236.662145561;1917
1620231236.6767868996;0.0202505440;-1.4778626994;0.1677856647;0.7268825715;-0.0125233342;0.0065447219;0.6866163848;1620231236.6595981121;-0.0537107707;5.2450730279;1.4840948780;0.7068031968;0.0062626558;0.0071855723;-0.7073460169;1917;1620231236.662145561;1917
1620231236.6852900982;0.0202772788;-1.4778473270;0.1678185898;0.7268872344;-0.0124948533;0.0063627985;0.6866136774;1620231236.6768019199;-0.0537041973;5.2450754333;1.4840955252;0.7068008776;0.0062724092;0.0071891755;-0.7073482113;1918;1620231236.714088273;1918
1620231236.6934309006;0.0202547538;-1.4778271292;0.1677773046;0.7268952544;-0.0124951408;0.0064820405;0.6866040662;1620231236.6853020191;-0.0537047707;5.2450796827;1.4840947725;0.7068034881;0.0062782811;0.0071915207;-0.7073455269;1918;1620231236.714088273;1918
1620231236.7029039860;0.0202656638;-1.4778204241;0.1677975625;0.7269483088;-0.0124484457;0.0064661500;0.6865488923;1620231236.6934440136;-0.0537278815;5.2450814117;1.4840979307;0.7067986087;0.0062716892;0.0071910148;-0.7073504661;1918;1620231236.714088273;1918
1620231236.7107489109;0.0202208853;-1.4778233376;0.1677605633;0.7268903241;-0.0125137938;0.0065498341;0.6866083028;1620231236.7029399872;-0.0537187923;5.2450761558;1.4840970748;0.7067992399;0.0062721398;0.0071866776;-0.7073498755;1919;1620231236.740059641;1919
1620231236.7181730270;0.0202505460;-1.4778340725;0.1678009741;0.7269145390;-0.0125071623;0.0063886622;0.6865843057;1620231236.7107620239;-0.0537017283;5.2450717943;1.4840911369;0.7067987292;0.0062701917;0.0071844737;-0.7073504255;1919;1620231236.740059641;1919
1620231236.7356290817;0.0202200279;-1.4778548346;0.1677941746;0.7269367937;-0.0125822372;0.0063931629;0.6865593293;1620231236.7181849480;-0.0536972739;5.2450814151;1.4840915281;0.7067980921;0.0062825671;0.0071959854;-0.7073508352;1919;1620231236.740059641;1919
1620231236.7440569401;0.0202405976;-1.4778608574;0.1677830014;0.7268989730;-0.0126535356;0.0064151585;0.6865978567;1620231236.7356638908;-0.0537055452;5.2450828396;1.4840870740;0.7067984380;0.0062908308;0.0072075691;-0.7073502982;1919;1620231236.740059641;1919
1620231236.7517778873;0.0202303214;-1.4778581031;0.1677915547;0.7268705199;-0.0125972286;0.0063574613;0.6866295506;1620231236.7440750599;-0.0536993597;5.2450756984;1.4840902661;0.7067999324;0.0062813464;0.0071924622;-0.7073490430;1920;1620231236.792002401;1920
1620231236.7612709999;0.0202191436;-1.4778548088;0.1677623276;0.7269376605;-0.0125748231;0.0064310496;0.6865581936;1620231236.7518000603;-0.0537284401;5.2450746042;1.4841007576;0.7067965529;0.0062759704;0.0071948935;-0.7073524429;1920;1620231236.792002401;1920
1620231236.7769939899;0.0202849955;-1.4778864696;0.1677859904;0.7268971978;-0.0126796215;0.0064524695;0.6865989053;1620231236.7612850666;-0.0537296646;5.2450658029;1.4840964211;0.7067989804;0.0062727723;0.0071933522;-0.7073500614;1920;1620231236.792002401;1920
1620231236.7848138809;0.0202345872;-1.4778579768;0.1677665923;0.7268787085;-0.0125298932;0.0065345920;0.6866204512;1620231236.7770090103;-0.0537294839;5.2450745331;1.4840931521;0.7067983537;0.0062739905;0.0071954727;-0.7073506552;1921;1620231236.817973729;1921
1620231236.7947759628;0.0202653419;-1.4778671528;0.1677717303;0.7269418796;-0.0126634698;0.0064495918;0.6865519230;1620231236.7848269939;-0.0537121918;5.2450859543;1.4840881084;0.7067966860;0.0062850984;0.0072079599;-0.7073520958;1921;1620231236.817973729;1921
1620231236.8024179935;0.0202608535;-1.4778513046;0.1677945493;0.7269468613;-0.0124874104;0.0064614290;0.6865497618;1620231236.7947890759;-0.0537347068;5.2450811994;1.4840950431;0.7067988095;0.0062739886;0.0071990100;-0.7073501638;1921;1620231236.817973729;1921
1620231236.8106009960;0.0202272495;-1.4778578731;0.1677722220;0.7269461406;-0.0125187032;0.0065214021;0.6865493879;1620231236.8024389744;-0.0537323977;5.2450797442;1.4840942592;0.7068009666;0.0062731404;0.0071961185;-0.7073480453;1921;1620231236.817973729;1921
1620231236.8188610077;0.0202606763;-1.4778576128;0.1677862307;0.7269317792;-0.0125800519;0.0064215649;0.6865644137;1620231236.8106150627;-0.0537416581;5.2450820140;1.4841014298;0.7068008679;0.0062653837;0.0071987752;-0.7073481856;1922;1620231236.843945145;1922
1620231236.8347499371;0.0202232659;-1.4778736735;0.1677887828;0.7268775865;-0.0125269579;0.0064378532;0.6866226065;1620231236.8188729286;-0.0537419724;5.2450863905;1.4840995855;0.7068018800;0.0062717367;0.0072018823;-0.7073470864;1922;1620231236.843945145;1922
1620231236.8433539867;0.0202406435;-1.4778781911;0.1677860564;0.7269052596;-0.0126602590;0.0064195389;0.6865910362;1620231236.8347620964;-0.0537495140;5.2450762399;1.4841042038;0.7068039545;0.0062605289;0.0071891388;-0.7073452424;1922;1620231236.843945145;1922
1620231236.8516559601;0.0202076827;-1.4778672226;0.1677844036;0.7268820089;-0.0124756956;0.0064672641;0.6866185817;1620231236.8433809280;-0.0537360332;5.2450782899;1.4841034899;0.7068065983;0.0062632378;0.0071923839;-0.7073425436;1922;1620231236.843945145;1922
1620231236.8601438999;0.0202527379;-1.4778786844;0.1678037623;0.7269216491;-0.0126128801;0.0063901010;0.6865748305;1620231236.8516678810;-0.0537558239;5.2450758346;1.4841021679;0.7068076913;0.0062582298;0.0071881875;-0.7073415384;1923;1620231236.895887729;1923
1620231236.8690319061;0.0202387145;-1.4778569714;0.1677770502;0.7269399277;-0.0125179465;0.0064909364;0.6865562689;1620231236.8601579666;-0.0537260956;5.2450677250;1.4841005794;0.7068065265;0.0062528155;0.0071747138;-0.7073428871;1923;1620231236.895887729;1923
1620231236.8851509094;0.0202149114;-1.4778493573;0.1677807728;0.7268378738;-0.0124896859;0.0065278164;0.6866644746;1620231236.8690919876;-0.0537544085;5.2450697639;1.4841047184;0.7068070197;0.0062636425;0.0071855513;-0.7073421885;1923;1620231236.895887729;1923
1620231236.8938241005;0.0202571139;-1.4778607407;0.1677867205;0.7269397445;-0.0125965271;0.0064935703;0.6865550007;1620231236.8851630688;-0.0537250365;5.2450512282;1.4841011365;0.7068073419;0.0062429951;0.0071651551;-0.7073422559;1924;1620231236.921859089;1924
1620231236.9020600319;0.0202424900;-1.4778656238;0.1677851421;0.7269460491;-0.0126081246;0.0064453441;0.6865485667;1620231236.8938529491;-0.0537538729;5.2450560275;1.4840993578;0.7068085018;0.0062441304;0.0071752565;-0.7073409845;1924;1620231236.921859089;1924
1620231236.9111499786;0.0202422915;-1.4778796288;0.1677987121;0.7269487080;-0.0125961057;0.0064616110;0.6865458190;1620231236.9021201134;-0.0537516785;5.2450678739;1.4841003332;0.7068094571;0.0062621691;0.0071883656;-0.7073397373;1924;1620231236.921859089;1924
1620231236.9187500477;0.0202216599;-1.4778878432;0.1677964060;0.7269093929;-0.0126054242;0.0064241760;0.6865876257;1620231236.9112079144;-0.0537490400;5.2450709706;1.4841041071;0.7068068876;0.0062646668;0.0071881227;-0.7073422853;1924;1620231236.921859089;1924
1620231236.9342839718;0.0202206744;-1.4779050585;0.1678017522;0.7268733116;-0.0126542251;0.0063832162;0.6866253083;1620231236.9187760353;-0.0537305371;5.2450620852;1.4840998664;0.7068085739;0.0062530566;0.0071816157;-0.7073407690;1925;1620231236.973801881;1925
1620231236.9427819252;0.0202300921;-1.4779014063;0.1678148872;0.7269157823;-0.0125823310;0.0063975617;0.6865815331;1620231236.9342949390;-0.0537505560;5.2450666201;1.4841004998;0.7068127879;0.0062552651;0.0071844266;-0.7073365101;1925;1620231236.973801881;1925
1620231236.9507279396;0.0202566850;-1.4778937418;0.1678182294;0.7269450404;-0.0125425219;0.0064130882;0.6865511385;1620231236.9427950382;-0.0537522776;5.2450629079;1.4840996173;0.7068108649;0.0062545423;0.0071824099;-0.7073384586;1925;1620231236.973801881;1925
1620231236.9671640396;0.0202773069;-1.4778970335;0.1678239594;0.7268897198;-0.0126849835;0.0063989659;0.6866072237;1620231236.9507400990;-0.0537261649;5.2450479421;1.4840971268;0.7068090632;0.0062472916;0.0071673224;-0.7073404761;1925;1620231236.973801881;1925
1620231236.9762449265;0.0202352372;-1.4778741360;0.1678214556;0.7268600026;-0.0124545168;0.0063996410;0.6866428958;1620231236.9671878815;-0.0537488665;5.2450579656;1.4840966003;0.7068140971;0.0062616732;0.0071854820;-0.7073351345;1926;1620231236.999773185;1926
1620231236.9841580391;0.0202558954;-1.4778891235;0.1678145290;0.7268483706;-0.0126940714;0.0064723751;0.6866501403;1620231236.9762609005;-0.0537494445;5.2450658467;1.4840883624;0.7068091217;0.0062739517;0.0072018412;-0.7073398310;1926;1620231236.999773185;1926
1620231236.9928579330;0.0202233867;-1.4778644160;0.1678194674;0.7268679249;-0.0124301185;0.0064289015;0.6866346781;1620231236.9841690063;-0.0537283326;5.2450536744;1.4840941667;0.7068098229;0.0062542030;0.0071794344;-0.7073395330;1926;1620231236.999773185;1926
1620231237.0009291172;0.0202385818;-1.4778705524;0.1677952851;0.7268993220;-0.0125528363;0.0064807070;0.6865987201;1620231236.9928719997;-0.0537352060;5.2450583981;1.4840933944;0.7068127598;0.0062625468;0.0071895308;-0.7073364219;1927;1620231237.051715953;1927
1620231237.0174388885;0.0202513185;-1.4778780855;0.1678014180;0.7269543550;-0.0125751356;0.0064919140;0.6865399382;1620231237.0009429455;-0.0537419629;5.2450615359;1.4840949751;0.7068142573;0.0062620910;0.0071968362;-0.7073348552;1927;1620231237.051715953;1927
1620231237.0261609554;0.0202478169;-1.4778927984;0.1678263171;0.7268624807;-0.0125348850;0.0063690504;0.6866390944;1620231237.0174520016;-0.0537267437;5.2450432308;1.4841069254;0.7068059708;0.0062418809;0.0071634329;-0.7073436533;1927;1620231237.051715953;1927
1620231237.0344510078;0.0202625337;-1.4779068203;0.1678137446;0.7268625927;-0.0126961117;0.0064223085;0.6866355176;1620231237.0261850357;-0.0537346255;5.2450519613;1.4840942855;0.7068091001;0.0062568620;0.0071834421;-0.7073401911;1927;1620231237.051715953;1927
1620231237.0427429676;0.0202414567;-1.4778931745;0.1678263526;0.7268859992;-0.0124780874;0.0063944154;0.6866149962;1620231237.0344629288;-0.0537297878;5.2450661671;1.4840986987;0.7068071909;0.0062583450;0.0071845369;-0.7073420746;1928;1620231237.077687241;1928
1620231237.0510580540;0.0202906440;-1.4779083062;0.1678201118;0.7269183164;-0.0126867894;0.0064184113;0.6865767333;1620231237.0427579880;-0.0537573595;5.2450676356;1.4841058033;0.7068101732;0.0062529240;0.0071842596;-0.7073391452;1928;1620231237.077687241;1928
1620231237.0597169399;0.0202542448;-1.4778940819;0.1678565021;0.7269203902;-0.0124119699;0.0063598039;0.6865801062;1620231237.0510699749;-0.0537322001;5.2450595988;1.4840987221;0.7068098126;0.0062555625;0.0071827601;-0.7073394975;1928;1620231237.077687241;1928
1620231237.0676870346;0.0202726249;-1.4778951553;0.1678095293;0.7269498896;-0.0125564459;0.0064700682;0.6865452148;1620231237.0597290993;-0.0537639821;5.2450637165;1.4841080815;0.7068107027;0.0062458312;0.0071771019;-0.7073387515;1928;1620231237.077687241;1928
1620231237.0841770172;0.0202506437;-1.4778972508;0.1678344567;0.7268063387;-0.0125737226;0.0064612363;0.6866969491;1620231237.0677049160;-0.0537518172;5.2450579359;1.4841042820;0.7068077413;0.0062474768;0.0071760431;-0.7073417069;1929;1620231237.103658553;1929
1620231237.0927290916;0.0202289422;-1.4778767144;0.1678256885;0.7268358218;-0.0124663970;0.0064463030;0.6866678398;1620231237.0841879845;-0.0537604051;5.2450603285;1.4840986469;0.7068067783;0.0062538297;0.0071803843;-0.7073425689;1929;1620231237.103658553;1929
1620231237.1011409760;0.0202431424;-1.4778503989;0.1678037996;0.7268595212;-0.0125205652;0.0064552933;0.6866416832;1620231237.0927419662;-0.0537625765;5.2450597309;1.4841003113;0.7068088516;0.0062461663;0.0071784210;-0.7073405849;1929;1620231237.103658553;1929
1620231237.1096129417;0.0202467555;-1.4778725816;0.1678329967;0.7269326485;-0.0124639785;0.0064473950;0.6865653683;1620231237.1011540890;-0.0537667607;5.2450659575;1.4840962344;0.7068144469;0.0062541039;0.0071868595;-0.7073348379;1930;1620231237.155601361;1930
1620231237.1264660358;0.0202286354;-1.4778760057;0.1678135015;0.7268237456;-0.0125745626;0.0064237856;0.6866788610;1620231237.1096260548;-0.0537537582;5.2450564985;1.4840958984;0.7068105828;0.0062380283;0.0071692613;-0.7073390197;1930;1620231237.155601361;1930
1620231237.1345520020;0.0202370788;-1.4778909291;0.1678053851;0.7268275415;-0.0126684820;0.0063800665;0.6866735244;1620231237.1264801025;-0.0537349484;5.2450624373;1.4840877106;0.7068126380;0.0062551340;0.0071797414;-0.7073367086;1930;1620231237.155601361;1930
1620231237.1427240372;0.0202539962;-1.4778857009;0.1677993385;0.7268277185;-0.0125956336;0.0063870325;0.6866746124;1620231237.1345739365;-0.0537542759;5.2450670836;1.4840948165;0.7068117137;0.0062499538;0.0071810670;-0.7073376646;1930;1620231237.155601361;1930
1620231237.1507029533;0.0202697762;-1.4778929032;0.1678051057;0.7268617182;-0.0126127171;0.0063234404;0.6866388979;1620231237.1427359581;-0.0537605222;5.2450643417;1.4840984330;0.7068147522;0.0062398967;0.0071716622;-0.7073348125;1931;1620231237.181572633;1931
1620231237.1594469547;0.0202925813;-1.4779089701;0.1677880901;0.7269545734;-0.0126798935;0.0064109968;0.6865385405;1620231237.1507151127;-0.0537531777;5.2450612055;1.4840982581;0.7068141652;0.0062403119;0.0071735788;-0.7073353760;1931;1620231237.181572633;1931
1620231237.1679039001;0.0202725716;-1.4778992069;0.1678115073;0.7268932078;-0.0125767542;0.0063729403;0.6866057642;1620231237.1594600677;-0.0537576785;5.2450742246;1.4840945337;0.7068159035;0.0062524232;0.0071840979;-0.7073334252;1931;1620231237.181572633;1931
1620231237.1932768822;0.0202739245;-1.4778849182;0.1677993935;0.7268420167;-0.0126742958;0.0064176181;0.6866577453;1620231237.1679320335;-0.0537497084;5.2450791988;1.4840957872;0.7068144878;0.0062482181;0.0071822211;-0.7073348961;1932;1620231237.233515425;1932
1620231237.2015149593;0.0202410938;-1.4778920411;0.1678170480;0.7268644355;-0.0126580624;0.0063713356;0.6866347442;1620231237.1932899952;-0.0537190211;5.2450829913;1.4840967694;0.7068132291;0.0062622100;0.0071857041;-0.7073359948;1932;1620231237.233515425;1932
1620231237.2107400894;0.0202670528;-1.4778888397;0.1678016135;0.7269430261;-0.0126538799;0.0064539542;0.6865508448;1620231237.2015271187;-0.0537258174;5.2450650858;1.4840967010;0.7068115941;0.0062489787;0.0071774574;-0.7073378293;1932;1620231237.233515425;1932
1620231237.2268459797;0.0202593434;-1.4779029026;0.1677971293;0.7269389305;-0.0126726239;0.0064624585;0.6865547557;1620231237.2107689381;-0.0537493208;5.2450613266;1.4841052462;0.7068095613;0.0062418807;0.0071726580;-0.7073399720;1933;1620231237.259486713;1933
1620231237.2343349457;0.0202884029;-1.4778998809;0.1678358736;0.7268538575;-0.0126227985;0.0062676543;0.6866475452;1620231237.2268579006;-0.0537450523;5.2450642410;1.4841013965;0.7068096453;0.0062438938;0.0071776623;-0.7073398196;1933;1620231237.259486713;1933
1620231237.2430090904;0.0202401373;-1.4779145576;0.1678008615;0.7268436815;-0.0126814050;0.0064510983;0.6866555380;1620231237.2343459129;-0.0537147293;5.2450616732;1.4840941352;0.7068100664;0.0062507272;0.0071783472;-0.7073393315;1933;1620231237.259486713;1933
1620231237.2506549358;0.0202765870;-1.4779049291;0.1678289047;0.7268562430;-0.0126122153;0.0063339662;0.6866446060;1620231237.2430310249;-0.0537220020;5.2450568882;1.4840984973;0.7068087069;0.0062491797;0.0071755669;-0.7073407318;1933;1620231237.259486713;1933
1620231237.2606730461;0.0202716645;-1.4779098454;0.1678209972;0.7268967254;-0.0125590741;0.0064215763;0.6866019106;1620231237.2506659031;-0.0537469297;5.2450671150;1.4841040606;0.7068076787;0.0062517062;0.0071848556;-0.7073416426;1934;1620231237.285458041;1934
1620231237.2689580917;0.0202849117;-1.4779088610;0.1678322628;0.7269776768;-0.0126510917;0.0063467016;0.6865152050;1620231237.2606959343;-0.0537125509;5.2450655866;1.4841007521;0.7068079001;0.0062544564;0.0071802933;-0.7073414434;1934;1620231237.285458041;1934
1620231237.2778739929;0.0202937684;-1.4778996993;0.1678149833;0.7268894645;-0.0126239770;0.0063745527;0.6866088455;1620231237.2689828873;-0.0537192461;5.2450600353;1.4841010708;0.7068096544;0.0062481842;0.0071804007;-0.7073397447;1934;1620231237.285458041;1934
1620231237.2949481010;0.0202584189;-1.4779039008;0.1678121668;0.7269054489;-0.0126993925;0.0063716774;0.6865905588;1620231237.2778968811;-0.0537204412;5.2450581938;1.4841025545;0.7068097777;0.0062492701;0.0071768481;-0.7073396479;1934;1620231237.285458041;1934
1620231237.3019640446;0.0202667821;-1.4779085654;0.1678392144;0.7268832307;-0.0126667040;0.0063566543;0.6866148239;1620231237.2949719429;-0.0537096948;5.2450556453;1.4841039170;0.7068118298;0.0062463145;0.0071696062;-0.7073376969;1935;1620231237.337400793;1935
1620231237.3108160496;0.0202787116;-1.4778982601;0.1678056587;0.7269571445;-0.0126665573;0.0064161598;0.6865360160;1620231237.3019890785;-0.0537157227;5.2450544760;1.4841017539;0.7068117839;0.0062425676;0.0071662856;-0.7073378095;1935;1620231237.337400793;1935
1620231237.3193171024;0.0203055941;-1.4778791751;0.1678614925;0.7268943375;-0.0126680169;0.0062890261;0.6866036641;1620231237.3108420372;-0.0537128314;5.2450608072;1.4841017248;0.7068125528;0.0062511201;0.0071740311;-0.7073368872;1935;1620231237.337400793;1935
1620231237.3359389305;0.0202785305;-1.4779059324;0.1678379219;0.7269202151;-0.0126149093;0.0063406258;0.6865767702;1620231237.3193399906;-0.0537189099;5.2450601552;1.4841006468;0.7068162986;0.0062524374;0.0071784919;-0.7073330873;1936;1620231237.363372145;1936
1620231237.3445119858;0.0202740959;-1.4779139276;0.1678202837;0.7268857725;-0.0126011565;0.0064121460;0.6866128232;1620231237.3359639645;-0.0537258312;5.2450497718;1.4840999099;0.7068133236;0.0062391170;0.0071686042;-0.7073362780;1936;1620231237.363372145;1936
1620231237.3528029919;0.0202755809;-1.4779060277;0.1678285980;0.7268802982;-0.0126186299;0.0063505159;0.6866188704;1620231237.3445360661;-0.0537193199;5.2450504902;1.4840982059;0.7068134267;0.0062413911;0.0071703999;-0.7073361366;1936;1620231237.363372145;1936
1620231237.3616709709;0.0203040378;-1.4778982412;0.1678207404;0.7269212857;-0.0126593843;0.0063342513;0.6865748769;1620231237.3528261185;-0.0537226825;5.2450563884;1.4840957529;0.7068127733;0.0062493826;0.0071755596;-0.7073366667;1936;1620231237.363372145;1936
1620231237.3687410355;0.0202545500;-1.4778871759;0.1678137220;0.7269196836;-0.0124561663;0.0064426598;0.6865792814;1620231237.3617079258;-0.0537289728;5.2450630558;1.4840943259;0.7068124295;0.0062564779;0.0071844381;-0.7073368574;1937;1620231237.415314841;1937
1620231237.3857030869;0.0202714842;-1.4778963902;0.1678471777;0.7269204403;-0.0125834511;0.0063333137;0.6865771766;1620231237.3687651157;-0.0537238525;5.2450720521;1.4840954892;0.7068117586;0.0062629611;0.0071887002;-0.7073374271;1937;1620231237.415314841;1937
1620231237.3939979076;0.0202601791;-1.4778986597;0.1678150450;0.7268925920;-0.0126439778;0.0064114020;0.6866048233;1620231237.3857269287;-0.0537140086;5.2450781961;1.4840903013;0.7068117910;0.0062743373;0.0071902292;-0.7073372784;1937;1620231237.415314841;1937
1620231237.4019470215;0.0202383238;-1.4778842426;0.1678209874;0.7268797572;-0.0125269443;0.0063403074;0.6866212164;1620231237.3940238953;-0.0537242337;5.2450795197;1.4840944384;0.7068096116;0.0062658663;0.0071918574;-0.7073395147;1937;1620231237.415314841;1937
1620231237.4108800888;0.0202230377;-1.4778928209;0.1678166033;0.7267874679;-0.0126338170;0.0064252311;0.6867161565;1620231237.4019711018;-0.0537258589;5.2450789117;1.4841021419;0.7068103695;0.0062627383;0.0071883535;-0.7073388207;1938;1620231237.441286145;1938
1620231237.4189450741;0.0201812561;-1.4778765417;0.1678205281;0.7266862116;-0.0125521169;0.0063343549;0.6868256476;1620231237.4109079838;-0.0537203763;5.2450761487;1.4841006541;0.7068130996;0.0062628178;0.0071843070;-0.7073361330;1938;1620231237.441286145;1938
1620231237.4353799820;0.0202109345;-1.4778959999;0.1677751790;0.7267915632;-0.0126148158;0.0063059721;0.6867132770;1620231237.4189689159;-0.0537475569;5.2450820882;1.4841066723;0.7068126627;0.0062618444;0.0071915967;-0.7073365042;1938;1620231237.441286145;1938
1620231237.4441800117;0.0201886364;-1.4779024905;0.1677564529;0.7268474209;-0.0127226406;0.0062289626;0.6866528681;1620231237.4354031086;-0.0537214149;5.2450731715;1.4841020465;0.7068146384;0.0062492299;0.0071763345;-0.7073347965;1939;1620231237.467257497;1939
1620231237.4522299767;0.0202112690;-1.4778940921;0.1677510727;0.7268688245;-0.0126836566;0.0062929956;0.6866303481;1620231237.4442050457;-0.0537185231;5.2450741434;1.4841032961;0.7068156384;0.0062500394;0.0071763555;-0.7073337898;1939;1620231237.467257497;1939
1620231237.4607839584;0.0201648254;-1.4778626057;0.1677689031;0.7268120719;-0.0126449363;0.0062026194;0.6866919581;1620231237.4522519112;-0.0537376710;5.2450899920;1.4841043631;0.7068165193;0.0062655911;0.0071927132;-0.7073326059;1939;1620231237.467257497;1939
1620231237.4688839912;0.0201767880;-1.4778711936;0.1677552146;0.7267519416;-0.0128394118;0.0062004286;0.6867520073;1620231237.4608049393;-0.0537184455;5.2451099256;1.4840964436;0.7068125569;0.0062909261;0.0072131497;-0.7073361323;1939;1620231237.467257497;1939
1620231237.4776599407;0.0201086872;-1.4778693035;0.1677214502;0.7267318461;-0.0126534322;0.0063003034;0.6867758155;1620231237.4689099789;-0.0537457937;5.2451078906;1.4840953132;0.7068084573;0.0062894706;0.0072240513;-0.7073401306;1940;1620231237.519200249;1940
1620231237.4938371181;0.0201724466;-1.4778916582;0.1677181750;0.7268834488;-0.0126656022;0.0063568254;0.6866146118;1620231237.4776859283;-0.0537423294;5.2450959319;1.4840977906;0.7068078840;0.0062776679;0.0072086423;-0.7073409655;1940;1620231237.519200249;1940
1620231237.5023550987;0.0202016240;-1.4778944896;0.1677367763;0.7268864642;-0.0127576629;0.0062697195;0.6866105161;1620231237.4938631058;-0.0537215687;5.2450844161;1.4841012743;0.7068090008;0.0062704906;0.0071996802;-0.7073400045;1940;1620231237.519200249;1940
1620231237.5109829903;0.0202102468;-1.4778865084;0.1677319571;0.7268372049;-0.0127936442;0.0062435470;0.6866622302;1620231237.5023779869;-0.0537390381;5.2450747152;1.4841030006;0.7068068419;0.0062618993;0.0071899271;-0.7073423371;1940;1620231237.519200249;1940
1620231237.5186018944;0.0201777040;-1.4778893974;0.1677077471;0.7268092267;-0.0126444996;0.0063106522;0.6866939932;1620231237.5110089779;-0.0537393775;5.2450728558;1.4841053474;0.7068084205;0.0062567675;0.0071915252;-0.7073407888;1941;1620231237.545171601;1941
1620231237.5356929302;0.0201697836;-1.4779036554;0.1676927778;0.7268304332;-0.0127111739;0.0063264982;0.6866701704;1620231237.5186278820;-0.0537410245;5.2450724917;1.4841122971;0.7068050993;0.0062533368;0.0071867889;-0.7073441860;1941;1620231237.545171601;1941
1620231237.5526270866;0.0202254345;-1.4779109391;0.1677092767;0.7269048963;-0.0127611196;0.0062516070;0.6865911032;1620231237.5357160568;-0.0537260390;5.2451050523;1.4841035145;0.7068069556;0.0062924564;0.0072168934;-0.7073416776;1942;1620231237.597114361;1942
1620231237.5609099865;0.0201835441;-1.4779049338;0.1676798923;0.7268629198;-0.0127897749;0.0062159028;0.6866353326;1620231237.5526518822;-0.0537404956;5.2450873653;1.4840957197;0.7068102903;0.0062686639;0.0072086311;-0.7073386409;1942;1620231237.597114361;1942
1620231237.5692539215;0.0201765570;-1.4778998285;0.1676918733;0.7268135395;-0.0128286004;0.0061899122;0.6866871128;1620231237.5609340668;-0.0537470087;5.2450794665;1.4840985530;0.7068150381;0.0062573336;0.0071986027;-0.7073340992;1942;1620231237.597114361;1942
1620231237.5856170654;0.0201754255;-1.4778954391;0.1676784441;0.7268497335;-0.0127764924;0.0062647451;0.6866490946;1620231237.5692780018;-0.0537114464;5.2450944331;1.4840967167;0.7068117983;0.0062710862;0.0072066875;-0.7073371324;1942;1620231237.597114361;1942
1620231237.5940809250;0.0202575075;-1.4779036271;0.1676976753;0.7269396584;-0.0128362472;0.0062338216;0.6865530594;1620231237.5856409073;-0.0537065179;5.2450942410;1.4840981416;0.7068079772;0.0062704766;0.0071991612;-0.7073410327;1943;1620231237.623085705;1943
1620231237.6020860672;0.0202091112;-1.4778848557;0.1676857574;0.7268908028;-0.0127536001;0.0062734407;0.6866059645;1620231237.5941081047;-0.0537140354;5.2450933671;1.4841028611;0.7068056352;0.0062679621;0.0071966213;-0.7073434211;1943;1620231237.623085705;1943
1620231237.6106588840;0.0201949055;-1.4778955263;0.1676909125;0.7268343073;-0.0128143120;0.0063048002;0.6866643522;1620231237.6021099091;-0.0537186829;5.2450809387;1.4841040191;0.7068082942;0.0062607577;0.0071849901;-0.7073409462;1943;1620231237.623085705;1943
1620231237.6190540791;0.0201719732;-1.4778771352;0.1676920397;0.7268103716;-0.0126929912;0.0063032829;0.6866919544;1620231237.6106829643;-0.0537286045;5.2450756213;1.4841070696;0.7068156868;0.0062536292;0.0071798645;-0.7073336742;1943;1620231237.623085705;1943
1620231237.6353468895;0.0201726783;-1.4778866260;0.1677046636;0.7268011505;-0.0127562291;0.0062786139;0.6867007684;1620231237.6190779209;-0.0537163766;5.2450893657;1.4841023352;0.7068249651;0.0062618134;0.0071848056;-0.7073242799;1944;1620231237.675028449;1944
1620231237.6442310810;0.0201666604;-1.4778797975;0.1676865127;0.7268587879;-0.0126761267;0.0062923853;0.6866411174;1620231237.6353709698;-0.0537212785;5.2450835808;1.4841034030;0.7068119991;0.0062636747;0.0071893396;-0.7073371740;1944;1620231237.675028449;1944
1620231237.6521289349;0.0202001669;-1.4778856876;0.1677064865;0.7268760122;-0.0127984890;0.0062011589;0.6866214438;1620231237.6442570686;-0.0537243123;5.2450738369;1.4841077830;0.7068124952;0.0062554445;0.0071800591;-0.7073368454;1944;1620231237.675028449;1944
1620231237.6606190205;0.0201479614;-1.4778757828;0.1676893460;0.7268379517;-0.0126660988;0.0062835741;0.6866634391;1620231237.6521439552;-0.0537240977;5.2450903420;1.4841062498;0.7068127460;0.0062728490;0.0071936144;-0.7073363029;1945;1620231237.700999753;1945
1620231237.6775009632;0.0201418908;-1.4778729347;0.1676715566;0.7268063936;-0.0126784389;0.0063122203;0.6866963516;1620231237.6606431007;-0.0537391740;5.2450798969;1.4841091926;0.7068097322;0.0062591128;0.0071882097;-0.7073394911;1945;1620231237.700999753;1945
1620231237.6853721142;0.0201788397;-1.4778908066;0.1677003397;0.7268154910;-0.0127869885;0.0062377581;0.6866853904;1620231237.6775140762;-0.0537488447;5.2450835453;1.4841060892;0.7068109601;0.0062554081;0.0071805699;-0.7073383745;1945;1620231237.700999753;1945
1620231237.6936800480;0.0201747872;-1.4778875492;0.1676849817;0.7268711459;-0.0127040759;0.0063298324;0.6866271746;1620231237.6853840351;-0.0537284527;5.2450782536;1.4840985457;0.7068091392;0.0062592848;0.0071788384;-0.7073401772;1945;1620231237.700999753;1945
1620231237.7025458813;0.0202016632;-1.4778967406;0.1677049142;0.7268707482;-0.0127671852;0.0062708050;0.6866269667;1620231237.6937069893;-0.0537245539;5.2450782663;1.4841023299;0.7068056120;0.0062586059;0.0071803921;-0.7073436920;1946;1620231237.726971065;1946
1620231237.7108049393;0.0201772318;-1.4778755896;0.1676864554;0.7268624216;-0.0127325100;0.0062820879;0.6866363220;1620231237.7025880814;-0.0537477959;5.2450823709;1.4841057897;0.7068057796;0.0062563227;0.0071778167;-0.7073435709;1946;1620231237.726971065;1946
1620231237.7188138962;0.0201916975;-1.4778889087;0.1676920299;0.7267792004;-0.0128000903;0.0062321193;0.6867236069;1620231237.7108309269;-0.0537196006;5.2450841171;1.4841003274;0.7068074845;0.0062618169;0.0071765860;-0.7073418312;1946;1620231237.726971065;1946
1620231237.7275829315;0.0201705152;-1.4778770091;0.1676836599;0.7268121047;-0.0127144283;0.0062709174;0.6866900199;1620231237.7188370228;-0.0537240570;5.2450788913;1.4841010541;0.7068094786;0.0062572463;0.0071681403;-0.7073399647;1946;1620231237.726971065;1946
1620231237.7438430786;0.0201893150;-1.4778817907;0.1676574689;0.7268579320;-0.0127683901;0.0062609382;0.6866406015;1620231237.7276270390;-0.0537357363;5.2450777436;1.4841100584;0.7068071553;0.0062480174;0.0071717747;-0.7073423310;1947;1620231237.778913761;1947
1620231237.7522690296;0.0202137325;-1.4778878668;0.1676887943;0.7268494366;-0.0127904429;0.0062203565;0.6866495527;1620231237.7438809872;-0.0537624953;5.2450640511;1.4841122009;0.7068049261;0.0062437264;0.0071741564;-0.7073445722;1947;1620231237.778913761;1947
1620231237.7608430386;0.0201736521;-1.4778840584;0.1676870792;0.7268146068;-0.0127250883;0.0062725247;0.6866871594;1620231237.7522919178;-0.0537314683;5.2450653230;1.4841020247;0.7068058274;0.0062537750;0.0071802873;-0.7073435206;1947;1620231237.778913761;1947
1620231237.7771840096;0.0201974154;-1.4778871784;0.1676799070;0.7268272276;-0.0127788956;0.0062397221;0.6866731004;1620231237.7608680725;-0.0537355087;5.2450734022;1.4840969905;0.7068061993;0.0062618135;0.0071846945;-0.7073430331;1948;1620231237.804885121;1948
1620231237.7854430676;0.0201877839;-1.4778713664;0.1676820709;0.7268432094;-0.0127517431;0.0062404703;0.6866566817;1620231237.7772080898;-0.0537473761;5.2450796757;1.4841030519;0.7068048953;0.0062641309;0.0071813190;-0.7073443499;1948;1620231237.804885121;1948
1620231237.7941029072;0.0201874869;-1.4778685480;0.1676767557;0.7268823622;-0.0126920173;0.0062416854;0.6866163306;1620231237.7854659557;-0.0537276561;5.2450679183;1.4841048143;0.7068055675;0.0062482237;0.0071654014;-0.7073439803;1948;1620231237.804885121;1948
1620231237.8021500111;0.0202166810;-1.4778827682;0.1676807493;0.7268683959;-0.0127593504;0.0062395398;0.6866298873;1620231237.7941279411;-0.0537502586;5.2450720263;1.4841067888;0.7068039238;0.0062427324;0.0071774735;-0.7073455488;1948;1620231237.804885121;1948
1620231237.8106040955;0.0201865090;-1.4778701040;0.1676945463;0.7268357342;-0.0127157882;0.0062235459;0.6866654146;1620231237.8021728992;-0.0537299908;5.2450687483;1.4841060100;0.7068067627;0.0062462765;0.0071777763;-0.7073426778;1949;1620231237.856827849;1949
1620231237.8187329769;0.0201816619;-1.4778777129;0.1676724443;0.7268075236;-0.0126958497;0.0062764880;0.6866951615;1620231237.8106269836;-0.0537351760;5.2450730327;1.4841070723;0.7068047401;0.0062454741;0.0071781529;-0.7073447020;1949;1620231237.856827849;1949
1620231237.8357999325;0.0201876484;-1.4778581496;0.1676703789;0.7268533717;-0.0126865548;0.0062739514;0.6866468269;1620231237.8187580109;-0.0537242520;5.2450624265;1.4841008319;0.7068070252;0.0062448033;0.0071659593;-0.7073425482;1949;1620231237.856827849;1949
1620231237.8447709084;0.0201722354;-1.4778525444;0.1676609908;0.7268417620;-0.0125799250;0.0063191606;0.6866606634;1620231237.8358249664;-0.0537237834;5.2450761676;1.4841083853;0.7068041544;0.0062493440;0.0071724900;-0.7073453106;1949;1620231237.856827849;1949
1620231237.8525619507;0.0201680694;-1.4778473657;0.1676601934;0.7268340357;-0.0125726578;0.0063037035;0.6866691169;1620231237.8447959423;-0.0537338859;5.2450705808;1.4841071051;0.7068046729;0.0062408592;0.0071702796;-0.7073448898;1950;1620231237.882799185;1950
1620231237.8604710102;0.0201737348;-1.4778500600;0.1676749490;0.7268157946;-0.0126103984;0.0062680386;0.6866880590;1620231237.8525879383;-0.0537262394;5.2450607606;1.4841031797;0.7068048605;0.0062255327;0.0071546970;-0.7073449952;1950;1620231237.882799185;1950
1620231237.8690090179;0.0201874876;-1.4778506842;0.1676655247;0.7267954626;-0.0126178458;0.0062698136;0.6867094254;1620231237.8604950905;-0.0537409288;5.2450689193;1.4841025120;0.7068086379;0.0062406228;0.0071683452;-0.7073409495;1950;1620231237.882799185;1950
1620231237.8856949806;0.0201787505;-1.4778552968;0.1676747395;0.7268693521;-0.0125277736;0.0063372994;0.6866322440;1620231237.8690330982;-0.0537301046;5.2450756639;1.4840972871;0.7068076145;0.0062383344;0.0071686046;-0.7073419897;1951;1620231237.908770537;1951
1620231237.8942949772;0.0201449763;-1.4778467555;0.1676648401;0.7268505749;-0.0124251821;0.0063897269;0.6866534993;1620231237.8857181072;-0.0537400674;5.2451121446;1.4840979726;0.7068155598;0.0062604784;0.0071906615;-0.7073336308;1951;1620231237.908770537;1951
1620231237.9023170471;0.0201237113;-1.4778384701;0.1676407303;0.7268151780;-0.0123858021;0.0064288490;0.6866913127;1620231237.8943190575;-0.0537185529;5.2451148652;1.4840934473;0.7068179299;0.0062672405;0.0071936071;-0.7073311726;1951;1620231237.908770537;1951
1620231237.9107720852;0.0201397645;-1.4778443825;0.1676613190;0.7268673009;-0.0124109978;0.0064173137;0.6866357929;1620231237.9023470879;-0.0537278381;5.2451081675;1.4840945820;0.7068130536;0.0062654000;0.0071912283;-0.7073360858;1951;1620231237.908770537;1951
1620231237.9186120033;0.0201376969;-1.4778499379;0.1676821317;0.7268271403;-0.0124461124;0.0063652404;0.6866781533;1620231237.9108209610;-0.0537193770;5.2451145585;1.4840924839;0.7068067940;0.0062809124;0.0072006004;-0.7073421078;1952;1620231237.960713281;1952
1620231237.9352030754;0.0201293967;-1.4778401886;0.1676626786;0.7268816358;-0.0123325596;0.0064119615;0.6866220811;1620231237.9186370373;-0.0537257273;5.2451052106;1.4840949800;0.7068058138;0.0062736688;0.0071985511;-0.7073431723;1952;1620231237.960713281;1952
1620231237.9433410168;0.0201156370;-1.4778427600;0.1676593661;0.7268566043;-0.0123162975;0.0064427172;0.6866485833;1620231237.9352290630;-0.0537230672;5.2450862124;1.4840985149;0.7068028784;0.0062591297;0.0071822844;-0.7073463997;1952;1620231237.960713281;1952
1620231237.9511530399;0.0201196666;-1.4778323690;0.1676547896;0.7268313610;-0.0123100202;0.0063870673;0.6866759363;1620231237.9433729649;-0.0537433152;5.2450819035;1.4841041571;0.7068041852;0.0062602242;0.0071820908;-0.7073450862;1952;1620231237.960713281;1952
1620231237.9601340294;0.0201090501;-1.4778369130;0.1676477798;0.7268184127;-0.0122937564;0.0064198310;0.6866896273;1620231237.9511849880;-0.0537223407;5.2450683395;1.4841031820;0.7068057354;0.0062463582;0.0071736014;-0.7073437459;1953;1620231237.986684673;1953
1620231237.9773581028;0.0201393404;-1.4778511861;0.1676612677;0.7268286667;-0.0123410091;0.0063953391;0.6866781548;1620231237.9601740837;-0.0537423153;5.2450641361;1.4841042418;0.7068061390;0.0062379293;0.0071686292;-0.7073434674;1953;1620231237.986684673;1953
1620231237.9843769073;0.0201211388;-1.4778495884;0.1676438263;0.7268417435;-0.0122800216;0.0064300228;0.6866650827;1620231237.9773700237;-0.0537218792;5.2450670122;1.4841021873;0.7068053136;0.0062557380;0.0071807077;-0.7073440124;1953;1620231237.986684673;1953
1620231237.9926199913;0.0201416502;-1.4778438397;0.1676399349;0.7268864774;-0.0122502249;0.0064169161;0.6866183832;1620231237.9843881130;-0.0537479943;5.2450759058;1.4841102000;0.7068034784;0.0062546152;0.0071831091;-0.7073458318;1954;1620231238.038627369;1954
1620231238.0007629395;0.0201202687;-1.4778466665;0.1676291657;0.7268487560;-0.0122544392;0.0064777168;0.6866576686;1620231237.9926319122;-0.0537217788;5.2450664742;1.4841063078;0.7068047217;0.0062460694;0.0071701713;-0.7073447961;1954;1620231238.038627369;1954
1620231238.0092620850;0.0201136785;-1.4778439242;0.1676433013;0.7268286429;-0.0122754989;0.0064191203;0.6866791324;1620231238.0007750988;-0.0537190708;5.2450755697;1.4841013495;0.7068051122;0.0062597544;0.0071776581;-0.7073442090;1954;1620231238.038627369;1954
1620231238.0258669853;0.0201230639;-1.4778485899;0.1676215193;0.7268438112;-0.0123006979;0.0064357164;0.6866624706;1620231238.0092749596;-0.0537095620;5.2450795199;1.4841043225;0.7068017722;0.0062569130;0.0071742723;-0.7073476060;1954;1620231238.038627369;1954
1620231238.0342769623;0.0201598520;-1.4778688411;0.1676475014;0.7268676377;-0.0123706429;0.0063779032;0.6866365318;1620231238.0258800983;-0.0537120499;5.2450700400;1.4840953301;0.7068020687;0.0062566030;0.0071681564;-0.7073473744;1955;1620231238.064598785;1955
1620231238.0426309109;0.0201509309;-1.4778685353;0.1676321462;0.7268513158;-0.0123924023;0.0064007145;0.6866532050;1620231238.0342888832;-0.0537167700;5.2450751440;1.4840927296;0.7068036434;0.0062624390;0.0071803876;-0.7073456253;1955;1620231238.064598785;1955
1620231238.0510420799;0.0201290104;-1.4778606369;0.1676254135;0.7268534332;-0.0123352582;0.0064094019;0.6866519115;1620231238.0426421165;-0.0537188815;5.2450672297;1.4840978544;0.7068071992;0.0062533322;0.0071743053;-0.7073422145;1955;1620231238.064598785;1955
1620231238.0592479706;0.0201533144;-1.4778725622;0.1676375381;0.7268306188;-0.0124207083;0.0063881251;0.6866747188;1620231238.0510520935;-0.0537199615;5.2450756149;1.4840986793;0.7068078001;0.0062616360;0.0071921245;-0.7073413596;1955;1620231238.064598785;1955
1620231238.0759150982;0.0201386622;-1.4778531467;0.1676236061;0.7268172755;-0.0123552070;0.0064034885;0.6866898807;1620231238.0592598915;-0.0537473082;5.2450813781;1.4841055483;0.7068044228;0.0062664095;0.0071965519;-0.7073446470;1956;1620231238.090570081;1956
1620231238.0842850208;0.0201299252;-1.4778626584;0.1676288376;0.7268323911;-0.0123405633;0.0064163707;0.6866740245;1620231238.0759270191;-0.0537479361;5.2450732453;1.4841144342;0.7067979725;0.0062573203;0.0071874301;-0.7073512655;1956;1620231238.090570081;1956
1620231238.0928659439;0.0201769858;-1.4778799616;0.1676445084;0.7268467060;-0.0124810627;0.0063611272;0.6866568467;1620231238.0842959881;-0.0537529126;5.2450805729;1.4841122764;0.7067986335;0.0062682699;0.0072005778;-0.7073503744;1956;1620231238.090570081;1956
1620231238.1003289223;0.0201715835;-1.4778831643;0.1676408285;0.7268269245;-0.0125036012;0.0063646015;0.6866773432;1620231238.0928781033;-0.0537574267;5.2450761815;1.4841107187;0.7067995665;0.0062689470;0.0072005467;-0.7073494365;1957;1620231238.142512753;1957
1620231238.1091289520;0.0201612777;-1.4778822306;0.1676489337;0.7268050537;-0.0125163019;0.0063423806;0.6867004663;1620231238.1003398895;-0.0537215440;5.2450710380;1.4840995636;0.7067927856;0.0062719118;0.0071987645;-0.7073562039;1957;1620231238.142512753;1957
1620231238.1258709431;0.0201531681;-1.4778634768;0.1676326790;0.7267985381;-0.0124379384;0.0063398534;0.6867088094;1620231238.1091411114;-0.0537502895;5.2450648924;1.4841042821;0.7067949791;0.0062656990;0.0071978706;-0.7073540762;1957;1620231238.142512753;1957
1620231238.1340899467;0.0201595581;-1.4778846170;0.1676450874;0.7268292944;-0.0124724354;0.0063787298;0.6866752704;1620231238.1258940697;-0.0537159778;5.2450554954;1.4840968742;0.7067978380;0.0062565778;0.0071845430;-0.7073514358;1957;1620231238.142512753;1957
1620231238.1426389217;0.0201841051;-1.4778833807;0.1676456452;0.7268194895;-0.0125194820;0.0063194045;0.6866853408;1620231238.1341030598;-0.0537172037;5.2450527282;1.4840953397;0.7068044965;0.0062549999;0.0071808666;-0.7073448337;1958;1620231238.168484113;1958
1620231238.1507630348;0.0201441076;-1.4778661030;0.1676385919;0.7268130741;-0.0124023021;0.0063868517;0.6866936336;1620231238.1426661015;-0.0537359427;5.2450544342;1.4840988297;0.7068044725;0.0062505602;0.0071777995;-0.7073449281;1958;1620231238.168484113;1958
1620231238.1591351032;0.0201432734;-1.4778621700;0.1676450004;0.7268088796;-0.0124461375;0.0063431222;0.6866976853;1620231238.1507740021;-0.0537119418;5.2450389400;1.4840966234;0.7068078516;0.0062381044;0.0071643443;-0.7073417980;1958;1620231238.168484113;1958
1620231238.1757349968;0.0201720936;-1.4778679281;0.1676580632;0.7268134090;-0.0124892671;0.0063289579;0.6866922389;1620231238.1591470242;-0.0537415166;5.2450403856;1.4841000870;0.7068044482;0.0062463467;0.0071729511;-0.7073450388;1958;1620231238.168484113;1958
1620231238.1840710640;0.0201897475;-1.4778715146;0.1676561993;0.7268255824;-0.0125276629;0.0063135492;0.6866787965;1620231238.1757590771;-0.0537417871;5.2450609115;1.4841026821;0.7068031085;0.0062673066;0.0071958624;-0.7073459593;1959;1620231238.220426881;1959
1620231238.2014429569;0.0201683259;-1.4778586702;0.1676331427;0.7268214449;-0.0124029967;0.0063749511;0.6866848716;1620231238.1840920448;-0.0537456901;5.2450544264;1.4841013809;0.7068037022;0.0062530901;0.0071876446;-0.7073455755;1959;1620231238.220426881;1959
1620231238.2102210522;0.0201738675;-1.4778783367;0.1676457837;0.7267998482;-0.0124994693;0.0063462896;0.6867062462;1620231238.2014539242;-0.0537458940;5.2450657095;1.4841045906;0.7068005576;0.0062585457;0.0071872241;-0.7073486737;1960;1620231238.246398193;1960
1620231238.2265069485;0.0201529176;-1.4778688783;0.1676270669;0.7268028887;-0.0124438625;0.0063604740;0.6867039068;1620231238.2102470398;-0.0537175930;5.2450633465;1.4841037786;0.7068001865;0.0062559671;0.0071799115;-0.7073491416;1960;1620231238.246398193;1960
1620231238.2355558872;0.0201866264;-1.4778713607;0.1676509880;0.7268509696;-0.0124953409;0.0063358695;0.6866523074;1620231238.2265179157;-0.0537398862;5.2450742834;1.4841033210;0.7068056508;0.0062525672;0.0071861963;-0.7073436477;1960;1620231238.246398193;1960
1620231238.2423880100;0.0201397710;-1.4778479477;0.1676345574;0.7267876547;-0.0124040346;0.0063646971;0.6867207114;1620231238.2355821133;-0.0537115919;5.2450677406;1.4840984122;0.7068071504;0.0062438147;0.0071704256;-0.7073423866;1960;1620231238.246398193;1960
1620231238.2510349751;0.0201785345;-1.4778737354;0.1676513620;0.7268129785;-0.0125118296;0.0063592003;0.6866920044;1620231238.2424390316;-0.0537198515;5.2450632514;1.4840951249;0.7068065235;0.0062392886;0.0071694676;-0.7073430627;1961;1620231238.272369529;1961
1620231238.2604210377;0.0201703020;-1.4778711091;0.1676485247;0.7268408222;-0.0124933092;0.0063747666;0.6866627256;1620231238.2510459423;-0.0537203202;5.2450706434;1.4840923207;0.7068050059;0.0062533196;0.0071794749;-0.7073443538;1961;1620231238.272369529;1961
1620231238.2765929699;0.0201505948;-1.4778633973;0.1676275134;0.7268264927;-0.0124369321;0.0063848917;0.6866788226;1620231238.2604529858;-0.0537380550;5.2450750842;1.4840938237;0.7068024429;0.0062590501;0.0071837164;-0.7073468211;1961;1620231238.272369529;1961
1620231238.2844779491;0.0201533143;-1.4778572809;0.1676328705;0.7268361215;-0.0124079012;0.0063759936;0.6866692386;1620231238.2766280174;-0.0537383344;5.2450931131;1.4840932808;0.7068065923;0.0062769736;0.0071991315;-0.7073423593;1962;1620231238.324312257;1962
1620231238.2928640842;0.0201496750;-1.4778676352;0.1676384571;0.7268042364;-0.0124265645;0.0064298911;0.6867021472;1620231238.2844929695;-0.0537401413;5.2450944287;1.4840988868;0.7068066558;0.0062669260;0.0071947769;-0.7073424292;1962;1620231238.324312257;1962
1620231238.3010849953;0.0201636459;-1.4778753941;0.1676284037;0.7268432988;-0.0124276109;0.0063674793;0.6866613639;1620231238.2928810120;-0.0537462395;5.2450983612;1.4841057035;0.7068089764;0.0062658594;0.0071943513;-0.7073401242;1962;1620231238.324312257;1962
1620231238.3173439503;0.0201554107;-1.4778675756;0.1676180960;0.7268656648;-0.0123787170;0.0063977848;0.6866382898;1620231238.3011000156;-0.0537451518;5.2451067450;1.4841159640;0.7068071678;0.0062625420;0.0071920723;-0.7073419839;1962;1620231238.324312257;1962
1620231238.3263249397;0.0201469206;-1.4778637908;0.1676182981;0.7268420943;-0.0123610618;0.0064072256;0.6866634704;1620231238.3173599243;-0.0537206605;5.2451066418;1.4841119794;0.7068087515;0.0062638428;0.0071947702;-0.7073403624;1963;1620231238.350283609;1963
1620231238.3340001106;0.0201705886;-1.4778679349;0.1676440421;0.7268339751;-0.0124194258;0.0063742501;0.6866713183;1620231238.3263421059;-0.0537401160;5.2450918507;1.4841102572;0.7068068238;0.0062477785;0.0071792329;-0.7073425886;1963;1620231238.350283609;1963
1620231238.3428499699;0.0201540078;-1.4778621197;0.1676166081;0.7268114952;-0.0123927011;0.0064203291;0.6866951658;1620231238.3340148926;-0.0537418432;5.2450963300;1.4841156287;0.7068071294;0.0062507068;0.0071821641;-0.7073422276;1963;1620231238.350283609;1963
1620231238.3508059978;0.0201309909;-1.4778577793;0.1676217254;0.7267858797;-0.0123516912;0.0064291077;0.6867229335;1620231238.3428630829;-0.0537381846;5.2450887763;1.4841226800;0.7068097007;0.0062477584;0.0071648219;-0.7073398602;1963;1620231238.350283609;1963
1620231238.3592009544;0.0201758322;-1.4778659807;0.1676381795;0.7268057793;-0.0124282307;0.0064132279;0.6867006399;1620231238.3508210182;-0.0537188861;5.2450871270;1.4841206432;0.7068155788;0.0062477660;0.0071610738;-0.7073340243;1964;1620231238.402226257;1964
1620231238.3759319782;0.0201595044;-1.4778652748;0.1676178959;0.7268307655;-0.0123409241;0.0064683053;0.6866752515;1620231238.3592178822;-0.0537252903;5.2450870931;1.4841188694;0.7068195138;0.0062529418;0.0071644474;-0.7073300123;1964;1620231238.402226257;1964
1620231238.3924670219;0.0201432989;-1.4778528756;0.1676293609;0.7268114639;-0.0122947998;0.0064444762;0.6866967326;1620231238.3759479523;-0.0537248378;5.2450718385;1.4841165909;0.7068149760;0.0062363862;0.0071543181;-0.7073347955;1965;1620231238.428197729;1965
1620231238.4006879330;0.0201603292;-1.4778727681;0.1676420718;0.7268011583;-0.0123739097;0.0064241400;0.6867064097;1620231238.3924839497;-0.0537254488;5.2450670685;1.4841080495;0.7068111830;0.0062435760;0.0071618108;-0.7073384465;1965;1620231238.428197729;1965
1620231238.4090309143;0.0201719839;-1.4778733075;0.1676382394;0.7268165927;-0.0123596789;0.0064305083;0.6866902704;1620231238.4007039070;-0.0537470954;5.2450691748;1.4841075015;0.7068073649;0.0062421194;0.0071700071;-0.7073421915;1965;1620231238.428197729;1965
1620231238.4258599281;0.0201785627;-1.4778759043;0.1676402562;0.7268504019;-0.0123324398;0.0064276098;0.6866550008;1620231238.4090468884;-0.0537367561;5.2450639529;1.4841029903;0.7068108768;0.0062482776;0.0071745165;-0.7073385821;1965;1620231238.428197729;1965
1620231238.4339780807;0.0201340035;-1.4778647793;0.1676151777;0.7268012043;-0.0122257689;0.0065009329;0.6867082917;1620231238.4258770943;-0.0537266879;5.2450807324;1.4840954382;0.7068050139;0.0062649723;0.0071909217;-0.7073441263;1966;1620231238.454169017;1966
1620231238.4426240921;0.0201301868;-1.4778559804;0.1676216161;0.7268122576;-0.0122060708;0.0064928510;0.6866970198;1620231238.4339919090;-0.0537260058;5.2450960701;1.4840896065;0.7068092118;0.0062838436;0.0072071336;-0.7073395993;1966;1620231238.454169017;1966
1620231238.4507019520;0.0201498349;-1.4778686205;0.1676304288;0.7267871477;-0.0122809266;0.0064779103;0.6867224020;1620231238.4426538944;-0.0537592936;5.2450856309;1.4840941078;0.7068064857;0.0062692142;0.0071998884;-0.7073425269;1966;1620231238.454169017;1966
1620231238.4593329430;0.0201602488;-1.4778646946;0.1676370933;0.7268229576;-0.0122485413;0.0064589134;0.6866852583;1620231238.4507179260;-0.0537291226;5.2450829422;1.4840894028;0.7068045814;0.0062657591;0.0071947790;-0.7073445123;1966;1620231238.454169017;1966
1620231238.4758338928;0.0201482299;-1.4778587972;0.1676195620;0.7268419696;-0.0122149459;0.0064640222;0.6866656849;1620231238.4593529701;-0.0537539087;5.2450888389;1.4840922962;0.7068063829;0.0062707588;0.0071988862;-0.7073426261;1967;1620231238.506111777;1967
1620231238.4839730263;0.0201306850;-1.4778595816;0.1676085387;0.7268082812;-0.0121830508;0.0065057814;0.6867015149;1620231238.4758510590;-0.0537356378;5.2450743412;1.4840892495;0.7068044543;0.0062537088;0.0071821539;-0.7073448743;1967;1620231238.506111777;1967
1620231238.4930369854;0.0201347606;-1.4778598783;0.1676284047;0.7268094660;-0.0121733712;0.0064637832;0.6867008291;1620231238.4839880466;-0.0537340337;5.2450789671;1.4840949506;0.7068055465;0.0062535412;0.0071818237;-0.7073437878;1967;1620231238.506111777;1967
1620231238.5006890297;0.0201522788;-1.4778654541;0.1676207917;0.7267909785;-0.0122570901;0.0064474409;0.6867190603;1620231238.4930539131;-0.0537334329;5.2450738212;1.4840935041;0.7068077027;0.0062526041;0.0071753441;-0.7073417073;1968;1620231238.532083145;1968
1620231238.5091459751;0.0201545300;-1.4778712088;0.1676203520;0.7268256003;-0.0121992556;0.0065066482;0.6866828878;1620231238.5007059574;-0.0537342439;5.2450812125;1.4840940029;0.7068098559;0.0062594819;0.0071844735;-0.7073394021;1968;1620231238.532083145;1968
1620231238.5257968903;0.0201273786;-1.4778604657;0.1676198234;0.7268338014;-0.0121049980;0.0065246323;0.6866757047;1620231238.5091629028;-0.0537575499;5.2450842655;1.4840988702;0.7068077525;0.0062622459;0.0071890777;-0.7073414328;1968;1620231238.532083145;1968
1620231238.5341129303;0.0201412081;-1.4778678150;0.1676327229;0.7268300877;-0.0122113343;0.0065033495;0.6866779546;1620231238.5258131027;-0.0537601456;5.2450755645;1.4840988937;0.7068099641;0.0062544844;0.0071813034;-0.7073393704;1968;1620231238.532083145;1968
1620231238.5423669815;0.0201579280;-1.4778679339;0.1676310839;0.7268080314;-0.0122991183;0.0064236210;0.6867004836;1620231238.5341238976;-0.0537328756;5.2450701819;1.4840979960;0.7068061144;0.0062515428;0.0071775598;-0.7073432812;1969;1620231238.584025777;1969
1620231238.5509469509;0.0201463212;-1.4778665722;0.1676387537;0.7268239633;-0.0122227548;0.0064761720;0.6866844908;1620231238.5423779488;-0.0537623058;5.2450668759;1.4840997106;0.7068094050;0.0062540388;0.0071812104;-0.7073399340;1969;1620231238.584025777;1969
1620231238.5591309071;0.0201270651;-1.4778535259;0.1676140132;0.7268263103;-0.0121546432;0.0064862308;0.6866831206;1620231238.5509641171;-0.0537572408;5.2450727301;1.4841019723;0.7068070747;0.0062568108;0.0071851074;-0.7073421984;1969;1620231238.584025777;1969
1620231238.5677969456;0.0201561706;-1.4778674296;0.1676274894;0.7268493887;-0.0122483362;0.0064785488;0.6866570999;1620231238.5591490269;-0.0537551981;5.2450729135;1.4841027890;0.7068061453;0.0062581525;0.0071845917;-0.7073431206;1970;1620231238.609997177;1970
1620231238.5841569901;0.0201459271;-1.4778791214;0.1676300302;0.7268344071;-0.0122942722;0.0064845499;0.6866720805;1620231238.5678141117;-0.0537545932;5.2450756395;1.4840978160;0.7068068139;0.0062637515;0.0071950663;-0.7073422964;1970;1620231238.609997177;1970
1620231238.5923678875;0.0201086642;-1.4778629157;0.1676144371;0.7268037625;-0.0122473955;0.0065023841;0.6867051850;1620231238.5841729641;-0.0537509273;5.2450863714;1.4841023298;0.7068054996;0.0062715725;0.0072002589;-0.7073434876;1970;1620231238.609997177;1970
1620231238.6007180214;0.0201358498;-1.4778632872;0.1676211026;0.7268288721;-0.0122830175;0.0064626368;0.6866783472;1620231238.5923860073;-0.0537452299;5.2450923552;1.4841019100;0.7068043696;0.0062760660;0.0072056975;-0.7073445215;1970;1620231238.609997177;1970
1620231238.6092119217;0.0201384492;-1.4778614145;0.1676284187;0.7268381708;-0.0123097932;0.0064593984;0.6866680556;1620231238.6007330418;-0.0537444609;5.2450869454;1.4840977798;0.7068078813;0.0062747023;0.0072012765;-0.7073410695;1971;1620231238.635968465;1971
1620231238.6257309914;0.0201507248;-1.4778783269;0.1676391637;0.7268343584;-0.0124200257;0.0064385294;0.6866703020;1620231238.6092278957;-0.0537470119;5.2450801862;1.4841002097;0.7068071495;0.0062614296;0.0071978218;-0.7073419535;1971;1620231238.635968465;1971
1620231238.6340188980;0.0201634577;-1.4778759153;0.1676399541;0.7268249044;-0.0124988470;0.0063645481;0.6866795684;1620231238.6257469654;-0.0537416383;5.2450676596;1.4841015836;0.7068058129;0.0062602077;0.0071876659;-0.7073434033;1971;1620231238.635968465;1971
1620231238.6428599358;0.0201404016;-1.4778700251;0.1676187621;0.7268320833;-0.0124312072;0.0064141195;0.6866727363;1620231238.6340351105;-0.0537380392;5.2450693886;1.4841006966;0.7068030594;0.0062658249;0.0071932663;-0.7073460480;1971;1620231238.635968465;1971
1620231238.6508860588;0.0201658425;-1.4778837156;0.1676468652;0.7268233669;-0.0125232831;0.0063714235;0.6866806869;1620231238.6428771019;-0.0537379534;5.2450588459;1.4841007225;0.7068024503;0.0062530088;0.0071809107;-0.7073468956;1972;1620231238.687911169;1972
1620231238.6591660976;0.0201549736;-1.4778829690;0.1676328082;0.7268288843;-0.0125493287;0.0063728073;0.6866743585;1620231238.6509010792;-0.0537301680;5.2450557909;1.4841021827;0.7067988714;0.0062515918;0.0071766092;-0.7073505278;1972;1620231238.687911169;1972
1620231238.6759269238;0.0201573320;-1.4778824030;0.1676356400;0.7268086460;-0.0125779066;0.0063526981;0.6866954431;1620231238.6591820717;-0.0537264254;5.2450581830;1.4841008957;0.7068016885;0.0062567105;0.0071786885;-0.7073476466;1972;1620231238.687911169;1972
1620231238.6843869686;0.0201495574;-1.4778816630;0.1676182814;0.7268209007;-0.0125673851;0.0063478224;0.6866827100;1620231238.6759409904;-0.0537345784;5.2450487714;1.4841017913;0.7067952732;0.0062508854;0.0071747096;-0.7073541487;1973;1620231238.713882585;1973
1620231238.6925449371;0.0201330660;-1.4778688455;0.1676178527;0.7268278903;-0.0125124247;0.0063895391;0.6866759286;1620231238.6844000816;-0.0537309342;5.2450541917;1.4841011433;0.7067996955;0.0062516770;0.0071717732;-0.7073497527;1973;1620231238.713882585;1973
1620231238.7019550800;0.0201551925;-1.4778794416;0.1676320055;0.7268115405;-0.0125801746;0.0063585750;0.6866922836;1620231238.6925680637;-0.0537228750;5.2450484621;1.4841025958;0.7067999639;0.0062426051;0.0071630317;-0.7073496532;1973;1620231238.713882585;1973
1620231238.7099258900;0.0201630527;-1.4778846709;0.1676320840;0.7268135146;-0.0126292481;0.0063442659;0.6866894257;1620231238.7019710541;-0.0537235151;5.2450551998;1.4841036044;0.7067998333;0.0062468915;0.0071669091;-0.7073497066;1973;1620231238.713882585;1973
1620231238.7187159061;0.0201733601;-1.4778872671;0.1676315299;0.7268170004;-0.0126633829;0.0063271599;0.6866852654;1620231238.7099430561;-0.0537291466;5.2450494571;1.4841016364;0.7068025552;0.0062484735;0.0071670860;-0.7073469711;1974;1620231238.765825241;1974
1620231238.7352809906;0.0201643799;-1.4778821988;0.1676340943;0.7268280062;-0.0126518806;0.0063569465;0.6866735531;1620231238.7187309265;-0.0537254592;5.2450557430;1.4841060604;0.7067999059;0.0062462105;0.0071678230;-0.7073496308;1974;1620231238.765825241;1974
1620231238.7436399460;0.0201261616;-1.4778687801;0.1676289345;0.7268060067;-0.0125505385;0.0063660330;0.6866986139;1620231238.7352969646;-0.0537351445;5.2450479017;1.4841041616;0.7068022371;0.0062375946;0.0071588289;-0.7073474685;1974;1620231238.765825241;1974
1620231238.7521250248;0.0201589907;-1.4778687388;0.1676298126;0.7268537364;-0.0125706089;0.0063627828;0.6866477559;1620231238.7436559200;-0.0537187878;5.2450528405;1.4840991155;0.7068026842;0.0062457926;0.0071676276;-0.7073468603;1974;1620231238.765825241;1974
1620231238.7599380016;0.0201662388;-1.4778793730;0.1676530227;0.7268286035;-0.0126683787;0.0063124633;0.6866730271;1620231238.7521409988;-0.0537125579;5.2450504212;1.4840995168;0.7068009573;0.0062386587;0.0071586734;-0.7073487395;1975;1620231238.791796673;1975
1620231238.7681748867;0.0201759947;-1.4778756355;0.1676613802;0.7268340974;-0.0126505905;0.0063037981;0.6866676194;1620231238.7599499226;-0.0537301129;5.2450543644;1.4841032157;0.7068025368;0.0062393201;0.0071594073;-0.7073471479;1975;1620231238.791796673;1975
1620231238.7845590115;0.0200178750;-1.4779049273;0.1674753903;0.7266119501;-0.0128589738;0.0067958337;0.6868941239;1620231238.7681899071;-0.0537153449;5.2450423412;1.4841003461;0.7068041207;0.0062390046;0.0071550315;-0.7073456123;1975;1620231238.791796673;1975
1620231238.7928769588;0.0200046729;-1.4779053308;0.1674814620;0.7265927895;-0.0128404413;0.0068087006;0.6869146111;1620231238.7845740318;-0.0537237847;5.2450413703;1.4841018374;0.7068013707;0.0062437322;0.0071593797;-0.7073482745;1976;1620231238.817767945;1976
1620231238.8013939857;0.0200054158;-1.4779040750;0.1674762082;0.7265860276;-0.0128457402;0.0068004836;0.6869217459;1620231238.7928919792;-0.0537209640;5.2450353947;1.4841036108;0.7068029518;0.0062335288;0.0071498656;-0.7073468808;1976;1620231238.817767945;1976
1620231238.8096370697;0.0200174638;-1.4779090165;0.1674802515;0.7266126527;-0.0128714605;0.0067896558;0.6868932078;1620231238.8014349937;-0.0537125758;5.2450464074;1.4841023016;0.7068062262;0.0062405421;0.0071567800;-0.7073434772;1976;1620231238.817767945;1976
1620231238.8263549805;0.0200023700;-1.4779062890;0.1674460048;0.7266162041;-0.0127893392;0.0068574627;0.6868903114;1620231238.8096520901;-0.0537194992;5.2450552347;1.4841032904;0.7068084191;0.0062474770;0.0071663878;-0.7073411274;1976;1620231238.817767945;1976
1620231238.8345470428;0.0201918147;-1.4778588099;0.1676273741;0.7268792769;-0.0126260346;0.0063364869;0.6866199451;1620231238.8263731003;-0.0537183885;5.2450476517;1.4841004649;0.7068039871;0.0062397382;0.0071602919;-0.7073456861;1977;1620231238.869710689;1977
1620231238.8433001041;0.0201980760;-1.4778563383;0.1676136224;0.7268718478;-0.0126512527;0.0063108060;0.6866275820;1620231238.8345630169;-0.0537137025;5.2450554943;1.4841009066;0.7068049222;0.0062506308;0.0071706330;-0.7073445508;1977;1620231238.869710689;1977
1620231238.8510959148;0.0201891485;-1.4778545513;0.1676164150;0.7268683997;-0.0126470075;0.0063153723;0.6866312684;1620231238.8433170319;-0.0537161901;5.2450520224;1.4840998819;0.7068021576;0.0062408175;0.0071610478;-0.7073474971;1977;1620231238.869710689;1977
1620231238.8599479198;0.0202252773;-1.4778713502;0.1676256080;0.7268768975;-0.0127388743;0.0063155162;0.6866205730;1620231238.8511118889;-0.0537149688;5.2450676926;1.4840980694;0.7068003751;0.0062570773;0.0071785181;-0.7073489575;1978;1620231238.895682009;1978
1620231238.8764209747;0.0201872120;-1.4778599672;0.1676132322;0.7268474384;-0.0126609087;0.0063495852;0.6866528857;1620231238.8599660397;-0.0537228935;5.2450721042;1.4840972120;0.7068006994;0.0062553719;0.0071831265;-0.7073486017;1978;1620231238.895682009;1978
1620231238.8844919205;0.0201920454;-1.4778695888;0.1676184291;0.7268700225;-0.0126792154;0.0063277963;0.6866288422;1620231238.8764379025;-0.0537201267;5.2450764431;1.4840957670;0.7068048007;0.0062590869;0.0071867353;-0.7073444341;1978;1620231238.895682009;1978
1620231238.8929080963;0.0202205444;-1.4778861114;0.1676190244;0.7268488211;-0.0127578713;0.0063296954;0.6866498110;1620231238.8845069408;-0.0537249458;5.2450677357;1.4840973326;0.7068028577;0.0062590229;0.0071843802;-0.7073464001;1978;1620231238.895682009;1978
1620231238.9013500214;0.0202155299;-1.4778806914;0.1676366890;0.7268559730;-0.0127721054;0.0062673739;0.6866425474;1620231238.8929240704;-0.0537365966;5.2450526515;1.4841001726;0.7068037748;0.0062459377;0.0071721853;-0.7073457231;1979;1620231238.947624737;1979
1620231238.9096410275;0.0201999336;-1.4778802650;0.1676394027;0.7268353377;-0.0127233510;0.0063197243;0.6866648159;1620231238.9013659954;-0.0537394099;5.2450608199;1.4840918880;0.7068035403;0.0062577427;0.0071847128;-0.7073457259;1979;1620231238.947624737;1979
1620231238.9263050556;0.0202045766;-1.4778847501;0.1676431141;0.7268432157;-0.0127496324;0.0062839334;0.6866563178;1620231238.9096670151;-0.0537318519;5.2450565003;1.4840977783;0.7068034310;0.0062457847;0.0071731401;-0.7073460583;1979;1620231238.947624737;1979
1620231238.9345688820;0.0201648057;-1.4778725239;0.1676317572;0.7267971622;-0.0126623135;0.0063098122;0.6867064417;1620231238.9263219833;-0.0537367971;5.2450584137;1.4840908173;0.7068099149;0.0062492977;0.0071779079;-0.7073394999;1979;1620231238.947624737;1979
1620231238.9431829453;0.0201813987;-1.4778697355;0.1676375960;0.7268298916;-0.0126855282;0.0062777380;0.6866716654;1620231238.9345850945;-0.0537365249;5.2450600184;1.4840934584;0.7068079459;0.0062419694;0.0071695334;-0.7073416170;1980;1620231238.973596065;1980
1620231238.9510769844;0.0201862779;-1.4778877818;0.1676304520;0.7268518953;-0.0127219316;0.0063081074;0.6866474223;1620231238.9431989193;-0.0537308484;5.2450599711;1.4840968621;0.7068108283;0.0062399356;0.0071678629;-0.7073387717;1980;1620231238.973596065;1980
1620231238.9598379135;0.0202055566;-1.4778812269;0.1676425558;0.7268420831;-0.0127678836;0.0062674123;0.6866573286;1620231238.9510939121;-0.0537433129;5.2450660475;1.4840965803;0.7068108622;0.0062433773;0.0071738692;-0.7073386466;1980;1620231238.973596065;1980
1620231238.9759929180;0.0201821740;-1.4778819011;0.1676329541;0.7268705244;-0.0127024183;0.0062895269;0.6866282336;1620231238.9598701000;-0.0537639083;5.2450668728;1.4841056051;0.7068101189;0.0062446402;0.0071757039;-0.7073393595;1981;1620231238.999567465;1981
1620231238.9841749668;0.0201991957;-1.4778902471;0.1676516823;0.7268446176;-0.0127957693;0.0062574064;0.6866542179;1620231238.9760038853;-0.0537374481;5.2450721553;1.4841052982;0.7068114434;0.0062514976;0.0071762800;-0.7073379697;1981;1620231238.999567465;1981
1620231238.9928989410;0.0201681499;-1.4778768539;0.1676427494;0.7268453947;-0.0126910889;0.0062911036;0.6866550302;1620231238.9841918945;-0.0537437900;5.2450713509;1.4841033907;0.7068140559;0.0062515354;0.0071799088;-0.7073353219;1981;1620231238.999567465;1981
1620231239.0009040833;0.0202033512;-1.4778908156;0.1676534573;0.7268581918;-0.0127944493;0.0062470753;0.6866399677;1620231238.9929170609;-0.0537401456;5.2450814469;1.4840990638;0.7068104052;0.0062612727;0.0071872245;-0.7073388094;1981;1620231238.999567465;1981
1620231239.0171680450;0.0201694328;-1.4778739836;0.1676408495;0.7268486499;-0.0127000038;0.0062673529;0.6866516368;1620231239.0009150505;-0.0537404122;5.2450845669;1.4841001218;0.7068106094;0.0062597658;0.0071869519;-0.7073386216;1982;1620231239.051510209;1982
1620231239.0341749191;0.0201835629;-1.4778783511;0.1676329472;0.7268680879;-0.0127127775;0.0062568108;0.6866309200;1620231239.0171790123;-0.0537374452;5.2450801506;1.4840995195;0.7068036842;0.0062572807;0.0071859201;-0.7073455740;1982;1620231239.051510209;1982
1620231239.0422549248;0.0202028895;-1.4778849955;0.1676461378;0.7268592581;-0.0127877273;0.0062659866;0.6866387917;1620231239.0341920853;-0.0537383055;5.2450577948;1.4841026720;0.7068004714;0.0062478686;0.0071743945;-0.7073489844;1982;1620231239.051510209;1982
1620231239.0507950783;0.0201834712;-1.4778840392;0.1676585491;0.7268580340;-0.0127264813;0.0062741440;0.6866411510;1620231239.0422720909;-0.0537461149;5.2450553004;1.4841041679;0.7068029398;0.0062419460;0.0071722128;-0.7073465924;1983;1620231239.077481537;1983
1620231239.0590848923;0.0201688957;-1.4778772597;0.1676304811;0.7268693874;-0.0126808541;0.0062978450;0.6866297595;1620231239.0508120060;-0.0537346221;5.2450661361;1.4840982422;0.7068052164;0.0062545998;0.0071806705;-0.7073441199;1983;1620231239.077481537;1983
1620231239.0758390427;0.0202065671;-1.4778933624;0.1676557649;0.7268885708;-0.0127998474;0.0062367292;0.6866078012;1620231239.0591020584;-0.0537330007;5.2450645750;1.4840929082;0.7068059897;0.0062558976;0.0071796841;-0.7073433457;1983;1620231239.077481537;1983
1620231239.0844819546;0.0201751652;-1.4778868857;0.1676322455;0.7268674170;-0.0127184812;0.0063062166;0.6866310726;1620231239.0758540630;-0.0537280438;5.2450604366;1.4840930939;0.7068055687;0.0062476784;0.0071764779;-0.7073438716;1984;1620231239.129424185;1984
1620231239.0928010941;0.0201909000;-1.4778945138;0.1676557698;0.7268533405;-0.0127503304;0.0062881289;0.6866455490;1620231239.0844969749;-0.0537256290;5.2450607949;1.4840883661;0.7068094162;0.0062554368;0.0071835510;-0.7073398867;1984;1620231239.129424185;1984
1620231239.1010770798;0.0201670162;-1.4778812858;0.1676294529;0.7268760232;-0.0126996875;0.0063158106;0.6866222218;1620231239.0928120613;-0.0537256846;5.2450683635;1.4840895284;0.7068097144;0.0062621423;0.0071878237;-0.7073394860;1984;1620231239.129424185;1984
1620231239.1091868877;0.0201968638;-1.4778905963;0.1676519841;0.7268820378;-0.0127429813;0.0063016647;0.6866151823;1620231239.1010940075;-0.0537459626;5.2450616519;1.4840958662;0.7068098616;0.0062574633;0.0071816953;-0.7073394425;1984;1620231239.129424185;1984
1620231239.1259880066;0.0201708964;-1.4778622610;0.1676488508;0.7268472258;-0.0127103269;0.0062531498;0.6866530828;1620231239.1092240810;-0.0537301706;5.2450575798;1.4840928292;0.7068093093;0.0062591853;0.0071814439;-0.7073399818;1985;1620231239.155395633;1985
1620231239.1340360641;0.0201674561;-1.4778536821;0.1676453933;0.7268177503;-0.0127135318;0.0062408775;0.6866843346;1620231239.1260070801;-0.0537335528;5.2450574392;1.4841014096;0.7068075071;0.0062567426;0.0071870576;-0.7073417471;1985;1620231239.155395633;1985
1620231239.1426570415;0.0201732121;-1.4778651501;0.1676658336;0.7268098705;-0.0127870840;0.0062507171;0.6866912197;1620231239.1340520382;-0.0537349695;5.2450459476;1.4841006092;0.7068060320;0.0062412604;0.0071732426;-0.7073434981;1985;1620231239.155395633;1985
1620231239.1529610157;0.0202066266;-1.4778724385;0.1676700795;0.7268301235;-0.0128272014;0.0061942437;0.6866695463;1620231239.1426739693;-0.0537376289;5.2450336209;1.4841002234;0.7068060186;0.0062268430;0.0071608283;-0.7073437644;1986;1620231239.181366969;1986
1620231239.1612610817;0.0201950177;-1.4778664743;0.1676424845;0.7268576826;-0.0127724977;0.0062288978;0.6866410805;1620231239.1529760361;-0.0537426687;5.2450379305;1.4840999276;0.7068069074;0.0062335460;0.0071691511;-0.7073427329;1986;1620231239.181366969;1986
1620231239.1768460274;0.0201589324;-1.4778735958;0.1676457844;0.7268276685;-0.0127154472;0.0062573144;0.6866736515;1620231239.1612770557;-0.0537645073;5.2450439877;1.4841094311;0.7068072272;0.0062361752;0.0071739903;-0.7073423411;1986;1620231239.181366969;1986
1620231239.1851670742;0.0201865241;-1.4778805088;0.1676422549;0.7268814426;-0.0127574494;0.0062367109;0.6866161368;1620231239.1768610477;-0.0537594034;5.2450398616;1.4841117806;0.7068079550;0.0062365790;0.0071669481;-0.7073416817;1986;1620231239.181366969;1986
1620231239.1945419312;0.0202077716;-1.4778891577;0.1676523907;0.7268260884;-0.0128366636;0.0061784363;0.6866737829;1620231239.1851840019;-0.0537702138;5.2450506265;1.4841142650;0.7068055520;0.0062419743;0.0071776563;-0.7073439267;1987;1620231239.233309633;1987
1620231239.2029659748;0.0201722937;-1.4778881772;0.1676328864;0.7268582903;-0.0127611164;0.0062586287;0.6866403785;1620231239.1945800781;-0.0537326831;5.2450477149;1.4841068645;0.7068026335;0.0062403962;0.0071711722;-0.7073469227;1987;1620231239.233309633;1987
1620231239.2099509239;0.0202017966;-1.4778960586;0.1676716507;0.7268646283;-0.0128106606;0.0061963764;0.6866333112;1620231239.2029800415;-0.0537606021;5.2450434735;1.4841112095;0.7068034015;0.0062384256;0.0071755516;-0.7073461283;1987;1620231239.233309633;1987
1620231239.2180690765;0.0201761755;-1.4778976532;0.1676540991;0.7268472360;-0.0127935997;0.0062425388;0.6866516220;1620231239.2099759579;-0.0537333794;5.2450297321;1.4841060061;0.7068055622;0.0062338806;0.0071606367;-0.7073441604;1987;1620231239.233309633;1987
1620231239.2354919910;0.0201938973;-1.4779043277;0.1676470850;0.7268619042;-0.0128313833;0.0062181919;0.6866356107;1620231239.2180950642;-0.0537304946;5.2450421173;1.4841074523;0.7068040217;0.0062402604;0.0071714910;-0.7073455335;1988;1620231239.259281041;1988
1620231239.2429010868;0.0201626872;-1.4778933968;0.1676350621;0.7268359014;-0.0127495753;0.0062562664;0.6866643138;1620231239.2355070114;-0.0537323026;5.2450304365;1.4841055515;0.7068032284;0.0062302681;0.0071610282;-0.7073465203;1988;1620231239.259281041;1988
1620231239.2510600090;0.0201443288;-1.4778989454;0.1676261256;0.7268423623;-0.0127346772;0.0062911719;0.6866574324;1620231239.2429230213;-0.0537557439;5.2450373765;1.4841083201;0.7068047711;0.0062393625;0.0071673637;-0.7073448344;1988;1620231239.259281041;1988
1620231239.2597250938;0.0201824766;-1.4779032374;0.1676417744;0.7268336804;-0.0128225720;0.0062479096;0.6866653816;1620231239.2510759830;-0.0537189977;5.2450432263;1.4841019248;0.7068049237;0.0062477563;0.0071700009;-0.7073445811;1989;1620231239.311223665;1989
1620231239.2756960392;0.0201467883;-1.4778890242;0.1676439169;0.7268144594;-0.0127107412;0.0062669968;0.6866876316;1620231239.2597420216;-0.0537238775;5.2450520144;1.4841036461;0.7068062565;0.0062528045;0.0071769525;-0.7073431342;1989;1620231239.311223665;1989
1620231239.2838408947;0.0201892782;-1.4778966227;0.1676620185;0.7268477745;-0.0128279567;0.0062091634;0.6866507136;1620231239.2757101059;-0.0537246663;5.2450661763;1.4841038529;0.7068022590;0.0062590874;0.0071867392;-0.7073469737;1989;1620231239.311223665;1989
1620231239.2924940586;0.0201958152;-1.4779030660;0.1676373111;0.7268580032;-0.0128218042;0.0062572682;0.6866395642;1620231239.2838521004;-0.0537451254;5.2450643400;1.4841048086;0.7068060021;0.0062568555;0.0071864657;-0.7073432560;1989;1620231239.311223665;1989
1620231239.3003489971;0.0201791026;-1.4779032738;0.1676363470;0.7268472710;-0.0128263332;0.0062568887;0.6866508437;1620231239.2925059795;-0.0537220370;5.2450562026;1.4841049406;0.7068042329;0.0062482898;0.0071753464;-0.7073452124;1990;1620231239.337195073;1990
1620231239.3169898987;0.0201710960;-1.4779084694;0.1676476785;0.7268373894;-0.0127881776;0.0062301237;0.6866622586;1620231239.3003690243;-0.0537408921;5.2450615759;1.4841054463;0.7068060110;0.0062521035;0.0071770348;-0.7073433849;1990;1620231239.337195073;1990
1620231239.3257880211;0.0201623356;-1.4778944536;0.1676215682;0.7268734675;-0.0127123971;0.0062654745;0.6866251532;1620231239.3169999123;-0.0537404433;5.2450627734;1.4840999008;0.7068050239;0.0062567350;0.0071829409;-0.7073442704;1990;1620231239.337195073;1990
1620231239.3336019516;0.0201817950;-1.4779071354;0.1676449395;0.7269051542;-0.0127777607;0.0062657773;0.6865903915;1620231239.3258008957;-0.0537532928;5.2450657205;1.4841003874;0.7068040066;0.0062601970;0.0071885586;-0.7073451992;1990;1620231239.337195073;1990
1620231239.3425729275;0.0201682980;-1.4779105991;0.1676404705;0.7268475808;-0.0127547233;0.0063071823;0.6866513895;1620231239.3336141109;-0.0537198572;5.2450699697;1.4840953556;0.7068033262;0.0062638545;0.0071884897;-0.7073458474;1991;1620231239.363166401;1991
1620231239.3507850170;0.0201647284;-1.4778977631;0.1676341815;0.7268569365;-0.0127100045;0.0062862854;0.6866425068;1620231239.3425838947;-0.0537237814;5.2450665154;1.4840971765;0.7068070709;0.0062651989;0.0071882648;-0.7073420959;1991;1620231239.363166401;1991
1620231239.3615200520;0.0201900600;-1.4779106082;0.1676420074;0.7268558072;-0.0128301088;0.0062490801;0.6866418083;1620231239.3507950306;-0.0537261690;5.2450663286;1.4841028547;0.7068047108;0.0062592361;0.0071863694;-0.7073445262;1991;1620231239.363166401;1991
1620231239.3695828915;0.0201679641;-1.4778994110;0.1676270989;0.7268534154;-0.0127032601;0.0063010230;0.6866462239;1620231239.3615469933;-0.0537408671;5.2450673286;1.4841039326;0.7068062838;0.0062598857;0.0071915758;-0.7073428959;1992;1620231239.415109049;1992
1620231239.3867828846;0.0201642832;-1.4778941358;0.1676189056;0.7268378730;-0.0127244261;0.0062845727;0.6866624349;1620231239.3696100712;-0.0537247669;5.2450677457;1.4841028398;0.7068030595;0.0062630865;0.0071920963;-0.7073460840;1992;1620231239.415109049;1992
1620231239.3941800594;0.0201918808;-1.4778900555;0.1676439426;0.7268686225;-0.0127274776;0.0062685760;0.6866299745;1620231239.3868100643;-0.0537135722;5.2450567601;1.4840985361;0.7068035724;0.0062593988;0.0071858430;-0.7073456677;1992;1620231239.415109049;1992
1620231239.4036400318;0.0201752041;-1.4778810693;0.1676227127;0.7268097210;-0.0127130807;0.0062450571;0.6866928034;1620231239.3942101002;-0.0537130589;5.2450642131;1.4840971534;0.7068013946;0.0062667481;0.0071933040;-0.7073477029;1992;1620231239.415109049;1992
1620231239.4115629196;0.0201968144;-1.4778878265;0.1676368006;0.7268606951;-0.0127740778;0.0062436303;0.6866377283;1620231239.4036700726;-0.0537399699;5.2450645261;1.4841052284;0.7067996179;0.0062595881;0.0071909845;-0.7073495652;1993;1620231239.441080505;1993
1620231239.4196898937;0.0201819170;-1.4778916599;0.1676333608;0.7268421419;-0.0127156637;0.0063053060;0.6866578885;1620231239.4115929604;-0.0537395443;5.2450596798;1.4841036746;0.7068007517;0.0062651948;0.0071930581;-0.7073483616;1993;1620231239.441080505;1993
1620231239.4281709194;0.0201955019;-1.4778824971;0.1676377925;0.7268580564;-0.0127385740;0.0062558593;0.6866410698;1620231239.4197189808;-0.0537226806;5.2450570949;1.4841005463;0.7067955967;0.0062599694;0.0071886148;-0.7073536040;1993;1620231239.441080505;1993
1620231239.4444470406;0.0201615266;-1.4778811076;0.1676139835;0.7268488357;-0.0126497636;0.0063259784;0.6866518299;1620231239.4282009602;-0.0537466373;5.2450589159;1.4840991046;0.7067951596;0.0062653643;0.0071999601;-0.7073538776;1994;1620231239.467051785;1994
1620231239.4535939693;0.0201670597;-1.4778684530;0.1676137189;0.7268519923;-0.0126449210;0.0062915650;0.6866488939;1620231239.4444599152;-0.0537523813;5.2450551756;1.4841026359;0.7067924338;0.0062631694;0.0071996662;-0.7073566237;1994;1620231239.467051785;1994
1620231239.4626469612;0.0201782629;-1.4778895869;0.1676228187;0.7268246747;-0.0127251884;0.0062787138;0.6866764446;1620231239.4536221027;-0.0537281855;5.2450482451;1.4840969110;0.7067889217;0.0062555244;0.0071947349;-0.7073602508;1994;1620231239.467051785;1994
1620231239.4703209400;0.0201580160;-1.4778731263;0.1676090757;0.7268640152;-0.0126128812;0.0063633533;0.6866360946;1620231239.4626779556;-0.0537527552;5.2450546903;1.4840968756;0.7067904158;0.0062569652;0.0071972702;-0.7073587193;1994;1620231239.467051785;1994
1620231239.4856600761;0.0199684532;-1.4778972295;0.1674366735;0.7265825378;-0.0127732632;0.0068401292;0.6869263950;1620231239.4703330994;-0.0537432877;5.2450558421;1.4840961745;0.7067917921;0.0062574584;0.0071961810;-0.7073573508;1995;1620231239.518994521;1995
1620231239.4945359230;0.0201652602;-1.4778808267;0.1676345875;0.7268442984;-0.0126781401;0.0063172934;0.6866561894;1620231239.4856901169;-0.0537242644;5.2450486858;1.4840939727;0.7067944781;0.0062514965;0.0071898067;-0.7073547845;1995;1620231239.518994521;1995
1620231239.5017180443;0.0201645550;-1.4778735499;0.1676329910;0.7268548430;-0.0126733807;0.0063023164;0.6866452529;1620231239.4945669174;-0.0537269942;5.2450495150;1.4840965596;0.7067956020;0.0062503770;0.0071871591;-0.7073536983;1995;1620231239.518994521;1995
1620231239.5116488934;0.0201792622;-1.4778778896;0.1676215863;0.7268562940;-0.0127028080;0.0063050002;0.6866431486;1620231239.5017459393;-0.0537234019;5.2450450046;1.4840980934;0.7067984754;0.0062488701;0.0071805878;-0.7073509073;1995;1620231239.518994521;1995
1620231239.5266630650;0.0201717808;-1.4778651816;0.1676219313;0.7268392692;-0.0126608882;0.0063227717;0.6866617808;1620231239.5116779804;-0.0537407305;5.2450571585;1.4841057513;0.7067980125;0.0062531708;0.0071850094;-0.7073512869;1996;1620231239.544965825;1996
1620231239.5361449718;0.0201583279;-1.4778597846;0.1676051068;0.7268338850;-0.0126358753;0.0063281740;0.6866678909;1620231239.5267100334;-0.0537362194;5.2450659794;1.4841076034;0.7068017638;0.0062600777;0.0071872525;-0.7073474546;1996;1620231239.544965825;1996
1620231239.5449709892;0.0200338589;-1.4779186715;0.1674406701;0.7266128269;-0.0129417109;0.0067822036;0.6868917772;1620231239.5361731052;-0.0537183873;5.2450601499;1.4841076224;0.7068031646;0.0062583053;0.0071807627;-0.7073461365;1996;1620231239.544965825;1996
1620231239.5525369644;0.0201579061;-1.4778563315;0.1676118291;0.7268459484;-0.0126187707;0.0063180712;0.6866555293;1620231239.5449988842;-0.0537529125;5.2450697689;1.4841141663;0.7068016186;0.0062611522;0.0071938934;-0.7073475227;1997;1620231239.596908561;1997
1620231239.5605978966;0.0201764658;-1.4778742954;0.1676410778;0.7268525202;-0.0126939171;0.0062733888;0.6866475973;1620231239.5525670052;-0.0537266762;5.2450629226;1.4841073331;0.7068029162;0.0062522127;0.0071822479;-0.7073464235;1997;1620231239.596908561;1997
1620231239.5684220791;0.0201832426;-1.4778740372;0.1676269784;0.7268501310;-0.0127006960;0.0063077931;0.6866496859;1620231239.5606279373;-0.0537292244;5.2450692238;1.4841108522;0.7068011467;0.0062558650;0.0071889122;-0.7073480916;1997;1620231239.596908561;1997
1620231239.5850639343;0.0201870422;-1.4778809296;0.1676344224;0.7268604242;-0.0126866716;0.0062743768;0.6866393553;1620231239.5684490204;-0.0537459484;5.2450717030;1.4841159818;0.7068021724;0.0062559342;0.0071879502;-0.7073470759;1997;1620231239.596908561;1997
1620231239.5935599804;0.0201767845;-1.4778855960;0.1676297876;0.7268409744;-0.0127106205;0.0062453106;0.6866597660;1620231239.5850899220;-0.0537253233;5.2450729370;1.4841151256;0.7068017610;0.0062550881;0.0071805386;-0.7073475697;1998;1620231239.622879905;1998
1620231239.6021120548;0.0199762189;-1.4779117934;0.1674340305;0.7266168635;-0.0127988455;0.0068135456;0.6868898739;1620231239.5935890675;-0.0537480962;5.2450763735;1.4841182953;0.7068016685;0.0062559487;0.0071859180;-0.7073475999;1998;1620231239.622879905;1998
1620231239.6110041142;0.0201813918;-1.4778850347;0.1676381084;0.7268536397;-0.0126898196;0.0062728107;0.6866464933;1620231239.6021389961;-0.0537560029;5.2451020436;1.4841145978;0.7068028091;0.0062813423;0.0072120339;-0.7073459694;1998;1620231239.622879905;1998
1620231239.6197159290;0.0199756643;-1.4779216233;0.1674311181;0.7266011480;-0.0128151551;0.0068287110;0.6869060433;1620231239.6110320091;-0.0537259930;5.2450778864;1.4841127341;0.7068026827;0.0062630600;0.0071877638;-0.7073465048;1999;1620231239.648851329;1999
1620231239.6353330612;0.0201739755;-1.4778868008;0.1676347083;0.7268611149;-0.0126777682;0.0063030118;0.6866385263;1620231239.6197440624;-0.0537269606;5.2450832962;1.4841181524;0.7067995943;0.0062604427;0.0071854619;-0.7073496374;1999;1620231239.648851329;1999
1620231239.6434569359;0.0202025325;-1.4778969174;0.1676373411;0.7269161809;-0.0127202497;0.0062836334;0.6865796218;1620231239.6353690624;-0.0537525135;5.2450756830;1.4841204458;0.7068009798;0.0062524673;0.0071763118;-0.7073484164;1999;1620231239.648851329;1999
1620231239.6517179012;0.0201603672;-1.4778823745;0.1676189572;0.7268656262;-0.0126371179;0.0062891508;0.6866346272;1620231239.6434841156;-0.0537253317;5.2450795346;1.4841134593;0.7068011608;0.0062632796;0.0071850918;-0.7073480508;1999;1620231239.648851329;1999
1620231239.6604468822;0.0201771173;-1.4778963760;0.1676255252;0.7268744393;-0.0126673433;0.0063250936;0.6866244105;1620231239.6517438889;-0.0537249485;5.2450737159;1.4841167830;0.7067984468;0.0062480691;0.0071750490;-0.7073509991;2000;1620231239.700794017;2000
1620231239.6767199039;0.0201845804;-1.4779016305;0.1676290497;0.7268889484;-0.0126778965;0.0063004139;0.6866090827;1620231239.6604750156;-0.0537284174;5.2450665486;1.4841161957;0.7067995959;0.0062436358;0.0071696974;-0.7073499443;2000;1620231239.700794017;2000
1620231239.6933469772;0.0201608391;-1.4778854908;0.1676248756;0.7269000418;-0.0125825482;0.0063209721;0.6865989033;1620231239.6767570972;-0.0537221063;5.2450652619;1.4841138238;0.7068016480;0.0062423813;0.0071656145;-0.7073479462;2001;1620231239.726765369;2001
1620231239.7020421028;0.0201643515;-1.4778883722;0.1676239281;0.7268805693;-0.0125938719;0.0063032390;0.6866194736;1620231239.6933870316;-0.0537484280;5.2450648570;1.4841202559;0.7068013520;0.0062396705;0.0071664555;-0.7073482574;2001;1620231239.726765369;2001
1620231239.7099409103;0.0201609085;-1.4779043700;0.1676290036;0.7268627575;-0.0126448703;0.0063569780;0.6866368966;1620231239.7020709515;-0.0537273602;5.2450631029;1.4841155630;0.7068034159;0.0062375426;0.0071625238;-0.7073462536;2001;1620231239.726765369;2001
1620231239.7184278965;0.0201927932;-1.4778935634;0.1676452431;0.7269147780;-0.0126321592;0.0062911267;0.6865826649;1620231239.7099690437;-0.0537472630;5.2450631671;1.4841185888;0.7068029160;0.0062378284;0.0071626047;-0.7073467498;2001;1620231239.726765369;2001
1620231239.7362809181;0.0201908590;-1.4778949121;0.1676268317;0.7268713553;-0.0126500695;0.0062802014;0.6866284059;1620231239.7184419632;-0.0537276115;5.2450559201;1.4841126299;0.7068055745;0.0062380764;0.0071616446;-0.7073441010;2002;1620231239.752736705;2002
1620231239.7447340488;0.0201750266;-1.4778911132;0.1676308928;0.7268626742;-0.0126284717;0.0062965779;0.6866378432;1620231239.7363090515;-0.0537542660;5.2450680773;1.4841155857;0.7068048410;0.0062477316;0.0071734580;-0.7073446289;2002;1620231239.752736705;2002
1620231239.7522580624;0.0201653350;-1.4778708738;0.1676114990;0.7268537409;-0.0125956751;0.0063015428;0.6866478566;1620231239.7447619438;-0.0537600789;5.2450618741;1.4841142604;0.7068059372;0.0062420086;0.0071715514;-0.7073436034;2002;1620231239.752736705;2002
1620231239.7607910633;0.0201700107;-1.4778616497;0.1676093842;0.7268654734;-0.0125752598;0.0063108833;0.6866357252;1620231239.7522690296;-0.0537564695;5.2450692846;1.4841165991;0.7068052042;0.0062457336;0.0071730438;-0.7073442879;2003;1620231239.804679441;2003
1620231239.7678890228;0.0201547303;-1.4778668577;0.1676105171;0.7268240324;-0.0125674577;0.0063191991;0.6866796580;1620231239.7608039379;-0.0537320462;5.2450676841;1.4841125453;0.7068081916;0.0062518296;0.0071754224;-0.7073412247;2003;1620231239.804679441;2003
1620231239.7843029499;0.0201694037;-1.4778836141;0.1676333162;0.7268303969;-0.0126522586;0.0062913786;0.6866716195;1620231239.7679009438;-0.0537272223;5.2450676348;1.4841155117;0.7068051668;0.0062485255;0.0071757382;-0.7073442732;2003;1620231239.804679441;2003
1620231239.7932579517;0.0201761421;-1.4778861750;0.1676296626;0.7268232659;-0.0126403306;0.0062966635;0.6866793387;1620231239.7843139172;-0.0537556266;5.2450685748;1.4841194359;0.7068064230;0.0062461095;0.0071772527;-0.7073430239;2003;1620231239.804679441;2003
1620231239.8011291027;0.0201415932;-1.4778747224;0.1676029474;0.7268132604;-0.0125682921;0.0063425316;0.6866908292;1620231239.7932770252;-0.0537376578;5.2450582344;1.4841157360;0.7068080149;0.0062402033;0.0071712653;-0.7073415461;2004;1620231239.830650729;2004
1620231239.8102350235;0.0201746804;-1.4778723093;0.1676255033;0.7268400873;-0.0125984890;0.0062949780;0.6866623179;1620231239.8011469841;-0.0537369123;5.2450654867;1.4841102672;0.7068074169;0.0062490456;0.0071794646;-0.7073419825;2004;1620231239.830650729;2004
1620231239.8265850544;0.0201084835;-1.4778657687;0.1676141202;0.7267812921;-0.0124752092;0.0063443102;0.6867263445;1620231239.8102459908;-0.0537411365;5.2450634827;1.4841145548;0.7068063683;0.0062456851;0.0071748126;-0.7073431071;2004;1620231239.830650729;2004
1620231239.8344669342;0.0201281442;-1.4778684026;0.1676296814;0.7267866399;-0.0125187923;0.0063219876;0.6867200976;1620231239.8266038895;-0.0537314408;5.2450634589;1.4841072199;0.7068067692;0.0062451135;0.0071694850;-0.7073427656;2004;1620231239.830650729;2004
1620231239.8433749676;0.0201507311;-1.4778706255;0.1676288516;0.7268163770;-0.0125518372;0.0062973138;0.6866882476;1620231239.8344860077;-0.0537373857;5.2450626965;1.4841068093;0.7068065770;0.0062476887;0.0071763860;-0.7073428649;2005;1620231239.882593425;2005
1620231239.8513228893;0.0201235128;-1.4778789916;0.1676181197;0.7268076104;-0.0125113753;0.0063627061;0.6866976619;1620231239.8433930874;-0.0537616212;5.2450548292;1.4841144159;0.7068060031;0.0062303674;0.0071606696;-0.7073437505;2005;1620231239.882593425;2005
1620231239.8595159054;0.0201447536;-1.4778611170;0.1676284661;0.7268070260;-0.0124735663;0.0063318706;0.6866992533;1620231239.8513410091;-0.0537580345;5.2450567806;1.4841159145;0.7068057584;0.0062346769;0.0071645385;-0.7073439178;2005;1620231239.882593425;2005
1620231239.8764500618;0.0201052886;-1.4778580519;0.1675941777;0.7267967889;-0.0123621224;0.0064350673;0.6867111441;1620231239.8595359325;-0.0537448495;5.2450526693;1.4841145091;0.7068076512;0.0062375970;0.0071651710;-0.7073419943;2006;1620231239.908564849;2006
1620231239.8930320740;0.0201382434;-1.4778639168;0.1676038751;0.7267893807;-0.0124648833;0.0063865875;0.6867175797;1620231239.8764700890;-0.0537632780;5.2450566704;1.4841124096;0.7068056159;0.0062410821;0.0071716076;-0.7073439321;2006;1620231239.908564849;2006
1620231239.9010601044;0.0201255245;-1.4778611554;0.1676149725;0.7267958507;-0.0124043704;0.0063983700;0.6867117182;1620231239.8930509090;-0.0537392164;5.2450472549;1.4841066052;0.7068112680;0.0062384910;0.0071593563;-0.7073384312;2006;1620231239.908564849;2006
1620231239.9104630947;0.0201052891;-1.4778503525;0.1676015135;0.7267917898;-0.0122998074;0.0064414724;0.6867174939;1620231239.9010789394;-0.0537304608;5.2450504880;1.4841037916;0.7068105424;0.0062390180;0.0071570832;-0.7073391747;2007;1620231239.934536145;2007
1620231239.9266409874;0.0201379082;-1.4778644832;0.1676014062;0.7268279694;-0.0123664913;0.0064531584;0.6866778936;1620231239.9104840755;-0.0537335340;5.2450616540;1.4841049225;0.7068071546;0.0062451096;0.0071672562;-0.7073424031;2007;1620231239.934536145;2007
1620231239.9353349209;0.0201411452;-1.4778714490;0.1676022296;0.7268220761;-0.0123805597;0.0064328367;0.6866840686;1620231239.9266610146;-0.0537408663;5.2450764991;1.4841015304;0.7068045969;0.0062591037;0.0071864518;-0.7073446404;2007;1620231239.934536145;2007
1620231239.9429900646;0.0201480760;-1.4778584849;0.1676046247;0.7268094027;-0.0123293741;0.0064288303;0.6866984410;1620231239.9353539944;-0.0537325679;5.2450829901;1.4841041192;0.7068043562;0.0062623293;0.0071905177;-0.7073448111;2008;1620231239.986478865;2008
1620231239.9512939453;0.0201467706;-1.4778632126;0.1676061146;0.7268118185;-0.0123196971;0.0064422094;0.6866959323;1620231239.9430100918;-0.0537272094;5.2450846359;1.4841075555;0.7068063280;0.0062525644;0.0071802741;-0.7073430312;2008;1620231239.986478865;2008
1620231239.9608790874;0.0201342953;-1.4778462640;0.1675958065;0.7268396549;-0.0122879620;0.0064306900;0.6866671452;1620231239.9513111115;-0.0537167874;5.2450836319;1.4841101364;0.7068090183;0.0062540366;0.0071750502;-0.7073403829;2008;1620231239.986478865;2008
1620231239.9771780968;0.0201336537;-1.4778513415;0.1675932440;0.7268118130;-0.0122776472;0.0064318050;0.6866967888;1620231239.9609010220;-0.0537178772;5.2450727215;1.4841101554;0.7068064363;0.0062417292;0.0071627792;-0.7073431961;2008;1620231239.986478865;2008
1620231239.9850809574;0.0201355515;-1.4778434041;0.1675924269;0.7268065883;-0.0122529342;0.0064543029;0.6867025490;1620231239.9771969318;-0.0537219040;5.2450678282;1.4841048549;0.7068097183;0.0062527520;0.0071683870;-0.7073397623;2009;1620231240.012450241;2009
1620231239.9932899475;0.0201355473;-1.4778390164;0.1675932171;0.7268191275;-0.0122271735;0.0064414200;0.6866898574;1620231239.9851000309;-0.0537480228;5.2450727178;1.4841094636;0.7068076535;0.0062476612;0.0071688025;-0.7073418664;2009;1620231240.012450241;2009
1620231240.0014109612;0.0201731483;-1.4778481829;0.1676005080;0.7268149672;-0.0123280970;0.0064066217;0.6866927819;1620231239.9933099747;-0.0537506551;5.2450608223;1.4841108601;0.7068088994;0.0062403374;0.0071664022;-0.7073407104;2009;1620231240.012450241;2009
1620231240.0102450848;0.0201243198;-1.4778478393;0.1675772696;0.7268044596;-0.0122274197;0.0064948061;0.6867048748;1620231240.0014309883;-0.0537215215;5.2450501636;1.4841068119;0.7068055732;0.0062354597;0.0071579062;-0.7073441631;2010;1620231240.038421617;2010
1620231240.0261108875;0.0201151253;-1.4778585365;0.1675807270;0.7268219114;-0.0122305483;0.0064724743;0.6866865587;1620231240.0102589130;-0.0537222775;5.2450603076;1.4841063584;0.7068052478;0.0062470595;0.0071693891;-0.7073442696;2010;1620231240.038421617;2010
1620231240.0342869759;0.0199620347;-1.4779024483;0.1674180074;0.7265403355;-0.0125025414;0.0069350306;0.6869750598;1620231240.0261309147;-0.0537362448;5.2450631768;1.4841061102;0.7068049182;0.0062478848;0.0071774355;-0.7073445101;2010;1620231240.038421617;2010
1620231240.0430779457;0.0201176781;-1.4778467285;0.1675918446;0.7267990311;-0.0122001083;0.0064728335;0.6867113136;1620231240.0343039036;-0.0537417468;5.2450622515;1.4841038667;0.7068064907;0.0062456510;0.0071775407;-0.7073429574;2010;1620231240.038421617;2010
1620231240.0509309769;0.0201271542;-1.4778497971;0.1675821648;0.7267821809;-0.0122859051;0.0064449473;0.6867278797;1620231240.0430910587;-0.0537463848;5.2450546071;1.4841040020;0.7068069423;0.0062384230;0.0071698357;-0.7073426482;2011;1620231240.090364337;2011
1620231240.0595600605;0.0201464606;-1.4778537853;0.1676077106;0.7267988733;-0.0123208490;0.0064228640;0.6867097940;1620231240.0509490967;-0.0537360170;5.2450581621;1.4841076775;0.7068059513;0.0062420149;0.0071683454;-0.7073436217;2011;1620231240.090364337;2011
1620231240.0761981010;0.0201336075;-1.4778400883;0.1675969284;0.7267666311;-0.0123088315;0.0064215070;0.6867441451;1620231240.0595800877;-0.0537385977;5.2450521661;1.4841078375;0.7068059582;0.0062391613;0.0071673554;-0.7073436501;2011;1620231240.090364337;2011
1620231240.0842869282;0.0199386005;-1.4778753348;0.1673855298;0.7265245232;-0.0124353572;0.0069849879;0.6869924956;1620231240.0762178898;-0.0537390838;5.2450575541;1.4841099579;0.7068046072;0.0062455530;0.0071749833;-0.7073448663;2011;1620231240.090364337;2011
1620231240.0928590298;0.0201349483;-1.4778478575;0.1675930869;0.7267730808;-0.0122928240;0.0064355067;0.6867374751;1620231240.0843060017;-0.0537362761;5.2450480905;1.4841103992;0.7068013839;0.0062347358;0.0071654030;-0.7073482797;2012;1620231240.116335617;2012
1620231240.1011440754;0.0201215252;-1.4778346235;0.1675804699;0.7268039407;-0.0122058004;0.0064590313;0.6867061462;1620231240.0928781033;-0.0537369287;5.2450466624;1.4841064727;0.7068011020;0.0062369227;0.0071650804;-0.7073485454;2012;1620231240.116335617;2012
1620231240.1099290848;0.0201361820;-1.4778446063;0.1675913430;0.7268325540;-0.0122166013;0.0064204521;0.6866760306;1620231240.1011619568;-0.0537527672;5.2450477442;1.4841121362;0.7068012193;0.0062360646;0.0071659375;-0.7073484271;2012;1620231240.116335617;2012
1620231240.1264250278;0.0199579998;-1.4779157716;0.1674187603;0.7265704579;-0.0124783318;0.0069547128;0.6869434423;1620231240.1099479198;-0.0537311278;5.2450480294;1.4841063088;0.7068012640;0.0062361091;0.0071627807;-0.7073484140;2013;1620231240.168278345;2013
1620231240.1346929073;0.0201467338;-1.4778815284;0.1676092675;0.7268593147;-0.0123318181;0.0063835141;0.6866459886;1620231240.1264460087;-0.0537239045;5.2450486625;1.4841053328;0.7068019858;0.0062405112;0.0071653235;-0.7073476282;2013;1620231240.168278345;2013
1620231240.1425170898;0.0201493126;-1.4778891974;0.1676015322;0.7268484504;-0.0123288397;0.0064190919;0.6866572108;1620231240.1347119808;-0.0537314889;5.2450428770;1.4841101962;0.7068019552;0.0062338900;0.0071619628;-0.7073477512;2013;1620231240.168278345;2013
1620231240.1506259441;0.0199817134;-1.4779362791;0.1674174650;0.7266339922;-0.0125256770;0.0069204980;0.6868757205;1620231240.1425321102;-0.0537305841;5.2450433309;1.4841104294;0.7068020230;0.0062333668;0.0071629871;-0.7073476776;2013;1620231240.168278345;2013
1620231240.1590230465;0.0199669336;-1.4779270454;0.1674139304;0.7266048471;-0.0125299875;0.0069328505;0.6869063482;1620231240.1506400108;-0.0537299485;5.2450436775;1.4841099289;0.7068031429;0.0062310234;0.0071600070;-0.7073466094;2014;1620231240.194249729;2014
1620231240.1758680344;0.0201554839;-1.4778769786;0.1676012067;0.7268585702;-0.0123353958;0.0063956471;0.6866465995;1620231240.1590430737;-0.0537330191;5.2450519197;1.4841102129;0.7068023890;0.0062446954;0.0071729440;-0.7073471110;2014;1620231240.194249729;2014
1620231240.1842529774;0.0201468905;-1.4778751007;0.1675996010;0.7268571375;-0.0123258449;0.0064049076;0.6866482013;1620231240.1758821011;-0.0537359976;5.2450509215;1.4841076188;0.7068002777;0.0062462052;0.0071756442;-0.7073491800;2014;1620231240.194249729;2014
1620231240.1926159859;0.0199808712;-1.4779147180;0.1674176661;0.7265963407;-0.0125404449;0.0069109401;0.6869153760;1620231240.1842660904;-0.0537401285;5.2450396922;1.4841090150;0.7068000429;0.0062358742;0.0071668438;-0.7073495950;2015;1620231240.220221033;2015
1620231240.2015581131;0.0199582375;-1.4778965520;0.1674043322;0.7265704786;-0.0124682560;0.0069176536;0.6869439776;1620231240.1926350594;-0.0537359566;5.2450466072;1.4841096236;0.7068010879;0.0062448871;0.0071740093;-0.7073483987;2015;1620231240.220221033;2015
1620231240.2098419666;0.0201297739;-1.4778625129;0.1675851964;0.7268391420;-0.0122776811;0.0064206639;0.6866679658;1620231240.2015869617;-0.0537365120;5.2450406764;1.4841106106;0.7068041831;0.0062397701;0.0071701839;-0.7073453898;2015;1620231240.220221033;2015
1620231240.2261810303;0.0201419543;-1.4778566694;0.1675839461;0.7268730073;-0.0122595321;0.0064118717;0.6866325240;1620231240.2098720074;-0.0537433770;5.2450469340;1.4841147325;0.7068023015;0.0062411484;0.0071768197;-0.7073471905;2015;1620231240.220221033;2015
1620231240.2440130711;0.0201332632;-1.4778579573;0.1675799097;0.7268349263;-0.0122808509;0.0064323249;0.6866722622;1620231240.2262110710;-0.0537384291;5.2450362389;1.4841158037;0.7068043286;0.0062323895;0.0071652319;-0.7073453597;2016;1620231240.272163825;2016
1620231240.2515449524;0.0201824977;-1.4778715228;0.1675922849;0.7268717921;-0.0124171089;0.0063633052;0.6866314307;1620231240.2440431118;-0.0537275885;5.2450425486;1.4841122436;0.7068038841;0.0062424071;0.0071699675;-0.7073456675;2016;1620231240.272163825;2016
1620231240.2597730160;0.0199858078;-1.4779099024;0.1674109669;0.7265873527;-0.0125804122;0.0068822916;0.6869244400;1620231240.2515740395;-0.0537316239;5.2450465149;1.4841083969;0.7068035026;0.0062455866;0.0071749479;-0.7073459702;2016;1620231240.272163825;2016
1620231240.2767019272;0.0199566743;-1.4779042388;0.1674017770;0.7265839010;-0.0125065075;0.0069464878;0.6869287943;1620231240.2597849369;-0.0537278309;5.2450326075;1.4841086819;0.7068005446;0.0062318372;0.0071591830;-0.7073492068;2017;1620231240.298135121;2017
1620231240.2849359512;0.0201587569;-1.4778602719;0.1675934783;0.7268391285;-0.0123435680;0.0063788352;0.6866671887;1620231240.2767128944;-0.0537501086;5.2450402324;1.4841156277;0.7068015812;0.0062307285;0.0071628139;-0.7073481441;2017;1620231240.298135121;2017
1620231240.2930541039;0.0201720869;-1.4778730597;0.1675924672;0.7268355194;-0.0124170793;0.0063653324;0.6866698089;1620231240.2849650383;-0.0537506641;5.2450511995;1.4841114574;0.7068020757;0.0062432070;0.0071737716;-0.7073474289;2017;1620231240.298135121;2017
1620231240.3017430305;0.0201875020;-1.4778843217;0.1675983609;0.7268528058;-0.0124776520;0.0063468790;0.6866505836;1620231240.2930710316;-0.0537408463;5.2450427275;1.4841154813;0.7068023483;0.0062336908;0.0071613707;-0.7073473661;2017;1620231240.298135121;2017
1620231240.3105161190;0.0201375733;-1.4778693043;0.1675820922;0.7268214255;-0.0123261108;0.0064292999;0.6866857699;1620231240.3017721176;-0.0537358175;5.2450446925;1.4841130240;0.7068029145;0.0062365991;0.0071637321;-0.7073467507;2018;1620231240.350077817;2018
1620231240.3273239136;0.0201404256;-1.4778678994;0.1675892805;0.7268397927;-0.0123835449;0.0064165188;0.6866654147;1620231240.3105449677;-0.0537403145;5.2450387718;1.4841140130;0.7068036688;0.0062265400;0.0071511067;-0.7073462135;2018;1620231240.350077817;2018
1620231240.3460021019;0.0201591501;-1.4778951263;0.1675959913;0.7268123191;-0.0124923352;0.0063787614;0.6866928759;1620231240.3273549080;-0.0537324684;5.2450630126;1.4841095549;0.7068060862;0.0062514960;0.0071803026;-0.7073432819;2018;1620231240.350077817;2018
1620231240.3523380756;0.0201252341;-1.4778803151;0.1675977595;0.7268006834;-0.0123546950;0.0063922800;0.6867075556;1620231240.3460299969;-0.0537400100;5.2450574300;1.4841114076;0.7068043932;0.0062374012;0.0071701529;-0.7073452011;2019;1620231240.376049185;2019
1620231240.3616371155;0.0201390454;-1.4778771628;0.1675825712;0.7268263169;-0.0124039661;0.0063977632;0.6866794852;1620231240.3523640633;-0.0537662535;5.2450531206;1.4841184162;0.7068072763;0.0062364745;0.0071656339;-0.7073423741;2019;1620231240.376049185;2019
1620231240.3690199852;0.0201627620;-1.4778790583;0.1676038772;0.7268297187;-0.0124600560;0.0063591662;0.6866752275;1620231240.3616659641;-0.0537449781;5.2450534934;1.4841115085;0.7068082713;0.0062418235;0.0071689943;-0.7073412987;2019;1620231240.376049185;2019
1620231240.3854610920;0.0201405910;-1.4778844756;0.1676002023;0.7268189219;-0.0124278237;0.0063717774;0.6866871227;1620231240.3690459728;-0.0537632379;5.2450534345;1.4841141966;0.7068073684;0.0062377990;0.0071673915;-0.7073422526;2019;1620231240.376049185;2019
1620231240.3955938816;0.0200082381;-1.4779328561;0.1674370782;0.7266006869;-0.0127529304;0.0068222673;0.6869077530;1620231240.3854899406;-0.0537588046;5.2450499190;1.4841145885;0.7068069421;0.0062274884;0.0071560589;-0.7073428841;2020;1620231240.427991985;2020
1620231240.4029140472;0.0201665596;-1.4778916118;0.1676174862;0.7268329031;-0.0125130438;0.0063861653;0.6866706428;1620231240.3956220150;-0.0537393191;5.2450532544;1.4841077325;0.7068123708;0.0062437911;0.0071644539;-0.7073372309;2020;1620231240.427991985;2020
1620231240.4117040634;0.0201733486;-1.4778918573;0.1676162629;0.7268371791;-0.0125413144;0.0063491428;0.6866659442;1620231240.4029409885;-0.0537664628;5.2450638787;1.4841119309;0.7068110343;0.0062436639;0.0071724492;-0.7073384865;2020;1620231240.427991985;2020
1620231240.4192340374;0.0201575875;-1.4778778907;0.1676140981;0.7268583967;-0.0124873620;0.0063230404;0.6866447088;1620231240.4117329121;-0.0537442380;5.2450541172;1.4841094915;0.7068120424;0.0062343964;0.0071622044;-0.7073376646;2021;1620231240.453963273;2021
1620231240.4281399250;0.0201558521;-1.4778889767;0.1675911356;0.7268277601;-0.0125514892;0.0063499700;0.6866757205;1620231240.4192609787;-0.0537404551;5.2450573412;1.4841106658;0.7068102233;0.0062346048;0.0071646878;-0.7073394554;2021;1620231240.453963273;2021
1620231240.4442939758;0.0201453845;-1.4778821936;0.1675958472;0.7268405874;-0.0125157496;0.0063747341;0.6866625658;1620231240.4281690121;-0.0537487286;5.2450548524;1.4841100823;0.7068083034;0.0062290747;0.0071595460;-0.7073414746;2021;1620231240.453963273;2021
1620231240.4521529675;0.0199799938;-1.4779248344;0.1674153877;0.7265988769;-0.0127333851;0.0068756648;0.6869094979;1620231240.4443209171;-0.0537667320;5.2450746739;1.4841111189;0.7068110511;0.0062501911;0.0071818487;-0.7073383166;2021;1620231240.453963273;2021
1620231240.4616510868;0.0200278452;-1.4779333739;0.1674300190;0.7266315028;-0.0128465802;0.0068249936;0.6868733828;1620231240.4521720409;-0.0537468368;5.2450619798;1.4841103380;0.7068098460;0.0062382859;0.0071681882;-0.7073397645;2022;1620231240.505905929;2022
1620231240.4694130421;0.0201613350;-1.4778829443;0.1676072812;0.7268422755;-0.0125648247;0.0063248689;0.6866603438;1620231240.4616808891;-0.0537410877;5.2450709823;1.4841070336;0.7068099896;0.0062489200;0.0071753573;-0.7073394545;2022;1620231240.505905929;2022
1620231240.4859240055;0.0201725342;-1.4778832870;0.1676089844;0.7268597231;-0.0125578036;0.0062988795;0.6866422421;1620231240.4694409370;-0.0537647474;5.2450749646;1.4841161179;0.7068110110;0.0062491070;0.0071766595;-0.7073384189;2022;1620231240.505905929;2022
1620231240.4944200516;0.0202126860;-1.4778997895;0.1676171064;0.7269083776;-0.0126830952;0.0062752795;0.6865886473;1620231240.4859530926;-0.0537450538;5.2450703680;1.4841108382;0.7068084014;0.0062478882;0.0071728714;-0.7073410758;2022;1620231240.505905929;2022
1620231240.5028169155;0.0202062960;-1.4779007324;0.1676095772;0.7268548167;-0.0126979187;0.0062776915;0.6866450531;1620231240.4944500923;-0.0537317379;5.2450674175;1.4841084846;0.7068106810;0.0062489801;0.0071702344;-0.7073388150;2023;1620231240.531877321;2023
1620231240.5116319656;0.0200475677;-1.4779429196;0.1674339976;0.7266524794;-0.0128821578;0.0067653863;0.6868511147;1620231240.5028460026;-0.0537327051;5.2450833476;1.4841060509;0.7068078169;0.0062606241;0.0071852680;-0.7073414214;2023;1620231240.531877321;2023
1620231240.5202560425;0.0202167217;-1.4778942357;0.1676187972;0.7268626915;-0.0126980681;0.0062217581;0.6866372234;1620231240.5116610527;-0.0537335205;5.2450720408;1.4841075853;0.7068083945;0.0062505950;0.0071750633;-0.7073410366;2023;1620231240.531877321;2023
1620231240.5368709564;0.0202157556;-1.4778932022;0.1676127112;0.7268931886;-0.0127133314;0.0062350101;0.6866045355;1620231240.5202848911;-0.0537322133;5.2450690817;1.4841056672;0.7068060104;0.0062440118;0.0071712426;-0.7073435158;2023;1620231240.531877321;2023
1620231240.5451629162;0.0200385411;-1.4779419267;0.1674342886;0.7266331096;-0.0129025053;0.0067465721;0.6868714095;1620231240.5368978977;-0.0537258296;5.2450664314;1.4841081916;0.7068051893;0.0062423789;0.0071696393;-0.7073443669;2024;1620231240.583820001;2024
1620231240.5536079407;0.0200285681;-1.4779391386;0.1674356348;0.7266184761;-0.0129311831;0.0067118665;0.6868866905;1620231240.5451910496;-0.0537573940;5.2450695669;1.4841136771;0.7068045286;0.0062422651;0.0071763708;-0.7073449598;2024;1620231240.583820001;2024
1620231240.5597751141;0.0201845218;-1.4778961678;0.1675948698;0.7268538507;-0.0126514152;0.0062861270;0.6866468568;1620231240.5536348820;-0.0537494370;5.2450693714;1.4841091043;0.7068066341;0.0062487067;0.0071787157;-0.7073427753;2024;1620231240.583820001;2024
1620231240.5697269440;0.0200276030;-1.4779409501;0.1674298215;0.7266123768;-0.0128951854;0.0067692357;0.6868932562;1620231240.5597860813;-0.0537227824;5.2450633092;1.4841073263;0.7068045977;0.0062469113;0.0071730044;-0.7073448839;2024;1620231240.583820001;2024
1620231240.5863530636;0.0200382557;-1.4779389553;0.1674400450;0.7266213606;-0.0128919008;0.0067479777;0.6868840237;1620231240.5697560310;-0.0537225746;5.2450659901;1.4841028452;0.7068043873;0.0062491427;0.0071778200;-0.7073450255;2025;1620231240.609791417;2025
1620231240.5946629047;0.0200253964;-1.4779356328;0.1674356948;0.7266082656;-0.0128803737;0.0067683618;0.6868978917;1620231240.5863819122;-0.0537274215;5.2450665888;1.4841034842;0.7068072843;0.0062548405;0.0071825887;-0.7073420320;2025;1620231240.609791417;2025
1620231240.6029729843;0.0200168905;-1.4779207847;0.1674109921;0.7266336327;-0.0128359088;0.0067840406;0.6868717348;1620231240.5946950912;-0.0537246785;5.2450656816;1.4841034280;0.7068062487;0.0062530279;0.0071809117;-0.7073430999;2025;1620231240.609791417;2025
1620231240.6119809151;0.0202167655;-1.4778942476;0.1676158331;0.7268762941;-0.0127289063;0.0062426674;0.6866220627;1620231240.6030011177;-0.0537257030;5.2450742361;1.4841073907;0.7068058932;0.0062609803;0.0071882757;-0.7073433100;2026;1620231240.635762769;2026
1620231240.6196620464;0.0200538918;-1.4779279639;0.1674389502;0.7266515502;-0.0128749393;0.0067727453;0.6868521605;1620231240.6120190620;-0.0537201897;5.2450696217;1.4841075098;0.7068060601;0.0062576885;0.0071830620;-0.7073432253;2026;1620231240.635762769;2026
1620231240.6363310814;0.0202209912;-1.4778908842;0.1676162818;0.7269019693;-0.0127361452;0.0062514006;0.6865946676;1620231240.6196889877;-0.0537424045;5.2450709191;1.4841166515;0.7068051305;0.0062482663;0.0071772093;-0.7073442969;2026;1620231240.635762769;2026
1620231240.6452789307;0.0202165975;-1.4778929019;0.1676220976;0.7268731242;-0.0127146299;0.0062423691;0.6866256858;1620231240.6363599300;-0.0537239109;5.2450625194;1.4841118512;0.7068047598;0.0062445927;0.0071742375;-0.7073447299;2026;1620231240.635762769;2026
1620231240.6522920132;0.0200313047;-1.4779335461;0.1674301898;0.7266155679;-0.0128835807;0.0067724086;0.6868900671;1620231240.6453061104;-0.0537511122;5.2450675809;1.4841118680;0.7068070374;0.0062535923;0.0071849612;-0.7073422657;2027;1620231240.687705513;2027
1620231240.6614449024;0.0202223286;-1.4778914302;0.1676148044;0.7269092746;-0.0127223811;0.0062386004;0.6865873050;1620231240.6523189545;-0.0537192026;5.2450637645;1.4841080870;0.7068052762;0.0062501646;0.0071753292;-0.7073441536;2027;1620231240.687705513;2027
1620231240.6691129208;0.0201873742;-1.4778860805;0.1675954120;0.7268934316;-0.0126394796;0.0063077532;0.6866049774;1620231240.6614570618;-0.0537244845;5.2450742131;1.4841045177;0.7068070710;0.0062615944;0.0071883927;-0.7073421264;2027;1620231240.687705513;2027
1620231240.6839880943;0.0201965119;-1.4778967353;0.1676125854;0.7268938089;-0.0126757070;0.0062812830;0.6866041527;1620231240.6691229343;-0.0537305797;5.2450667060;1.4841047974;0.7068059675;0.0062464324;0.0071761996;-0.7073434870;2028;1620231240.713676857;2028
1620231240.6927840710;0.0201993371;-1.4779047530;0.1676101927;0.7268606025;-0.0127154464;0.0062590226;0.6866387745;1620231240.6839981079;-0.0537351286;5.2450623628;1.4841090637;0.7068080579;0.0062447513;0.0071737501;-0.7073414378;2028;1620231240.713676857;2028
1620231240.7009289265;0.0202039913;-1.4778916295;0.1676025326;0.7268636453;-0.0127199931;0.0062396497;0.6866356455;1620231240.6927990913;-0.0537520428;5.2450671668;1.4841148407;0.7068047750;0.0062421647;0.0071720836;-0.7073447580;2028;1620231240.713676857;2028
1620231240.7094309330;0.0201990917;-1.4778861801;0.1675821233;0.7268912394;-0.0126774644;0.0062517122;0.6866071104;1620231240.7009420395;-0.0537251769;5.2450694986;1.4841088462;0.7068031658;0.0062416196;0.0071704349;-0.7073463874;2028;1620231240.713676857;2028
1620231240.7261960506;0.0200384964;-1.4779274712;0.1674305284;0.7266693839;-0.0128878746;0.0067486731;0.6868332874;1620231240.7094419003;-0.0537314380;5.2450685451;1.4841084667;0.7068040058;0.0062444311;0.0071750837;-0.7073454762;2029;1620231240.765619465;2029
1620231240.7342720032;0.0202139342;-1.4778890497;0.1676091696;0.7268890414;-0.0127124765;0.0061943012;0.6866093104;1620231240.7262110710;-0.0537264096;5.2450744450;1.4841095513;0.7068054592;0.0062501197;0.0071756677;-0.7073439677;2029;1620231240.765619465;2029
1620231240.7434959412;0.0201816045;-1.4778814513;0.1675883698;0.7268645880;-0.0126765683;0.0062447878;0.6866354039;1620231240.7342860699;-0.0537313058;5.2450725795;1.4841055031;0.7068049916;0.0062444884;0.0071716562;-0.7073445253;2029;1620231240.765619465;2029
1620231240.7515490055;0.0200439153;-1.4779387339;0.1674206449;0.7266436443;-0.0129621922;0.0067126172;0.6868594736;1620231240.7435100079;-0.0537306947;5.2450724411;1.4841046475;0.7068063325;0.0062518608;0.0071737125;-0.7073430995;2029;1620231240.765619465;2029
1620231240.7611811161;0.0202082847;-1.4778952849;0.1675995955;0.7268739130;-0.0127398133;0.0062303491;0.6866244930;1620231240.7515621185;-0.0537306608;5.2450622696;1.4841044154;0.7068061841;0.0062381688;0.0071623920;-0.7073434834;2030;1620231240.791590849;2030
1620231240.7764389515;0.0200134611;-1.4779198240;0.1674007473;0.7266511541;-0.0128318450;0.0067820356;0.6868532944;1620231240.7612140179;-0.0537307786;5.2450671305;1.4841061501;0.7068034290;0.0062418800;0.0071663039;-0.7073461640;2030;1620231240.791590849;2030
1620231240.7936220169;0.0200658401;-1.4779376792;0.1674311002;0.7267157666;-0.0129538451;0.0066927653;0.6867835171;1620231240.7764520645;-0.0537268714;5.2450712512;1.4841031944;0.7068047044;0.0062517996;0.0071731953;-0.7073447322;2031;1620231240.817562209;2031
1620231240.8023009300;0.0200470250;-1.4779365195;0.1674320592;0.7266518841;-0.0129669538;0.0067063098;0.6868507282;1620231240.7936339378;-0.0537285866;5.2450609644;1.4841075708;0.7068034205;0.0062391216;0.0071648531;-0.7073462116;2031;1620231240.817562209;2031
1620231240.8099360466;0.0200073529;-1.4779254302;0.1674042288;0.7266340181;-0.0128586779;0.0067764990;0.6868709757;1620231240.8023159504;-0.0537517864;5.2450596241;1.4841090953;0.7068046214;0.0062419502;0.0071672371;-0.7073449625;2031;1620231240.817562209;2031
1620231240.8265419006;0.0199930663;-1.4779202860;0.1674152974;0.7266310537;-0.0128097119;0.0067946509;0.6868748473;1620231240.8099510670;-0.0537346263;5.2450603365;1.4841046294;0.7068032495;0.0062405617;0.0071680712;-0.7073463371;2031;1620231240.817562209;2031
1620231240.8348619938;0.0199921125;-1.4779166523;0.1674075679;0.7266193615;-0.0128374681;0.0068022167;0.6868866229;1620231240.8265559673;-0.0537292054;5.2450603551;1.4841077359;0.7068013424;0.0062408340;0.0071664771;-0.7073482565;2032;1620231240.869504937;2032
1620231240.8429241180;0.0200060887;-1.4779202063;0.1674083205;0.7266374359;-0.0128678112;0.0067763971;0.6868671899;1620231240.8348751068;-0.0537304028;5.2450475610;1.4841083932;0.7068005519;0.0062275033;0.0071573660;-0.7073492561;2032;1620231240.869504937;2032
1620231240.8513059616;0.0200022786;-1.4779122161;0.1674136605;0.7266270809;-0.0128674920;0.0067479674;0.6868784302;1620231240.8429379463;-0.0537338909;5.2450505903;1.4841118190;0.7068021565;0.0062295704;0.0071620183;-0.7073475875;2032;1620231240.869504937;2032
1620231240.8608889580;0.0201419478;-1.4778746737;0.1675794386;0.7268269364;-0.0126582783;0.0063128455;0.6866749745;1620231240.8513190746;-0.0537269969;5.2450506664;1.4841083101;0.7068030212;0.0062371350;0.0071637061;-0.7073466397;2032;1620231240.869504937;2032
1620231240.8768529892;0.0200237237;-1.4779387061;0.1674151764;0.7266163698;-0.0129669658;0.0067577819;0.6868877938;1620231240.8609120846;-0.0537435667;5.2450379899;1.4841141842;0.7068054787;0.0062245114;0.0071472161;-0.7073444621;2033;1620231240.895476329;2033
1620231240.8933410645;0.0200235907;-1.4779323989;0.1674255269;0.7266089724;-0.0129811886;0.0067506448;0.6868954206;1620231240.8768849373;-0.0537208648;5.2450498238;1.4841111972;0.7068043663;0.0062355760;0.0071611979;-0.7073453347;2033;1620231240.895476329;2033
1620231240.9022619724;0.0199898219;-1.4779229725;0.1674128097;0.7266077835;-0.0128673061;0.0067674864;0.6868986553;1620231240.8933548927;-0.0537245470;5.2450506754;1.4841129859;0.7068030288;0.0062331857;0.0071597268;-0.7073467072;2034;1620231240.947418961;2034
1620231240.9109220505;0.0199902531;-1.4779169489;0.1674187121;0.7266172871;-0.0129149935;0.0067344592;0.6868880317;1620231240.9022910595;-0.0537483007;5.2450507937;1.4841147663;0.7068045017;0.0062341311;0.0071623241;-0.7073452008;2034;1620231240.947418961;2034
1620231240.9265849590;0.0201925965;-1.4778878644;0.1676039200;0.7268762661;-0.0127636584;0.0062609859;0.6866212805;1620231240.9109370708;-0.0537495604;5.2450535243;1.4841187550;0.7068018879;0.0062335274;0.0071610224;-0.7073478311;2034;1620231240.947418961;2034
1620231240.9350221157;0.0200225502;-1.4779259337;0.1674304841;0.7266250564;-0.0129523432;0.0067389183;0.6868790659;1620231240.9265971184;-0.0537313006;5.2450616903;1.4841158229;0.7068042564;0.0062476374;0.0071740769;-0.7073452077;2034;1620231240.947418961;2034
1620231240.9438900948;0.0200336605;-1.4779329213;0.1674310112;0.7266307809;-0.0129613012;0.0067454982;0.6868727765;1620231240.9350359440;-0.0537292816;5.2450624983;1.4841163449;0.7068034764;0.0062447244;0.0071688102;-0.7073460662;2035;1620231240.973390377;2035
1620231240.9524440765;0.0201947816;-1.4778887427;0.1676160431;0.7268801746;-0.0127827164;0.0062272371;0.6866170952;1620231240.9439029694;-0.0537533591;5.2450661874;1.4841195508;0.7068030296;0.0062451206;0.0071755047;-0.7073464412;2035;1620231240.973390377;2035
1620231240.9604520798;0.0200170397;-1.4779374983;0.1674260648;0.7266084984;-0.0129753394;0.0067774858;0.6868957681;1620231240.9524579048;-0.0537342787;5.2450644739;1.4841192255;0.7068035310;0.0062414221;0.0071709240;-0.7073460193;2035;1620231240.973390377;2035
1620231240.9763460159;0.0199911557;-1.4779181021;0.1674122881;0.7266353956;-0.0128649463;0.0068176108;0.6868689942;1620231240.9604649544;-0.0537584614;5.2450645085;1.4841229258;0.7068025112;0.0062354436;0.0071711741;-0.7073470885;2036;1620231240.999361713;2036
1620231240.9862129688;0.0200240812;-1.4779166720;0.1674151876;0.7266707891;-0.0128974576;0.0067677048;0.6868314335;1620231240.9763569832;-0.0537537891;5.2450627287;1.4841191299;0.7068050636;0.0062439068;0.0071713905;-0.7073444613;2036;1620231240.999361713;2036
1620231240.9934520721;0.0200150825;-1.4779340851;0.1674250683;0.7266320775;-0.0129555273;0.0068122827;0.6868708547;1620231240.9862270355;-0.0537580856;5.2450668197;1.4841187858;0.7068052763;0.0062422740;0.0071722741;-0.7073442542;2036;1620231240.999361713;2036
1620231241.0016570091;0.0200030103;-1.4779262981;0.1674151750;0.7266523393;-0.0129186415;0.0067941711;0.6868502935;1620231240.9934659004;-0.0537330482;5.2450712030;1.4841151417;0.7068026930;0.0062489066;0.0071769682;-0.7073467293;2036;1620231240.999361713;2036
1620231241.0096700191;0.0200239381;-1.4779309886;0.1674284153;0.7266289425;-0.0129878050;0.0067577143;0.6868741006;1620231241.0016698837;-0.0537581925;5.2450693034;1.4841162203;0.7068031146;0.0062457006;0.0071773868;-0.7073463321;2037;1620231241.051304441;2037
1620231241.0176401138;0.0199887670;-1.4779118609;0.1674114604;0.7266240143;-0.0128861302;0.0068041678;0.6868807704;1620231241.0096919537;-0.0537564398;5.2450710820;1.4841155888;0.7068053332;0.0062474529;0.0071759970;-0.7073441139;2037;1620231241.051304441;2037
1620231241.0370969772;0.0200145057;-1.4779355876;0.1674202070;0.7266256246;-0.0130181336;0.0067592790;0.6868770211;1620231241.0176620483;-0.0537512498;5.2450614069;1.4841132850;0.7068055953;0.0062422466;0.0071691222;-0.7073439676;2037;1620231241.051304441;2037
1620231241.0431809425;0.0199753376;-1.4779235904;0.1673972880;0.7266167639;-0.0129040745;0.0068298146;0.6868878489;1620231241.0371329784;-0.0537549899;5.2450596867;1.4841130680;0.7068063611;0.0062362621;0.0071641376;-0.7073433057;2038;1620231241.077275737;2038
1620231241.0512940884;0.0199832464;-1.4779161941;0.1674125663;0.7266025444;-0.0128930378;0.0067947431;0.6869034456;1620231241.0432050228;-0.0537340069;5.2450541248;1.4841093114;0.7068061376;0.0062363879;0.0071631213;-0.7073435382;2038;1620231241.077275737;2038
1620231241.0592548847;0.0200198200;-1.4779272292;0.1674277598;0.7266352909;-0.0129542545;0.0067746118;0.6868678519;1620231241.0513079166;-0.0537356068;5.2450602606;1.4841091127;0.7068055706;0.0062412402;0.0071688879;-0.7073440035;2038;1620231241.077275737;2038
1620231241.0676960945;0.0200189638;-1.4779338511;0.1674290231;0.7266094745;-0.0130022219;0.0067341131;0.6868946538;1620231241.0592830181;-0.0537336886;5.2450551029;1.4841070761;0.7068075726;0.0062375392;0.0071643346;-0.7073420818;2038;1620231241.077275737;2038
1620231241.0843760967;0.0202017469;-1.4779024231;0.1676058580;0.7268803797;-0.0127819500;0.0062726710;0.6866164788;1620231241.0677089691;-0.0537632222;5.2450671106;1.4841098873;0.7068065093;0.0062446655;0.0071737451;-0.7073429861;2039;1620231241.129218425;2039
1620231241.0928559303;0.0200379581;-1.4779521136;0.1674398533;0.7266451222;-0.0129756129;0.0067725727;0.6868570682;1620231241.0843899250;-0.0537412839;5.2450624447;1.4841072343;0.7068069605;0.0062424438;0.0071704734;-0.7073425880;2039;1620231241.129218425;2039
1620231241.1021089554;0.0201689014;-1.4778978812;0.1675967197;0.7268891567;-0.0127036303;0.0063022090;0.6866083700;1620231241.0928699970;-0.0537612413;5.2450706312;1.4841121342;0.7068057179;0.0062455449;0.0071751169;-0.7073437552;2039;1620231241.129218425;2039
1620231241.1110000610;0.0201542559;-1.4779010140;0.1675990640;0.7268496540;-0.0126897304;0.0063213430;0.6866502689;1620231241.1021380424;-0.0537665744;5.2450656577;1.4841124578;0.7068061482;0.0062422752;0.0071727245;-0.7073433784;2039;1620231241.129218425;2039
1620231241.1271460056;0.0200383271;-1.4779405472;0.1674394989;0.7266576474;-0.0129708664;0.0067429498;0.6868441983;1620231241.1110301018;-0.0537592417;5.2450649286;1.4841147708;0.7068081161;0.0062449791;0.0071713684;-0.7073414018;2040;1620231241.155189873;2040
1620231241.1346869469;0.0201953698;-1.4779072332;0.1676107686;0.7268767038;-0.0127845550;0.0062710016;0.6866203369;1620231241.1272299290;-0.0537539130;5.2450574015;1.4841115031;0.7068071990;0.0062363021;0.0071643449;-0.7073424660;2040;1620231241.155189873;2040
1620231241.1441960335;0.0201786721;-1.4778900575;0.1675977374;0.7268758462;-0.0126912058;0.0062943727;0.6866227628;1620231241.1347470284;-0.0537457377;5.2450729052;1.4841124789;0.7068051884;0.0062466023;0.0071772807;-0.7073442530;2040;1620231241.155189873;2040
1620231241.1519238949;0.0201689901;-1.4778893825;0.1675896585;0.7268545854;-0.0126998748;0.0062937156;0.6866451151;1620231241.1442248821;-0.0537370868;5.2450745753;1.4841066381;0.7068059319;0.0062503863;0.0071817147;-0.7073434316;2041;1620231241.181161129;2041
1620231241.1609919071;0.0201853471;-1.4779053672;0.1675998010;0.7268785390;-0.0127780098;0.0062894940;0.6866183469;1620231241.1519520283;-0.0537580500;5.2450775273;1.4841128074;0.7068072309;0.0062518540;0.0071833486;-0.7073421040;2041;1620231241.181161129;2041
1620231241.1683099270;0.0199927393;-1.4779317951;0.1674023175;0.7266174475;-0.0129265070;0.0067846384;0.6868871516;1620231241.1610229015;-0.0537645804;5.2450737435;1.4841151975;0.7068054811;0.0062425416;0.0071776420;-0.7073439927;2041;1620231241.181161129;2041
1620231241.1854159832;0.0201915220;-1.4778979260;0.1676030833;0.7268736150;-0.0127852611;0.0062342744;0.6866239282;1620231241.1683380604;-0.0537594366;5.2450676095;1.4841107205;0.7068073500;0.0062434974;0.0071759157;-0.7073421343;2041;1620231241.181161129;2041
1620231241.1935000420;0.0201645397;-1.4778953409;0.1675885590;0.7268595879;-0.0126910009;0.0062908364;0.6866400100;1620231241.1854441166;-0.0537592330;5.2450636054;1.4841136541;0.7068086396;0.0062369583;0.0071679647;-0.7073409839;2042;1620231241.233103841;2042
1620231241.2018690109;0.0200029298;-1.4779472701;0.1674179841;0.7266124471;-0.0129615146;0.0067746015;0.6868918805;1620231241.1935310364;-0.0537626686;5.2450648023;1.4841132154;0.7068084410;0.0062408300;0.0071718406;-0.7073411090;2042;1620231241.233103841;2042
1620231241.2106990814;0.0201717401;-1.4778839999;0.1675891813;0.7268604815;-0.0127272165;0.0062744288;0.6866385439;1620231241.2018959522;-0.0537509591;5.2450772047;1.4841088846;0.7068092121;0.0062575890;0.0071841939;-0.7073400651;2042;1620231241.233103841;2042
1620231241.2187259197;0.0201537589;-1.4778930160;0.1675894871;0.7268632717;-0.0126391059;0.0063590685;0.6866364391;1620231241.2107300758;-0.0537399162;5.2450683066;1.4841073168;0.7068090824;0.0062450546;0.0071726736;-0.7073404224;2042;1620231241.233103841;2042
1620231241.2357299328;0.0201713950;-1.4779022201;0.1675838167;0.7268628670;-0.0127013973;0.0062924460;0.6866363318;1620231241.2187550068;-0.0537594671;5.2450789618;1.4841079664;0.7068086737;0.0062533767;0.0071834559;-0.7073406478;2043;1620231241.259075249;2043
1620231241.2435169220;0.0201959449;-1.4778938865;0.1675896710;0.7269002360;-0.0127216624;0.0062739978;0.6865965651;1620231241.2357580662;-0.0537571076;5.2450757822;1.4841116038;0.7068073352;0.0062476493;0.0071763244;-0.7073421083;2043;1620231241.259075249;2043
1620231241.2516620159;0.0201742416;-1.4779032834;0.1675929481;0.7268430203;-0.0127149559;0.0062827144;0.6866571788;1620231241.2435569763;-0.0537347973;5.2450717107;1.4841088865;0.7068073283;0.0062439611;0.0071728007;-0.7073421835;2043;1620231241.259075249;2043
1620231241.2600729465;0.0202008409;-1.4779081552;0.1676089252;0.7268725307;-0.0127405172;0.0062699106;0.6866255832;1620231241.2516889572;-0.0537646812;5.2450746744;1.4841115410;0.7068106818;0.0062463664;0.0071774346;-0.7073387642;2044;1620231241.285046601;2044
1620231241.2684988976;0.0201956396;-1.4779140499;0.1676081056;0.7268767060;-0.0127747476;0.0062512740;0.6866206971;1620231241.2601039410;-0.0537623515;5.2450689609;1.4841163877;0.7068045906;0.0062330292;0.0071659596;-0.7073450849;2044;1620231241.285046601;2044
1620231241.2852470875;0.0201964650;-1.4779113202;0.1676180340;0.7268629883;-0.0127772432;0.0062384722;0.6866352887;1620231241.2685110569;-0.0537612273;5.2450745965;1.4841137194;0.7068082421;0.0062432706;0.0071753776;-0.7073412503;2044;1620231241.285046601;2044
1620231241.2937359810;0.0199817987;-1.4779411207;0.1674144802;0.7266055372;-0.0128973003;0.0067831904;0.6869003139;1620231241.2852571011;-0.0537534083;5.2450707429;1.4841115151;0.7068091300;0.0062389868;0.0071666930;-0.7073404889;2044;1620231241.285046601;2044
1620231241.3023500443;0.0201496743;-1.4778885882;0.1675993684;0.7268568478;-0.0126536255;0.0062936597;0.6866435746;1620231241.2937650681;-0.0537606681;5.2450688735;1.4841157504;0.7068073245;0.0062311691;0.0071617846;-0.7073424117;2045;1620231241.336989257;2045
1620231241.3104579449;0.0201792090;-1.4779054956;0.1676076518;0.7268338100;-0.0127827354;0.0062321450;0.6866661305;1620231241.3023769855;-0.0537612429;5.2450635715;1.4841129473;0.7068066594;0.0062254569;0.0071594114;-0.7073431506;2045;1620231241.336989257;2045
1620231241.3187859058;0.0201675441;-1.4779037222;0.1676099924;0.7268388542;-0.0127372801;0.0062497557;0.6866614758;1620231241.3104879856;-0.0537702266;5.2450709333;1.4841112384;0.7068088700;0.0062369622;0.0071668005;-0.7073407655;2045;1620231241.336989257;2045
1620231241.3361520767;0.0201662763;-1.4778953758;0.1675942536;0.7268465317;-0.0127679238;0.0062690938;0.6866526035;1620231241.3188140392;-0.0537432536;5.2450706528;1.4841064630;0.7068099723;0.0062443392;0.0071703726;-0.7073395628;2046;1620231241.362960713;2046
1620231241.3435640335;0.0200138119;-1.4779398610;0.1674146071;0.7266233633;-0.0129822604;0.0067567651;0.6868801169;1620231241.3361799717;-0.0537504246;5.2450625835;1.4841099901;0.7068077099;0.0062317760;0.0071622917;-0.7073420161;2046;1620231241.362960713;2046
1620231241.3515410423;0.0199907407;-1.4779254041;0.1674155743;0.7266301764;-0.0128519937;0.0067818169;0.6868751123;1620231241.3435950279;-0.0537489145;5.2450683470;1.4841117018;0.7068070484;0.0062381038;0.0071686659;-0.7073425567;2046;1620231241.362960713;2046
1620231241.3595449924;0.0201713496;-1.4778979476;0.1676103106;0.7268231143;-0.0127117730;0.0062519812;0.6866785886;1620231241.3515520096;-0.0537416497;5.2450652298;1.4841085661;0.7068073390;0.0062327973;0.0071621913;-0.7073423788;2046;1620231241.362960713;2046
1620231241.3692140579;0.0200159250;-1.4779338436;0.1674310488;0.7266180763;-0.0129528208;0.0067554625;0.6868862783;1620231241.3595559597;-0.0537570390;5.2450598888;1.4841103861;0.7068068724;0.0062316094;0.0071625919;-0.7073428514;2047;1620231241.414903377;2047
1620231241.3854091167;0.0201814941;-1.4778906556;0.1676167709;0.7268573457;-0.0127096585;0.0062514696;0.6866423979;1620231241.3692419529;-0.0537509866;5.2450640757;1.4841132307;0.7068060787;0.0062310566;0.0071625512;-0.7073436498;2047;1620231241.414903377;2047
1620231241.3935549259;0.0199823182;-1.4779269494;0.1674105286;0.7266036032;-0.0128067640;0.0068117274;0.6869037712;1620231241.3854370117;-0.0537508307;5.2450654250;1.4841134434;0.7068063258;0.0062329829;0.0071654331;-0.7073433567;2047;1620231241.414903377;2047
1620231241.4039070606;0.0199853469;-1.4779212486;0.1673997911;0.7266029671;-0.0127832629;0.0068432603;0.6869045685;1620231241.3935849667;-0.0537430925;5.2450650648;1.4841146866;0.7068038647;0.0062344796;0.0071650410;-0.7073458067;2048;1620231241.440874697;2048
1620231241.4111700058;0.0199853788;-1.4779078949;0.1674071565;0.7265909297;-0.0127458062;0.0068042937;0.6869183844;1620231241.4039421082;-0.0537433054;5.2450675105;1.4841097665;0.7068049802;0.0062412897;0.0071717785;-0.7073445637;2048;1620231241.440874697;2048
1620231241.4190509319;0.0199840840;-1.4779208417;0.1673947395;0.7265717583;-0.0128036935;0.0068173103;0.6869374569;1620231241.4111979008;-0.0537455945;5.2450505314;1.4841127033;0.7068058734;0.0062249204;0.0071532113;-0.7073440035;2048;1620231241.440874697;2048
1620231241.4371991158;0.0200234363;-1.4779218121;0.1674182867;0.7266231010;-0.0128416296;0.0067681858;0.6868829255;1620231241.4190781116;-0.0537673818;5.2450649939;1.4841200170;0.7068038591;0.0062330065;0.0071670731;-0.7073458048;2048;1620231241.440874697;2048
1620231241.4451320171;0.0201784920;-1.4778846055;0.1675964405;0.7268341936;-0.0125878455;0.0063128993;0.6866685870;1620231241.4372279644;-0.0537515606;5.2450629984;1.4841128785;0.7068047605;0.0062403406;0.0071729837;-0.7073447794;2049;1620231241.466846033;2049
1620231241.4528799057;0.0199884359;-1.4779215314;0.1673915618;0.7266012896;-0.0127329626;0.0068568626;0.6869071415;1620231241.4451479912;-0.0537382427;5.2450482117;1.4841131250;0.7068018720;0.0062221962;0.0071547299;-0.7073480105;2049;1620231241.466846033;2049
1620231241.4595129490;0.0201933311;-1.4778915405;0.1675978715;0.7268644383;-0.0126568307;0.0062783419;0.6866356206;1620231241.4528911114;-0.0537432745;5.2450501300;1.4841104397;0.7068023430;0.0062288147;0.0071602166;-0.7073474260;2049;1620231241.466846033;2049
1620231241.4765839577;0.0201694753;-1.4778756074;0.1675818332;0.7268598757;-0.0125034749;0.0063353518;0.6866427365;1620231241.4595499039;-0.0537403435;5.2450517989;1.4841140711;0.7068016564;0.0062305816;0.0071632343;-0.7073480660;2050;1620231241.518788721;2050
1620231241.4925479889;0.0200110339;-1.4779263996;0.1674234640;0.7266099861;-0.0127612062;0.0068057860;0.6868979262;1620231241.4766108990;-0.0537561188;5.2450675101;1.4841144078;0.7068009007;0.0062480436;0.0071779823;-0.7073485175;2050;1620231241.518788721;2050
1620231241.5011949539;0.0200063571;-1.4779388749;0.1674303490;0.7266214580;-0.0127341588;0.0068340178;0.6868860126;1620231241.4925639629;-0.0537307702;5.2450491314;1.4841099034;0.7068023405;0.0062359789;0.0071634992;-0.7073473321;2050;1620231241.518788721;2050
1620231241.5174500942;0.0200098148;-1.4779280211;0.1674237506;0.7266330261;-0.0127337523;0.0068322960;0.6868737996;1620231241.5012049675;-0.0537513039;5.2450589905;1.4841167166;0.7068017207;0.0062401636;0.0071719601;-0.7073478288;2051;1620231241.544760113;2051
1620231241.5266840458;0.0199905009;-1.4779122107;0.1674047771;0.7266269291;-0.0126857840;0.0068580920;0.6868808801;1620231241.5174870491;-0.0537509615;5.2450523357;1.4841145247;0.7068006434;0.0062380544;0.0071699523;-0.7073489442;2051;1620231241.544760113;2051
1620231241.5427749157;0.0201700314;-1.4778732044;0.1675742702;0.7268729259;-0.0124446354;0.0063824714;0.6866295542;1620231241.5267150402;-0.0537470315;5.2450523221;1.4841161367;0.7067994216;0.0062326260;0.0071661523;-0.7073502514;2052;1620231241.570731505;2052
1620231241.5506870747;0.0201596356;-1.4778699182;0.1675761957;0.7268541072;-0.0124380149;0.0063684933;0.6866497250;1620231241.5427908897;-0.0537410161;5.2450472406;1.4841156247;0.7068007087;0.0062313723;0.0071584629;-0.7073490542;2052;1620231241.570731505;2052
1620231241.5672709942;0.0201794015;-1.4778866864;0.1675901849;0.7268209115;-0.0125240894;0.0063458271;0.6866835080;1620231241.5507030487;-0.0537536035;5.2450473537;1.4841122378;0.7068031440;0.0062355827;0.0071623176;-0.7073465448;2052;1620231241.570731505;2052
1620231241.5839040279;0.0200180973;-1.4779269656;0.1674043300;0.7266141525;-0.0127401278;0.0068352447;0.6868936176;1620231241.5672869682;-0.0537454383;5.2450525653;1.4841146585;0.7068024375;0.0062378048;0.0071625614;-0.7073472286;2053;1620231241.622674185;2053
1620231241.5927529335;0.0201949434;-1.4778825552;0.1675914961;0.7268530179;-0.0125311450;0.0063308269;0.6866495331;1620231241.5839159489;-0.0537268995;5.2450498972;1.4841116326;0.7068019790;0.0062363242;0.0071607670;-0.7073477180;2053;1620231241.622674185;2053
1620231241.6005909443;0.0199751385;-1.4779129038;0.1673913017;0.7266107697;-0.0126336271;0.0068994339;0.6868985213;1620231241.5927650928;-0.0537460555;5.2450503096;1.4841162373;0.7068008294;0.0062305602;0.0071573878;-0.7073489517;2053;1620231241.622674185;2053
1620231241.6171879768;0.0199927698;-1.4779137881;0.1673969396;0.7266170601;-0.0126290255;0.0068702908;0.6868922439;1620231241.6006031036;-0.0537502804;5.2450589312;1.4841100939;0.7068024761;0.0062425982;0.0071723117;-0.7073470490;2054;1620231241.648645593;2054
1620231241.6260418892;0.0200204233;-1.4779297772;0.1674121116;0.7266077493;-0.0127632586;0.0068071587;0.6869002406;1620231241.6172010899;-0.0537394422;5.2450494581;1.4841134243;0.7068002429;0.0062315340;0.0071568409;-0.7073495347;2054;1620231241.648645593;2054
1620231241.6342360973;0.0200068974;-1.4779353806;0.1674069142;0.7266075384;-0.0127481435;0.0068268670;0.6869005487;1620231241.6260690689;-0.0537191980;5.2450530262;1.4841061941;0.7068032189;0.0062442857;0.0071644368;-0.7073463717;2054;1620231241.648645593;2054
1620231241.6424689293;0.0199782963;-1.4779201030;0.1674028362;0.7265791280;-0.0126801737;0.0068134976;0.6869319910;1620231241.6342709064;-0.0537262908;5.2450559800;1.4841070785;0.7068024268;0.0062390328;0.0071638762;-0.7073472151;2055;1620231241.674616849;2055
1620231241.6505401134;0.0201781987;-1.4778980266;0.1675961450;0.7268216828;-0.0125889899;0.0063148798;0.6866817903;1620231241.6424849033;-0.0537216461;5.2450461709;1.4841062926;0.7068026433;0.0062367160;0.0071582174;-0.7073470766;2055;1620231241.674616849;2055
1620231241.6594319344;0.0201347660;-1.4778835936;0.1675804241;0.7268198961;-0.0124731544;0.0063788224;0.6866852042;1620231241.6505520344;-0.0537257666;5.2450533167;1.4841057408;0.7068029364;0.0062419742;0.0071650244;-0.7073466684;2055;1620231241.674616849;2055
1620231241.6672539711;0.0201647443;-1.4778889737;0.1675826842;0.7268382801;-0.0125597318;0.0062920809;0.6866649673;1620231241.6594591141;-0.0537283099;5.2450509779;1.4841080684;0.7068021866;0.0062357229;0.0071608179;-0.7073475154;2055;1620231241.674616849;2055
1620231241.7171299458;0.0201794778;-1.4779029274;0.1675998106;0.7268448073;-0.0126270315;0.0062883406;0.6866568582;1620231241.6672799587;-0.0537328599;5.2450646240;1.4841065733;0.7068058216;0.0062558886;0.0071809612;-0.7073435009;2057;1620231241.752530953;2057
1620231241.7263979912;0.0201828619;-1.4779057608;0.1676002766;0.7268593158;-0.0126264584;0.0062930575;0.6866414676;1620231241.7171421051;-0.0537333938;5.2450681265;1.4841089372;0.7068063463;0.0062483608;0.0071739433;-0.7073431143;2057;1620231241.752530953;2057
1620231241.7344689369;0.0201541790;-1.4778917027;0.1675874827;0.7268713211;-0.0125302132;0.0063520211;0.6866299791;1620231241.7264099121;-0.0537379681;5.2450608849;1.4841036399;0.7068074501;0.0062400816;0.0071696472;-0.7073421280;2057;1620231241.752530953;2057
1620231241.7431459427;0.0200065155;-1.4779377351;0.1674261607;0.7266166704;-0.0128168768;0.0068081663;0.6868897952;1620231241.7344810963;-0.0537272727;5.2450733630;1.4841035616;0.7068080209;0.0062553817;0.0071811216;-0.7073413061;2057;1620231241.752530953;2057
1620231241.7508080006;0.0201842467;-1.4778946819;0.1676113590;0.7268698795;-0.0126063515;0.0062618895;0.6866309393;1620231241.7431719303;-0.0537303986;5.2450685562;1.4841079927;0.7068079704;0.0062511851;0.0071745804;-0.7073414600;2058;1620231241.778502281;2058
1620231241.7609860897;0.0201664408;-1.4778941157;0.1675837525;0.7268600130;-0.0125575673;0.0063381332;0.6866415783;1620231241.7508199215;-0.0537571146;5.2450687316;1.4841094593;0.7068097820;0.0062493109;0.0071763764;-0.7073396481;2058;1620231241.778502281;2058
1620231241.7683670521;0.0201394247;-1.4778865470;0.1675850682;0.7268349369;-0.0125088638;0.0063452424;0.6866689455;1620231241.7610130310;-0.0537321930;5.2450671682;1.4841049575;0.7068099836;0.0062490268;0.0071731955;-0.7073394814;2058;1620231241.778502281;2058
1620231241.7856099606;0.0200064813;-1.4779323971;0.1674242550;0.7266110980;-0.0127707937;0.0068287122;0.6868963443;1620231241.7683899403;-0.0537597760;5.2450831850;1.4841095445;0.7068087750;0.0062576411;0.0071849910;-0.7073404932;2059;1620231241.830445073;2059
1620231241.7932100296;0.0201402187;-1.4778795049;0.1675935889;0.7268478994;-0.0124905993;0.0063595071;0.6866554251;1620231241.7856330872;-0.0537296691;5.2450671609;1.4841057451;0.7068091120;0.0062439725;0.0071703094;-0.7073404263;2059;1620231241.830445073;2059
1620231241.8019819260;0.0201433898;-1.4778800007;0.1675897227;0.7268296880;-0.0125162656;0.0063713717;0.6866741245;1620231241.7932350636;-0.0537366757;5.2450742047;1.4841041063;0.7068091389;0.0062551012;0.0071794067;-0.7073402088;2059;1620231241.830445073;2059
1620231241.8102300167;0.0200042445;-1.4779255543;0.1674380075;0.7266075995;-0.0128112716;0.0067937076;0.6868996383;1620231241.8020060062;-0.0537364864;5.2450715781;1.4841027574;0.7068095407;0.0062527982;0.0071786185;-0.7073398357;2059;1620231241.830445073;2059
1620231241.8186950684;0.0199795127;-1.4779073359;0.1674180541;0.7265876162;-0.0127160295;0.0068237028;0.6869222487;1620231241.8102600574;-0.0537338802;5.2450732758;1.4841055658;0.7068057768;0.0062473398;0.0071759662;-0.7073436719;2060;1620231241.856416329;2060
1620231241.8352859020;0.0201638514;-1.4778820410;0.1676084591;0.7268224117;-0.0125601669;0.0063246719;0.6866814564;1620231241.8187201023;-0.0537394437;5.2450640233;1.4841061137;0.7068064230;0.0062404690;0.0071688373;-0.7073431591;2060;1620231241.856416329;2060
1620231241.8438448906;0.0199793861;-1.4779114145;0.1673933503;0.7265995207;-0.0127186685;0.0068559143;0.6869092869;1620231241.8353109360;-0.0537574684;5.2450666435;1.4841063163;0.7068094312;0.0062489873;0.0071770174;-0.7073399950;2060;1620231241.856416329;2060
1620231241.8523609638;0.0200131695;-1.4779250895;0.1674175995;0.7266331327;-0.0127888579;0.0068022468;0.6868729613;1620231241.8438711166;-0.0537332009;5.2450571544;1.4841031531;0.7068082045;0.0062379746;0.0071626696;-0.7073414634;2061;1620231241.882387769;2061
1620231241.8597569466;0.0201369197;-1.4778750167;0.1675824293;0.7268440585;-0.0124523771;0.0063791752;0.6866600026;1620231241.8523979187;-0.0537578789;5.2450692594;1.4841079364;0.7068073723;0.0062459525;0.0071737466;-0.7073421124;2061;1620231241.882387769;2061
1620231241.8683619499;0.0200152727;-1.4779224473;0.1674247180;0.7266513012;-0.0127940298;0.0067915970;0.6868537497;1620231241.8597691059;-0.0537331583;5.2450575599;1.4841027427;0.7068102422;0.0062430129;0.0071662060;-0.7073393470;2061;1620231241.882387769;2061
1620231241.8854300976;0.0201424336;-1.4778680741;0.1675785056;0.7268515325;-0.0124940440;0.0063961191;0.6866511765;1620231241.8683888912;-0.0537326999;5.2450650719;1.4841047298;0.7068062905;0.0062448173;0.0071723466;-0.7073432175;2061;1620231241.882387769;2061
1620231241.8946371078;0.0199881318;-1.4779159034;0.1674201577;0.7266117367;-0.0127293524;0.0068608134;0.6868961180;1620231241.8854529858;-0.0537367296;5.2450604987;1.4841080557;0.7068086912;0.0062412125;0.0071707131;-0.7073408670;2062;1620231241.934330449;2062
1620231241.9111440182;0.0199978800;-1.4779185210;0.1674106409;0.7266184419;-0.0127407894;0.0068246658;0.6868891731;1620231241.8946850300;-0.0537403885;5.2450614447;1.4841079198;0.7068065999;0.0062416120;0.0071713757;-0.7073429465;2062;1620231241.934330449;2062
1620231241.9186489582;0.0199693325;-1.4779134983;0.1673931388;0.7266508675;-0.0126466606;0.0068972243;0.6868558852;1620231241.9111618996;-0.0537600984;5.2450568390;1.4841088291;0.7068072410;0.0062321452;0.0071656776;-0.7073424471;2063;1620231241.960301809;2063
1620231241.9282240868;0.0199530903;-1.4779095738;0.1673912583;0.7265967028;-0.0126315482;0.0068835011;0.6869135993;1620231241.9186720848;-0.0537581198;5.2450607444;1.4841079798;0.7068087055;0.0062406700;0.0071698527;-0.7073408663;2063;1620231241.960301809;2063
1620231241.9450840950;0.0199814408;-1.4779149992;0.1674145181;0.7266227383;-0.0126776343;0.0068536968;0.6868855077;1620231241.9282360077;-0.0537374336;5.2450656967;1.4841036845;0.7068101038;0.0062509321;0.0071763330;-0.7073393127;2063;1620231241.960301809;2063
1620231241.9521930218;0.0199823848;-1.4779236115;0.1674081161;0.7266003019;-0.0127345511;0.0068487994;0.6869082372;1620231241.9450950623;-0.0537275844;5.2450573448;1.4841062522;0.7068071139;0.0062423557;0.0071668606;-0.7073424721;2063;1620231241.960301809;2063
1620231241.9610149860;0.0200032731;-1.4779194619;0.1674083946;0.7266314682;-0.0127322157;0.0068228225;0.6868755704;1620231241.9522149563;-0.0537314718;5.2450681990;1.4841067682;0.7068064545;0.0062504061;0.0071730957;-0.7073429967;2064;1620231241.986273169;2064
1620231241.9768331051;0.0200016626;-1.4779225543;0.1674093050;0.7266138598;-0.0127239109;0.0068235721;0.6868943439;1620231241.9610519409;-0.0537313300;5.2450604787;1.4841090683;0.7068070537;0.0062419978;0.0071668826;-0.7073425352;2064;1620231241.986273169;2064
1620231241.9850049019;0.0199784850;-1.4779098567;0.1673903386;0.7266004516;-0.0126720480;0.0068630137;0.6869090930;1620231241.9768440723;-0.0537244786;5.2450608919;1.4841081246;0.7068057987;0.0062409907;0.0071639052;-0.7073438283;2064;1620231241.986273169;2064
1620231241.9936149120;0.0201889933;-1.4778737988;0.1675863085;0.7268532363;-0.0125719027;0.0062857194;0.6866489714;1620231241.9850280285;-0.0537302134;5.2450570174;1.4841089313;0.7068062045;0.0062387829;0.0071626736;-0.7073434548;2065;1620231242.038215897;2065
1620231242.0018479824;0.0199848024;-1.4778946772;0.1673828637;0.7266066451;-0.0126518665;0.0068442202;0.6869031010;1620231241.9936399460;-0.0537287286;5.2450686197;1.4841046341;0.7068054295;0.0062538238;0.0071780897;-0.7073439401;2065;1620231242.038215897;2065
1620231242.0105390549;0.0201844627;-1.4778668555;0.1675802525;0.7268399073;-0.0125345618;0.0063145472;0.6866634986;1620231242.0018720627;-0.0537311624;5.2450667028;1.4841037932;0.7068062180;0.0062497400;0.0071742276;-0.7073432275;2065;1620231242.038215897;2065
1620231242.0185289383;0.0200051100;-1.4778995079;0.1673972549;0.7265871353;-0.0126996779;0.0068084411;0.6869232112;1620231242.0105791092;-0.0537320470;5.2450736648;1.4841072391;0.7068076184;0.0062566000;0.0071791914;-0.7073417171;2065;1620231242.038215897;2065
1620231242.0267059803;0.0199731633;-1.4778840090;0.1673760155;0.7265534668;-0.0126351213;0.0068628540;0.6869594710;1620231242.0185520649;-0.0537285976;5.2450590679;1.4841058675;0.7068079320;0.0062433418;0.0071675111;-0.7073416393;2066;1620231242.064187209;2066
1620231242.0433940887;0.0201663246;-1.4778731371;0.1675853435;0.7268462226;-0.0125334527;0.0063411745;0.6866565887;1620231242.0267260075;-0.0537336378;5.2450619529;1.4841090664;0.7068066020;0.0062409558;0.0071682454;-0.7073429819;2066;1620231242.064187209;2066
1620231242.0520310402;0.0201546861;-1.4778683914;0.1675972047;0.7268191154;-0.0125273386;0.0063148497;0.6866856354;1620231242.0434050560;-0.0537373723;5.2450668507;1.4841090487;0.7068052878;0.0062443741;0.0071725431;-0.7073442214;2066;1620231242.064187209;2066
1620231242.0605669022;0.0199518508;-1.4778954111;0.1674082421;0.7265782685;-0.0126430458;0.0068248755;0.6869334715;1620231242.0520548820;-0.0537314056;5.2450655992;1.4841075662;0.7068060024;0.0062459343;0.0071695676;-0.7073435238;2067;1620231242.090158577;2067
1620231242.0685839653;0.0199934015;-1.4779106363;0.1674217983;0.7266163395;-0.0127258151;0.0068123985;0.6868917964;1620231242.0606050491;-0.0537336124;5.2450588404;1.4841052160;0.7068055289;0.0062361757;0.0071618999;-0.7073441607;2067;1620231242.090158577;2067
1620231242.0852539539;0.0199827015;-1.4778915063;0.1674094252;0.7266169447;-0.0126651067;0.0068379891;0.6868920240;1620231242.0686299801;-0.0537386626;5.2450673047;1.4841078969;0.7068080629;0.0062453000;0.0071729801;-0.7073414358;2067;1620231242.090158577;2067
1620231242.0926079750;0.0199751762;-1.4778934645;0.1673967630;0.7265775030;-0.0126564227;0.0068539733;0.6869337451;1620231242.0852661133;-0.0537361486;5.2450667391;1.4841014304;0.7068085894;0.0062447570;0.0071731476;-0.7073409128;2067;1620231242.090158577;2067
1620231242.1011490822;0.0199807233;-1.4778917155;0.1673940272;0.7266257342;-0.0126379331;0.0068561998;0.6868830450;1620231242.0926320553;-0.0537404143;5.2450636021;1.4841022924;0.7068055894;0.0062379300;0.0071715039;-0.7073439875;2068;1620231242.142101289;2068
1620231242.1091449261;0.0200375460;-1.4779086082;0.1674051751;0.7266244736;-0.0127833904;0.0067794057;0.6868824491;1620231242.1011750698;-0.0537390435;5.2450613499;1.4841059228;0.7068067064;0.0062365353;0.0071681129;-0.7073429179;2068;1620231242.142101289;2068
1620231242.1183900833;0.0201678062;-1.4778613621;0.1675548458;0.7268547603;-0.0125242048;0.0063379079;0.6866477501;1620231242.1091699600;-0.0537587824;5.2450525322;1.4841083138;0.7068088582;0.0062290911;0.0071601386;-0.7073409142;2068;1620231242.142101289;2068
1620231242.1350688934;0.0200035928;-1.4778980586;0.1673938564;0.7266130981;-0.0126880779;0.0068169665;0.6868958780;1620231242.1184139252;-0.0537542287;5.2450549465;1.4841091308;0.7068078347;0.0062312282;0.0071597125;-0.7073419224;2069;1620231242.168072609;2069
1620231242.1442320347;0.0200001008;-1.4779102182;0.1673795871;0.7266439756;-0.0127059229;0.0068400201;0.6868626546;1620231242.1350929737;-0.0537483824;5.2450597881;1.4841045723;0.7068060348;0.0062404874;0.0071674069;-0.7073435613;2069;1620231242.168072609;2069
1620231242.1511650085;0.0200055215;-1.4779235835;0.1674027974;0.7266361795;-0.0127675186;0.0068280071;0.6868698795;1620231242.1442561150;-0.0537493687;5.2450554422;1.4841073276;0.7068076703;0.0062355415;0.0071587956;-0.7073420579;2069;1620231242.168072609;2069
1620231242.1594989300;0.0200014824;-1.4779272274;0.1674068464;0.7266315555;-0.0127945408;0.0067934079;0.6868746115;1620231242.1511869431;-0.0537491215;5.2450567089;1.4841066849;0.7068065225;0.0062378887;0.0071643359;-0.7073431280;2069;1620231242.168072609;2069
1620231242.1761589050;0.0199427320;-1.4779269017;0.1673876316;0.7266477196;-0.0126616388;0.0068795143;0.6868591171;1620231242.1595559120;-0.0537559795;5.2450536318;1.4841064508;0.7068079572;0.0062384429;0.0071644881;-0.7073416880;2070;1620231242.194043993;2070
1620231242.1848061085;0.0199596073;-1.4779279590;0.1673923292;0.7266609898;-0.0127071766;0.0068270001;0.6868447609;1620231242.1761839390;-0.0537316812;5.2450535088;1.4841020719;0.7068066360;0.0062377073;0.0071664047;-0.7073429953;2070;1620231242.194043993;2070
1620231242.1925981045;0.0199863345;-1.4779341893;0.1673941710;0.7266367055;-0.0128231316;0.0068069641;0.6868684960;1620231242.1848280430;-0.0537578226;5.2450518239;1.4841065922;0.7068071575;0.0062377572;0.0071669045;-0.7073424686;2070;1620231242.194043993;2070
1620231242.2010560036;0.0199932384;-1.4779205313;0.1674057574;0.7266022421;-0.0128779112;0.0067419952;0.6869045689;1620231242.1926100254;-0.0537331680;5.2450589398;1.4841027334;0.7068077114;0.0062429397;0.0071752053;-0.7073417853;2071;1620231242.245986673;2071
1620231242.2106060982;0.0201707066;-1.4778846867;0.1675667974;0.7268681780;-0.0127415991;0.0062552879;0.6866303044;1620231242.2010669708;-0.0537594971;5.2450607244;1.4841077411;0.7068087834;0.0062467318;0.0071764281;-0.7073406682;2071;1620231242.245986673;2071
1620231242.2194750309;0.0199490320;-1.4779125380;0.1673946158;0.7265899024;-0.0127593777;0.0068055663;0.6869192066;1620231242.2106308937;-0.0537280560;5.2450512233;1.4841093969;0.7068057109;0.0062360585;0.0071637344;-0.7073439612;2071;1620231242.245986673;2071
1620231242.2349920273;0.0199873960;-1.4779341556;0.1674135332;0.7266025173;-0.0128750528;0.0067332121;0.6869044174;1620231242.2194979191;-0.0537450143;5.2450533884;1.4841069760;0.7068077596;0.0062395296;0.0071672456;-0.7073418479;2072;1620231242.271958065;2072
1620231242.2435889244;0.0199980319;-1.4779397738;0.1673970729;0.7266175923;-0.0129321179;0.0067291063;0.6868874391;1620231242.2350149155;-0.0537284216;5.2450624194;1.4841014647;0.7068086657;0.0062562828;0.0071837647;-0.7073406269;2072;1620231242.271958065;2072
1620231242.2599170208;0.0199586263;-1.4779264198;0.1673793787;0.7265825318;-0.0128094867;0.0067885741;0.6869262383;1620231242.2436559200;-0.0537515868;5.2450550325;1.4841117763;0.7068066596;0.0062400895;0.0071704601;-0.7073429096;2072;1620231242.271958065;2072
1620231242.2764000893;0.0199887762;-1.4779414588;0.1673718252;0.7266132519;-0.0129208208;0.0067359284;0.6868921763;1620231242.2599520683;-0.0537264842;5.2450514776;1.4841051002;0.7068081225;0.0062359771;0.0071683278;-0.7073415057;2073;1620231242.297929409;2073
1620231242.2854769230;0.0200077801;-1.4779356234;0.1673826026;0.7265924026;-0.0129649284;0.0066866963;0.6869138805;1620231242.2764179707;-0.0537219518;5.2450528915;1.4841016259;0.7068090987;0.0062420073;0.0071688662;-0.7073404716;2073;1620231242.297929409;2073
1620231242.2928891182;0.0199741026;-1.4779352276;0.1673780041;0.7265937015;-0.0128512041;0.0067388949;0.6869141335;1620231242.2855000496;-0.0537250173;5.2450552195;1.4841049634;0.7068072457;0.0062414925;0.0071696445;-0.7073423198;2073;1620231242.297929409;2073
1620231242.3020908833;0.0200038067;-1.4779464815;0.1673954029;0.7266271350;-0.0129089733;0.0067098551;0.6868779680;1620231242.2929079533;-0.0537265960;5.2450481263;1.4841060792;0.7068089398;0.0062347714;0.0071630736;-0.7073407528;2074;1620231242.349872137;2074
1620231242.3118860722;0.0199884319;-1.4779470804;0.1673755048;0.7266330077;-0.0128677611;0.0067602923;0.6868720342;1620231242.3021140099;-0.0537228817;5.2450603329;1.4841017025;0.7068068488;0.0062462313;0.0071735161;-0.7073426353;2074;1620231242.349872137;2074
1620231242.3190169334;0.0199793500;-1.4779403255;0.1673863381;0.7266201814;-0.0128388514;0.0067310677;0.6868864306;1620231242.3119089603;-0.0537296691;5.2450562968;1.4841044004;0.7068067863;0.0062440298;0.0071725117;-0.7073427274;2074;1620231242.349872137;2074
1620231242.3354859352;0.0199936456;-1.4779400705;0.1673916528;0.7266436967;-0.0128327732;0.0067710847;0.6868612745;1620231242.3190400600;-0.0537360340;5.2450528001;1.4841027757;0.7068081430;0.0062415145;0.0071729895;-0.7073413891;2074;1620231242.349872137;2074
1620231242.3443810940;0.0199979836;-1.4779281126;0.1673939602;0.7266204077;-0.0128384858;0.0067513615;0.6868859989;1620231242.3355090618;-0.0537335246;5.2450471555;1.4841058126;0.7068052409;0.0062391449;0.0071653601;-0.7073443873;2075;1620231242.375843489;2075
1620231242.3521668911;0.0200186335;-1.4779429362;0.1674185317;0.7266100720;-0.0129301510;0.0067004791;0.6868957112;1620231242.3444039822;-0.0537222088;5.2450501526;1.4841047864;0.7068062541;0.0062396921;0.0071645401;-0.7073433782;2075;1620231242.375843489;2075
1620231242.3599889278;0.0201832106;-1.4779056892;0.1675892684;0.7268343579;-0.0127434787;0.0062322979;0.6866662787;1620231242.3521900177;-0.0537258924;5.2450428301;1.4841050799;0.7068057776;0.0062315970;0.0071599230;-0.7073439725;2075;1620231242.375843489;2075
1620231242.3758630753;0.0201635346;-1.4778988620;0.1675930389;0.7268320049;-0.0127075850;0.0062668927;0.6866691197;1620231242.3600139618;-0.0537278602;5.2450547152;1.4841070553;0.7068053995;0.0062398540;0.0071695540;-0.7073441799;2076;1620231242.401814849;2076
1620231242.3848440647;0.0201806601;-1.4778995069;0.1675911506;0.7268555034;-0.0127111721;0.0062457457;0.6866443723;1620231242.3758800030;-0.0537237114;5.2450598949;1.4841065563;0.7068042525;0.0062438754;0.0071698206;-0.7073452879;2076;1620231242.401814849;2076
1620231242.3925371170;0.0199950016;-1.4779239053;0.1673915270;0.7266142310;-0.0128385931;0.0067746631;0.6868923014;1620231242.3848578930;-0.0537484858;5.2450630076;1.4841079632;0.7068047100;0.0062503451;0.0071791557;-0.7073446789;2076;1620231242.401814849;2076
1620231242.4017529488;0.0200054083;-1.4779261590;0.1674139831;0.7265955375;-0.0128562879;0.0067586342;0.6869119024;1620231242.3925609589;-0.0537508734;5.2450541163;1.4841107648;0.7068048102;0.0062369579;0.0071715361;-0.7073447743;2076;1620231242.401814849;2076
1620231242.4092578888;0.0200328797;-1.4779225515;0.1673989045;0.7265965109;-0.0129328395;0.0067397939;0.6869096208;1620231242.4017739296;-0.0537152874;5.2450584075;1.4841031305;0.7068050770;0.0062465716;0.0071711722;-0.7073444265;2077;1620231242.453757545;2077
1620231242.4174249172;0.0199812656;-1.4779048115;0.1673842528;0.7265825553;-0.0128149452;0.0068075356;0.6869259239;1620231242.4092819691;-0.0537495477;5.2450533423;1.4841062154;0.7068038085;0.0062353754;0.0071693567;-0.7073458113;2077;1620231242.453757545;2077
1620231242.4340510368;0.0200334611;-1.4779259436;0.1674077262;0.7266258286;-0.0128889310;0.0067599982;0.6868792347;1620231242.4174399376;-0.0537546791;5.2450615606;1.4841070724;0.7068035408;0.0062449272;0.0071762541;-0.7073459245;2077;1620231242.453757545;2077
1620231242.4423398972;0.0200186045;-1.4779286089;0.1674186429;0.7266175739;-0.0128988544;0.0067232547;0.6868881414;1620231242.4340660572;-0.0537473335;5.2450674619;1.4841107838;0.7068057328;0.0062538389;0.0071823297;-0.7073435938;2078;1620231242.479728849;2078
1620231242.4519970417;0.0199847863;-1.4779198314;0.1673925419;0.7265971879;-0.0128208918;0.0067840513;0.6869105676;1620231242.4423511028;-0.0537466979;5.2450608670;1.4841112483;0.7068025055;0.0062387889;0.0071745336;-0.7073470307;2078;1620231242.479728849;2078
1620231242.4603381157;0.0201762361;-1.4778986054;0.1675793893;0.7268613657;-0.0127128147;0.0062479287;0.6866381163;1620231242.4520120621;-0.0537411106;5.2450598059;1.4841099254;0.7068057983;0.0062429464;0.0071746972;-0.7073437020;2078;1620231242.479728849;2078
1620231242.4687390327;0.0200107132;-1.4779433348;0.1674129031;0.7266392590;-0.0129219077;0.0067292343;0.6868647094;1620231242.4603989124;-0.0537193379;5.2450611151;1.4841026459;0.7068064942;0.0062468527;0.0071747313;-0.7073429719;2078;1620231242.479728849;2078
1620231242.4854938984;0.0200508114;-1.4779352259;0.1674115499;0.7266552479;-0.0129559795;0.0066645803;0.6868477827;1620231242.4687640667;-0.0537264344;5.2450604141;1.4841039228;0.7068094896;0.0062538385;0.0071783441;-0.7073398803;2079;1620231242.505700281;2079
1620231242.4936599731;0.0199883137;-1.4779150209;0.1673980249;0.7265916362;-0.0128673195;0.0067244528;0.6869161580;1620231242.4855120182;-0.0537177213;5.2450598513;1.4841006271;0.7068115688;0.0062504306;0.0071735161;-0.7073378818;2079;1620231242.505700281;2079
1620231242.5019319057;0.0199860133;-1.4779183759;0.1673947565;0.7266106195;-0.0128643527;0.0067210705;0.6868961663;1620231242.4936749935;-0.0537517830;5.2450689191;1.4841056558;0.7068131376;0.0062581920;0.0071877155;-0.7073361014;2079;1620231242.505700281;2079
1620231242.5101530552;0.0201770548;-1.4778830445;0.1675972163;0.7268412044;-0.0127081588;0.0062160425;0.6866598336;1620231242.5019481182;-0.0537177189;5.2450551694;1.4841042957;0.7068101819;0.0062411690;0.0071651763;-0.7073394339;2079;1620231242.505700281;2079
1620231242.5273599625;0.0200213303;-1.4779296124;0.1674115446;0.7266426665;-0.0129369099;0.0067218033;0.6868608949;1620231242.5101840496;-0.0537465039;5.2450669428;1.4841059837;0.7068132422;0.0062525684;0.0071824592;-0.7073361000;2080;1620231242.557642993;2080
1620231242.5355739594;0.0200000951;-1.4779134318;0.1673840234;0.7266146094;-0.0128567022;0.0067486412;0.6868918186;1620231242.5273840427;-0.0537516193;5.2450654419;1.4841069752;0.7068096113;0.0062477485;0.0071798143;-0.7073397976;2080;1620231242.557642993;2080
1620231242.5443360806;0.0200064021;-1.4779233320;0.1673973200;0.7265873215;-0.0129252447;0.0067468248;0.6869194149;1620231242.5355880260;-0.0537262864;5.2450601158;1.4841017993;0.7068108127;0.0062466125;0.0071720696;-0.7073386857;2080;1620231242.557642993;2080
1620231242.5512619019;0.0200128856;-1.4779202999;0.1673993477;0.7265976596;-0.0129252478;0.0067303091;0.6869086417;1620231242.5443511009;-0.0537514152;5.2450698406;1.4841019797;0.7068110989;0.0062558763;0.0071838528;-0.7073381982;2081;1620231242.583614265;2081
1620231242.5601539612;0.0199720172;-1.4779093583;0.1673917791;0.7265890610;-0.0128006322;0.0067932521;0.6869194509;1620231242.5512769222;-0.0537367039;5.2450649566;1.4841011450;0.7068097779;0.0062469245;0.0071746884;-0.7073396904;2081;1620231242.583614265;2081
1620231242.5682690144;0.0200160570;-1.4778929990;0.1673672407;0.7266145847;-0.0129321309;0.0067260682;0.6868906502;1620231242.5601689816;-0.0537406988;5.2450659088;1.4841018622;0.7068100478;0.0062437581;0.0071781875;-0.7073394132;2081;1620231242.583614265;2081
1620231242.5844020844;0.0200246201;-1.4779163325;0.1674016673;0.7265776162;-0.0130073809;0.0066968300;0.6869286194;1620231242.5682849884;-0.0537290011;5.2450691157;1.4840995319;0.7068094898;0.0062519825;0.0071805150;-0.7073398745;2081;1620231242.583614265;2081
1620231242.5926229954;0.0200307651;-1.4779178844;0.1673985988;0.7266241907;-0.0129687072;0.0067229373;0.6868798296;1620231242.5844190121;-0.0537318739;5.2450669383;1.4841047952;0.7068075336;0.0062453043;0.0071760462;-0.7073419336;2082;1620231242.635556985;2082
1620231242.6012721062;0.0201587822;-1.4778666232;0.1675670783;0.7268387814;-0.0126436462;0.0062893179;0.6866629220;1620231242.5926370621;-0.0537572191;5.2450698934;1.4841096253;0.7068110593;0.0062497331;0.0071832305;-0.7073382985;2082;1620231242.635556985;2082
1620231242.6096849442;0.0199955066;-1.4779126352;0.1673834653;0.7265961717;-0.0128557987;0.0067925685;0.6869109060;1620231242.6013059616;-0.0537308523;5.2450670955;1.4841041377;0.7068081302;0.0062432042;0.0071729511;-0.7073413874;2082;1620231242.635556985;2082
1620231242.6260800362;0.0200110687;-1.4779253242;0.1673849530;0.7266480326;-0.0128614652;0.0068061689;0.6868558040;1620231242.6097009182;-0.0537323034;5.2450701075;1.4841032574;0.7068114684;0.0062472710;0.0071747944;-0.7073379970;2083;1620231242.661528409;2083
1620231242.6343541145;0.0200278218;-1.4779287992;0.1674006837;0.7266360133;-0.0129417932;0.0067589299;0.6868674770;1620231242.6260950565;-0.0537331157;5.2450689509;1.4841040965;0.7068108065;0.0062487121;0.0071725444;-0.7073386686;2083;1620231242.661528409;2083
1620231242.6425371170;0.0199819455;-1.4779090799;0.1673911623;0.7266264426;-0.0128254316;0.0068025822;0.6868793533;1620231242.6343679428;-0.0537454392;5.2450687423;1.4841076417;0.7068101023;0.0062489629;0.0071746212;-0.7073393489;2083;1620231242.661528409;2083
1620231242.6514430046;0.0200202672;-1.4779269187;0.1674012044;0.7266267002;-0.0129560743;0.0067349049;0.6868772960;1620231242.6425490379;-0.0537371305;5.2450664344;1.4841066267;0.7068108790;0.0062439945;0.0071710486;-0.7073386529;2083;1620231242.661528409;2083
1620231242.6608200073;0.0200081209;-1.4779144766;0.1673892066;0.7266346178;-0.0128871352;0.0067497321;0.6868700714;1620231242.6514580250;-0.0537625027;5.2450719441;1.4841126131;0.7068111163;0.0062502005;0.0071777404;-0.7073382931;2084;1620231242.687499721;2084
1620231242.6690180302;0.0200157283;-1.4779329337;0.1673950529;0.7266144275;-0.0129597729;0.0067567771;0.6868899941;1620231242.6608519554;-0.0537623941;5.2450657490;1.4841132641;0.7068104062;0.0062472975;0.0071741725;-0.7073390646;2084;1620231242.687499721;2084
1620231242.6858370304;0.0200021651;-1.4779149249;0.1673860269;0.7266094762;-0.0128709276;0.0067650313;0.6868968209;1620231242.6690471172;-0.0537345561;5.2450600237;1.4841109696;0.7068073235;0.0062372934;0.0071625090;-0.7073423514;2084;1620231242.687499721;2084
1620231242.6956040859;0.0201837341;-1.4778708698;0.1675709257;0.7268407803;-0.0127266988;0.0062578272;0.6866595596;1620231242.6858649254;-0.0537559267;5.2450640958;1.4841112903;0.7068123511;0.0062427404;0.0071671065;-0.7073372330;2084;1620231242.687499721;2084
1620231242.7026970387;0.0199771684;-1.4779127731;0.1673715007;0.7265801514;-0.0128288612;0.0068221416;0.6869280619;1620231242.6956338882;-0.0537542214;5.2450721728;1.4841105869;0.7068063354;0.0062515191;0.0071781473;-0.7073430546;2085;1620231242.739442393;2085
1620231242.7109429836;0.0199912622;-1.4779225373;0.1673745601;0.7266113880;-0.0128634662;0.0067936621;0.6868946559;1620231242.7027258873;-0.0537331392;5.2450651797;1.4841047124;0.7068094901;0.0062460463;0.0071731308;-0.7073400016;2085;1620231242.739442393;2085
1620231242.7183630466;0.0201925788;-1.4778985134;0.1675680808;0.7268709983;-0.0127389180;0.0062610762;0.6866273157;1620231242.7109720707;-0.0537337785;5.2450571195;1.4841081799;0.7068102885;0.0062413639;0.0071658865;-0.7073393185;2085;1620231242.739442393;2085
1620231242.7361919880;0.0199705825;-1.4779252062;0.1673818664;0.7265953762;-0.0128733903;0.0067838607;0.6869115040;1620231242.7183918953;-0.0537356182;5.2450634616;1.4841091340;0.7068074383;0.0062435218;0.0071714021;-0.7073420917;2086;1620231242.765413777;2086
1620231242.7439041138;0.0200091700;-1.4779279905;0.1673938104;0.7266164302;-0.0129610753;0.0067372300;0.6868880430;1620231242.7362210751;-0.0537558229;5.2450680983;1.4841135786;0.7068095916;0.0062497631;0.0071779318;-0.7073398186;2086;1620231242.765413777;2086
1620231242.7525179386;0.0201683483;-1.4778739710;0.1675625269;0.7268465498;-0.0126987053;0.0062485925;0.6866540548;1620231242.7439339161;-0.0537559849;5.2450689246;1.4841135545;0.7068096329;0.0062501042;0.0071789853;-0.7073397636;2086;1620231242.765413777;2086
1620231242.7611970901;0.0200195852;-1.4779309305;0.1673993216;0.7266230626;-0.0129763233;0.0067265214;0.6868808439;1620231242.7525479794;-0.0537581512;5.2450656174;1.4841128608;0.7068090228;0.0062452463;0.0071751944;-0.7073404546;2086;1620231242.765413777;2086
1620231242.7686491013;0.0200099014;-1.4779263470;0.1674018322;0.7266139605;-0.0129825747;0.0067496947;0.6868901272;1620231242.7612209320;-0.0537567673;5.2450654974;1.4841093656;0.7068083719;0.0062460922;0.0071731132;-0.7073411187;2087;1620231242.817356473;2087
1620231242.7783989906;0.0201473734;-1.4778710460;0.1675676310;0.7268164913;-0.0126679352;0.0062886315;0.6866860742;1620231242.7686779499;-0.0537375283;5.2450595332;1.4841081856;0.7068088445;0.0062455815;0.0071712510;-0.7073406698;2087;1620231242.817356473;2087
1620231242.7939670086;0.0200140396;-1.4779331337;0.1673920231;0.7266057522;-0.0129960626;0.0067521414;0.6868985309;1620231242.7784290314;-0.0537555204;5.2450661235;1.4841116057;0.7068075832;0.0062509339;0.0071765723;-0.7073418289;2087;1620231242.817356473;2087
1620231242.8031609058;0.0200173083;-1.4779184403;0.1674026931;0.7266057798;-0.0129839461;0.0066934796;0.6868993050;1620231242.7939970493;-0.0537239978;5.2450492160;1.4841061891;0.7068067938;0.0062395285;0.0071627622;-0.7073428585;2088;1620231242.843327833;2088
1620231242.8101730347;0.0199891674;-1.4779144088;0.1673795430;0.7266131129;-0.0129083527;0.0067776482;0.6868921474;1620231242.8032009602;-0.0537338733;5.2450587101;1.4841097659;0.7068061654;0.0062463114;0.0071757500;-0.7073432949;2088;1620231242.843327833;2088
1620231242.8270440102;0.0201655735;-1.4778731776;0.1675571298;0.7268415866;-0.0127265872;0.0062542073;0.6866587412;1620231242.8101849556;-0.0537474318;5.2450545897;1.4841146899;0.7068059869;0.0062410945;0.0071690944;-0.7073435868;2088;1620231242.843327833;2088
1620231242.8354599476;0.0201609052;-1.4778670358;0.1675683154;0.7268639846;-0.0126506905;0.0062740294;0.6866362534;1620231242.8270740509;-0.0537466599;5.2450619001;1.4841118868;0.7068053777;0.0062551150;0.0071808951;-0.7073439520;2088;1620231242.843327833;2088
1620231242.8435399532;0.0200103106;-1.4779266434;0.1673874732;0.7266131763;-0.0129607898;0.0067824640;0.6868910453;1620231242.8354868889;-0.0537488979;5.2450587903;1.4841122362;0.7068070696;0.0062546928;0.0071798399;-0.7073422757;2089;1620231242.869299209;2089
1620231242.8522419930;0.0199958340;-1.4779089518;0.1673719029;0.7266233931;-0.0128920437;0.0067876300;0.6868814802;1620231242.8435769081;-0.0537441685;5.2450575258;1.4841174203;0.7068011493;0.0062470131;0.0071736522;-0.7073483222;2089;1620231242.869299209;2089
1620231242.8605170250;0.0199751806;-1.4779016797;0.1673867954;0.7265839065;-0.0128408815;0.0068044850;0.6869240406;1620231242.8522698879;-0.0537377882;5.2450456275;1.4841131552;0.7068032939;0.0062398286;0.0071648868;-0.7073463315;2089;1620231242.869299209;2089
1620231242.8691170216;0.0200470263;-1.4779105758;0.1674086287;0.7266143618;-0.0129913001;0.0067049439;0.6868899760;1620231242.8605461121;-0.0537394850;5.2450510683;1.4841139566;0.7068018494;0.0062459715;0.0071712112;-0.7073476566;2089;1620231242.869299209;2089
1620231242.8853619099;0.0200158030;-1.4779128012;0.1674107360;0.7265999482;-0.0129552814;0.0067425968;0.6869055345;1620231242.8691470623;-0.0537444057;5.2450600455;1.4841109356;0.7068036357;0.0062527405;0.0071816478;-0.7073457060;2090;1620231242.921241937;2090
1620231242.8934819698;0.0200032085;-1.4778987802;0.1673897084;0.7266154099;-0.0128887738;0.0067524272;0.6868903335;1620231242.8853731155;-0.0537407781;5.2450559503;1.4841143997;0.7068015754;0.0062492151;0.0071765412;-0.7073478476;2090;1620231242.921241937;2090
1620231242.9027009010;0.0200173493;-1.4779161857;0.1674075984;0.7266334748;-0.0129450233;0.0067127576;0.6868705544;1620231242.8935019970;-0.0537358958;5.2450513063;1.4841158346;0.7068035216;0.0062462497;0.0071746138;-0.7073459487;2090;1620231242.921241937;2090
1620231242.9103629589;0.0200257763;-1.4779164083;0.1674066495;0.7266243619;-0.0129371803;0.0067260299;0.6868802127;1620231242.9027290344;-0.0537375382;5.2450560231;1.4841155595;0.7068020111;0.0062505341;0.0071768803;-0.7073473972;2091;1620231242.947213209;2091
1620231242.9192919731;0.0200144185;-1.4779252556;0.1674101694;0.7266176785;-0.0129353854;0.0067412499;0.6868871674;1620231242.9103739262;-0.0537452096;5.2450596765;1.4841164000;0.7068019902;0.0062526828;0.0071818691;-0.7073473485;2091;1620231242.947213209;2091
1620231242.9354619980;0.0201801763;-1.4778824085;0.1675711692;0.7268572521;-0.0127244874;0.0062841763;0.6866419239;1620231242.9193210602;-0.0537390839;5.2450545152;1.4841137560;0.7068004025;0.0062480849;0.0071783742;-0.7073490111;2091;1620231242.947213209;2091
1620231242.9437398911;0.0199900034;-1.4779043013;0.1673932375;0.7266350318;-0.0128147281;0.0067604040;0.6868708832;1620231242.9354879856;-0.0537371708;5.2450549552;1.4841127299;0.7068001037;0.0062463842;0.0071755871;-0.7073493529;2091;1620231242.947213209;2091
1620231242.9523708820;0.0201914533;-1.4778939220;0.1675781174;0.7268592395;-0.0127807691;0.0062288145;0.6866392792;1620231242.9437830448;-0.0537465507;5.2450547352;1.4841094974;0.7068043185;0.0062508620;0.0071827338;-0.7073450293;2092;1620231242.973184593;2092
1620231242.9606020451;0.0201352419;-1.4778765285;0.1675703726;0.7268044149;-0.0126463342;0.0062643261;0.6866994764;1620231242.9523820877;-0.0537161164;5.2450503405;1.4841059124;0.7068017679;0.0062469722;0.0071755527;-0.7073476851;2092;1620231242.973184593;2092
1620231242.9772050381;0.0201419720;-1.4778813793;0.1675788197;0.7268561930;-0.0126048819;0.0062695146;0.6866453851;1620231242.9606299400;-0.0537390969;5.2450589565;1.4841100789;0.7068022518;0.0062528862;0.0071815798;-0.7073470881;2092;1620231242.973184593;2092
1620231242.9852919579;0.0199977130;-1.4779401963;0.1674086681;0.7266020510;-0.0129138689;0.0067501488;0.6869040158;1620231242.9772350788;-0.0537392888;5.2450591144;1.4841109335;0.7068036539;0.0062514130;0.0071791828;-0.7073457245;2093;1620231243.025127249;2093
1620231242.9936809540;0.0199702680;-1.4779173365;0.1673899216;0.7266088196;-0.0127767464;0.0068205466;0.6868987248;1620231242.9853219986;-0.0537435843;5.2450642123;1.4841137520;0.7068041348;0.0062518798;0.0071839503;-0.7073451915;2093;1620231243.025127249;2093
1620231243.0022239685;0.0201464272;-1.4778846447;0.1675665340;0.7268460154;-0.0126117590;0.0063106259;0.6866556556;1620231242.9937109947;-0.0537359239;5.2450542505;1.4841122856;0.7068026968;0.0062455277;0.0071738092;-0.7073467874;2093;1620231243.025127249;2093
1620231243.0101490021;0.0200122308;-1.4779273902;0.1673996870;0.7266229152;-0.0129067851;0.0067660144;0.6868819222;1620231243.0022521019;-0.0537264555;5.2450583561;1.4841085524;0.7068054513;0.0062539398;0.0071811132;-0.7073438865;2093;1620231243.025127249;2093
1620231243.0186400414;0.0199647879;-1.4779215599;0.1673749516;0.7265969546;-0.0127753862;0.0068542339;0.6869109655;1620231243.0101609230;-0.0537412565;5.2450636597;1.4841125983;0.7068023085;0.0062506767;0.0071808830;-0.7073470581;2094;1620231243.051098633;2094
1620231243.0268099308;0.0199794780;-1.4779280565;0.1674027330;0.7266151836;-0.0128279645;0.0068050949;0.6868911915;1620231243.0186679363;-0.0537373952;5.2450592972;1.4841139188;0.7068066992;0.0062500249;0.0071725153;-0.7073427615;2094;1620231243.051098633;2094
1620231243.0782430172;0.0200174851;-1.4779313875;0.1673939834;0.7266044806;-0.0128890534;0.0067613511;0.6869018017;1620231243.0268230438;-0.0537180276;5.2450690055;1.4841121742;0.7068040289;0.0062535517;0.0071765899;-0.7073453572;2097;1620231243.154984065;2097
1620231243.1592340469;0.0199763061;-1.4779069097;0.1673811239;0.7265928471;-0.0128040919;0.0068212028;0.6869151046;1620231243.0782780647;-0.0537325427;5.2450640406;1.4841068980;0.7068082002;0.0062505616;0.0071783124;-0.7073411980;2098;1620231243.206926745;2098
1620231243.1759119034;0.0199943079;-1.4779252309;0.1674015049;0.7265986629;-0.0129153496;0.0067853082;0.6869072255;1620231243.1592559814;-0.0537542052;5.2450769883;1.4841182326;0.7068064801;0.0062472600;0.0071767808;-0.7073429615;2098;1620231243.206926745;2098
1620231243.2259559631;0.0199862213;-1.4779104701;0.1673799918;0.7266365364;-0.0128236661;0.0068309315;0.6868684270;1620231243.1759428978;-0.0537599845;5.2450726025;1.4841125052;0.7068077448;0.0062509775;0.0071802595;-0.7073416297;2101;1620231243.310812233;2101
1620231243.3093600273;0.0200377314;-1.4779244448;0.1674001065;0.7266514951;-0.0129202986;0.0067170997;0.6868519135;1620231243.2259941101;-0.0537635095;5.2450785043;1.4841126405;0.7068075169;0.0062540953;0.0071875001;-0.7073417563;2102;1620231243.336783537;2102
1620231243.3175311089;0.0200190064;-1.4779335686;0.1673998391;0.7266381480;-0.0129143630;0.0067630152;0.6868656949;1620231243.3093891144;-0.0537304546;5.2450563641;1.4841061499;0.7068037720;0.0062349536;0.0071634839;-0.7073459109;2102;1620231243.336783537;2102
1620231243.3259060383;0.0200086664;-1.4779314773;0.1674101721;0.7266657704;-0.0128582610;0.0067779195;0.6868373774;1620231243.3175408840;-0.0537351640;5.2450702834;1.4841059463;0.7068081960;0.0062563174;0.0071805396;-0.7073411288;2102;1620231243.336783537;2102
1620231243.4611630440;0.0200089005;-1.4779111783;0.1674021515;0.7266034023;-0.0128660046;0.0067623583;0.6869033645;1620231243.3259410858;-0.0537568394;5.2450643401;1.4841145854;0.7068041138;0.0062409704;0.0071706908;-0.7073454434;2106;1620231243.492611937;2106
1620231243.4766581059;0.0199922768;-1.4779046012;0.1674024369;0.7265706183;-0.0129012257;0.0067588194;0.6869374159;1620231243.4611759186;-0.0537590348;5.2450750336;1.4841122723;0.7068084453;0.0062547402;0.0071826320;-0.7073408723;2106;1620231243.492611937;2106
1620231243.4842870235;0.0199625599;-1.4778866489;0.1673893613;0.7265707673;-0.0128018560;0.0068114622;0.6869385973;1620231243.4766829014;-0.0537609582;5.2450682301;1.4841130276;0.7068083676;0.0062499698;0.0071772310;-0.7073410470;2106;1620231243.492611937;2106
1620231243.6094989777;0.0199448782;-1.4778942458;0.1673847303;0.7265766058;-0.0126672723;0.0068543072;0.6869344908;1620231243.4843029976;-0.0537542152;5.2450707845;1.4841110720;0.7068084312;0.0062521515;0.0071762342;-0.7073409742;2110;1620231243.648439753;2110
