cam_ids:
- 18584898
cam_aliases:
- cam0
master_cam: 18584898
skip: 10
delay: 1.0

# Assign all the follwing via launch file to prevent confusion and conflict

#save_path: ~/projects/data
#save_type: .bmp #binary or .tiff or .bmp
#binning: 1 # going from 2 to 1 requires cameras to be unplugged and replugged
#color: false
#frames: 50
#soft_framerate: 20 # this frame rate reflects to the software frame rate set using ros::rate
#exp: 997
#to_ros: true  #When to_ros is not selected, but live is selected, pressing 'space' exports single image to ROS

#Camera info message details
distortion_model: plumb_bob
image_height: 1536
image_width: 2048
distortion_coeffs:
- [ -2.3646638455924696e-01, 1.8538700606070738e-01, -1.4635424579430090e-03, 3.6616013209817078e-03, -8.9736280250555356e-02]


#specified as [fx  0 cx 0 fy cy 0  0  1]
intrinsic_coeffs:
- [2.1742285497994644e+03 ,0.0, 1.0585124352335515e+03, 0.0, 2.1834371437552527e+03, 8.3380515034517452e+02, 0.0, 0.0, 1.0]

rectification_coeffs:
- [1.000000, 0.000000, 0.000000, 0.000000, 1.000000, 0.000000, 0.000000, 0.000000, 1.000000]

projection_coeffs:
- [913.700317, 0.000000, 953.448302, 0.000000, 0.000000, 1063.296631, 777.871993, 0.000000, 0.000000, 0.000000, 1.000000, 0.000000]

flip_horizontal:
- false

flip_vertical:
- false

region_of_interest:
  width: 0
  height: 0
  x_offset: 0
  y_offset: 0
