cam_ids:
- 18584898
cam_aliases:
- cam0
master_cam: 18584898
skip: 10
delay: 1.0

# Assign all the follwing via launch file to prevent confusion and conflict

#save_path: ~/projects/data
#save_type: .bmp #binary or .tiff or .bmp
#binning: 1 # going from 2 to 1 requires cameras to be unplugged and replugged
#color: false
#frames: 50
#soft_framerate: 20 # this frame rate reflects to the software frame rate set using ros::rate
#exp: 997
#to_ros: true  #When to_ros is not selected, but live is selected, pressing 'space' exports single image to ROS

#Camera info message details
distortion_model: plumb_bob
image_height: 1536
image_width: 2048
#k1 k2 p1 p2 k3
distortion_coeffs:
- [ -0.240537610779083, 0.230409642391842, -0.103732395821058e-03, 0.163870021052567e-3, -0.111811529174325]


#specified as [fx  0 cx ; 0 fy cy ; 0  0  1]
intrinsic_coeffs:
- [2.306271239869685e+03 ,0.000625660686505e+3, 1.036064556028612e+03, 0.0, 2.306233828259955e+03, 0.797775219290470e+03, 0.0, 0.0, 1.0]

rectification_coeffs:
- [1.000000, 0.000000, 0.000000, 0.000000, 1.000000, 0.000000, 0.000000, 0.000000, 1.000000]

projection_coeffs:
- [913.700317, 0.000000, 953.448302, 0.000000, 0.000000, 1063.296631, 777.871993, 0.000000, 0.000000, 0.000000, 1.000000, 0.000000]

flip_horizontal:
- false

flip_vertical:
- false

region_of_interest:
  width: 0
  height: 0
  x_offset: 0
  y_offset: 0
